1 0 100
0 1 98
2 1 83
1 2 85
3 2 65
2 3 82
4 3 91
3 4 94
5 4 100
4 5 100
2 5 97
5 2 79
4 5 85
5 4 86
5 5 100
5 5 100
2 6 73
6 2 75
4 6 100
6 4 100
4 6 94
6 4 89
0 7 98
7 0 98
2 7 80
7 2 82
5 7 89
7 5 78
3 8 100
8 3 100
3 8 94
8 3 90
5 8 93
8 5 89
7 9 86
9 7 97
5 9 95
9 5 87
2 9 80
9 2 77
2 10 87
10 2 84
5 10 92
10 5 90
0 10 92
10 0 99
2 11 83
11 2 93
9 11 93
11 9 97
6 11 88
11 6 86
2 12 84
12 2 70
5 12 88
12 5 94
6 12 86
12 6 89
4 13 91
13 4 96
12 13 96
13 12 100
1 13 97
13 1 96
1 14 96
14 1 96
2 14 77
14 2 87
9 14 95
14 9 90
9 15 97
15 9 100
3 15 97
15 3 100
2 15 85
15 2 94
3 16 98
16 3 100
4 16 93
16 4 96
2 16 92
16 2 100
2 17 94
17 2 83
10 17 96
17 10 95
11 17 100
17 11 96
1 18 95
18 1 95
2 18 64
18 2 64
3 18 83
18 3 86
1 19 95
19 1 100
2 19 96
19 2 100
8 19 100
19 8 100
4 20 91
20 4 100
9 20 100
20 9 98
10 20 100
20 10 100
0 21 97
21 0 97
14 21 96
21 14 100
16 21 95
21 16 100
3 22 93
22 3 95
0 22 89
22 0 91
1 22 97
22 1 80
22 23 86
23 22 90
12 23 99
23 12 100
4 23 88
23 4 95
10 24 100
24 10 100
2 24 95
24 2 85
4 24 100
24 4 100
1 25 86
25 1 99
9 25 88
25 9 94
16 25 95
25 16 100
3 26 100
26 3 98
2 26 93
26 2 93
16 26 100
26 16 97
14 27 95
27 14 94
6 27 86
27 6 87
27 27 100
27 27 100
12 28 91
28 12 94
2 28 87
28 2 90
19 28 96
28 19 87
2 29 88
29 2 91
12 29 100
29 12 97
27 29 89
29 27 98
2 30 78
30 2 95
4 30 96
30 4 100
1 30 94
30 1 82
0 31 98
31 0 100
2 31 74
31 2 95
9 31 91
31 9 99
16 32 100
32 16 96
22 32 96
32 22 95
19 32 98
32 19 100
4 33 95
33 4 96
5 33 100
33 5 100
12 33 100
33 12 90
2 34 100
34 2 100
29 34 91
34 29 100
2 34 83
34 2 75
25 35 100
35 25 100
9 35 90
35 9 87
6 35 97
35 6 92
29 36 93
36 29 97
3 36 89
36 3 96
2 36 94
36 2 90
20 37 100
37 20 100
9 37 95
37 9 92
22 37 95
37 22 98
1 38 88
38 1 100
6 38 83
38 6 90
15 38 83
38 15 96
4 39 91
39 4 84
29 39 99
39 29 96
21 39 100
39 21 100
12 40 100
40 12 100
14 40 100
40 14 100
0 40 96
40 0 94
9 41 89
41 9 89
3 41 97
41 3 96
32 41 100
41 32 100
14 42 91
42 14 100
18 42 97
42 18 90
2 42 84
42 2 83
27 43 92
43 27 95
38 43 93
43 38 92
1 43 97
43 1 94
36 44 100
44 36 100
44 44 100
44 44 100
6 44 88
44 6 85
30 45 100
45 30 100
45 45 100
45 45 100
9 45 80
45 9 97
2 46 86
46 2 86
34 46 100
46 34 100
42 46 97
46 42 100
39 47 95
47 39 95
12 47 97
47 12 92
31 47 100
47 31 100
5 48 97
48 5 85
42 48 98
48 42 97
8 48 100
48 8 100
37 49 100
49 37 100
9 49 90
49 9 96
5 49 85
49 5 96
11 50 99
50 11 100
29 50 97
50 29 95
14 50 99
50 14 96
2 51 95
51 2 96
16 51 98
51 16 100
49 51 100
51 49 100
22 52 95
52 22 100
6 52 94
52 6 79
37 52 95
52 37 96
2 53 100
53 2 100
19 53 95
53 19 100
2 53 78
53 2 69
2 54 72
54 2 88
29 54 99
54 29 91
30 54 98
54 30 100
6 55 89
55 6 96
9 55 97
55 9 97
12 55 100
55 12 100
12 56 100
56 12 95
35 56 100
56 35 100
41 56 100
56 41 98
2 57 88
57 2 90
40 57 95
57 40 98
38 57 93
57 38 98
13 58 100
58 13 100
18 58 96
58 18 95
43 58 96
58 43 92
12 59 91
59 12 100
16 59 93
59 16 97
35 59 94
59 35 97
52 60 100
60 52 96
3 60 99
60 3 91
35 60 98
60 35 99
3 61 96
61 3 90
26 61 100
61 26 98
30 61 96
61 30 99
6 62 92
62 6 96
2 62 94
62 2 94
19 62 100
62 19 98
7 63 97
63 7 100
20 63 94
63 20 100
61 63 100
63 61 97
45 64 98
64 45 100
41 64 93
64 41 100
3 64 84
64 3 87
35 65 100
65 35 94
32 65 100
65 32 100
10 65 94
65 10 100
42 66 96
66 42 94
55 66 89
66 55 100
23 66 95
66 23 90
9 67 89
67 9 96
2 67 81
67 2 80
11 67 94
67 11 100
7 68 96
68 7 93
61 68 89
68 61 100
2 68 85
68 2 79
5 69 100
69 5 98
4 69 89
69 4 100
36 69 99
69 36 91
39 70 97
70 39 97
3 70 100
70 3 100
2 70 88
70 2 85
9 71 100
71 9 97
2 71 99
71 2 82
19 71 100
71 19 100
5 72 95
72 5 100
2 72 100
72 2 100
2 72 82
72 2 95
11 73 96
73 11 100
5 73 76
73 5 82
12 73 92
73 12 97
5 74 94
74 5 86
15 74 98
74 15 95
42 74 95
74 42 97
44 75 100
75 44 98
3 75 98
75 3 97
18 75 100
75 18 99
17 76 100
76 17 100
21 76 88
76 21 95
28 76 95
76 28 93
12 77 95
77 12 100
39 77 95
77 39 98
5 77 82
77 5 98
66 78 95
78 66 100
65 78 95
78 65 100
3 78 94
78 3 91
2 79 88
79 2 89
15 79 94
79 15 95
36 79 95
79 36 100
45 80 93
80 45 90
11 80 99
80 11 93
29 80 97
80 29 91
47 81 100
81 47 92
39 81 93
81 39 97
5 81 87
81 5 80
18 82 97
82 18 100
49 82 98
82 49 97
2 82 96
82 2 91
2 83 80
83 2 77
39 83 98
83 39 93
18 83 93
83 18 91
32 84 100
84 32 100
45 84 100
84 45 97
10 84 98
84 10 99
1 85 95
85 1 100
14 85 90
85 14 94
47 85 97
85 47 100
44 86 94
86 44 98
75 86 100
86 75 100
78 86 99
86 78 93
5 87 96
87 5 86
85 87 100
87 85 95
22 87 85
87 22 92
48 88 99
88 48 100
86 88 100
88 86 95
33 88 100
88 33 94
6 89 85
89 6 94
41 89 100
89 41 100
28 89 88
89 28 100
30 90 95
90 30 100
62 90 99
90 62 100
5 90 100
90 5 97
2 91 86
91 2 87
54 91 93
91 54 96
3 91 88
91 3 92
60 92 98
92 60 98
12 92 96
92 12 82
25 92 100
92 25 96
73 93 93
93 73 96
83 93 96
93 83 98
34 93 96
93 34 93
63 94 99
94 63 96
77 94 94
94 77 100
12 94 88
94 12 93
70 95 100
95 70 100
20 95 94
95 20 97
2 95 73
95 2 90
2 96 91
96 2 98
5 96 96
96 5 96
19 96 98
96 19 96
20 97 93
97 20 100
81 97 97
97 81 90
2 97 96
97 2 96
4 98 100
98 4 90
7 98 97
98 7 97
11 98 92
98 11 95
30 99 97
99 30 100
64 99 100
99 64 99
9 99 99
99 9 99
36 100 96
100 36 98
49 100 97
100 49 97
63 100 100
100 63 92
2 101 100
101 2 100
52 101 100
101 52 100
2 101 86
101 2 99
57 102 90
102 57 100
72 102 97
102 72 100
80 102 93
102 80 93
1 103 93
103 1 98
88 103 100
103 88 91
46 103 99
103 46 95
1 104 97
104 1 96
2 104 89
104 2 80
77 104 100
104 77 93
2 105 87
105 2 85
3 105 97
105 3 93
14 105 91
105 14 95
5 106 97
106 5 100
0 106 100
106 0 100
85 106 100
106 85 97
1 107 91
107 1 96
14 107 96
107 14 100
53 107 90
107 53 96
39 108 100
108 39 100
86 108 100
108 86 100
1 108 84
108 1 100
107 109 100
109 107 100
2 109 86
109 2 80
1 109 91
109 1 96
6 110 87
110 6 91
29 110 92
110 29 100
37 110 96
110 37 99
88 111 100
111 88 96
2 111 89
111 2 87
14 111 94
111 14 100
20 112 100
112 20 100
49 112 95
112 49 100
63 112 96
112 63 100
18 113 95
113 18 99
103 113 83
113 103 94
0 113 98
113 0 95
101 114 100
114 101 100
5 114 94
114 5 100
7 114 100
114 7 94
32 115 96
115 32 100
2 115 96
115 2 100
3 115 100
115 3 92
12 116 98
116 12 100
80 116 98
116 80 100
14 116 92
116 14 94
14 117 95
117 14 95
87 117 100
117 87 92
2 117 99
117 2 76
80 118 97
118 80 96
11 118 92
118 11 99
95 118 86
118 95 80
2 119 83
119 2 90
22 119 95
119 22 100
36 119 100
119 36 95
42 120 98
120 42 95
1 120 91
120 1 93
86 120 100
120 86 97
2 121 91
121 2 100
3 121 100
121 3 97
10 121 97
121 10 98
3 122 100
122 3 100
21 122 96
122 21 100
22 122 96
122 22 95
38 123 95
123 38 100
14 123 88
123 14 100
1 123 81
123 1 96
35 124 97
124 35 96
113 124 100
124 113 100
1 124 91
124 1 92
17 125 100
125 17 97
85 125 96
125 85 97
83 125 98
125 83 95
6 126 97
126 6 90
30 126 100
126 30 100
90 126 95
126 90 100
54 127 100
127 54 100
0 127 93
127 0 100
73 127 98
127 73 100
0 128 98
128 0 92
4 128 98
128 4 98
2 128 95
128 2 74
81 129 91
129 81 95
94 129 95
129 94 98
3 129 93
129 3 100
19 130 100
130 19 100
53 130 100
130 53 98
2 130 96
130 2 87
89 131 94
131 89 100
96 131 100
131 96 99
70 131 100
131 70 95
117 132 100
132 117 100
2 132 100
132 2 96
7 132 100
132 7 85
18 133 98
133 18 100
8 133 100
133 8 98
2 133 92
133 2 79
0 134 97
134 0 100
36 134 95
134 36 98
71 134 100
134 71 100
0 135 97
135 0 92
84 135 100
135 84 91
117 135 94
135 117 87
63 136 100
136 63 99
10 136 87
136 10 92
6 136 82
136 6 84
2 137 90
137 2 83
126 137 100
137 126 100
5 137 96
137 5 97
1 138 97
138 1 93
28 138 90
138 28 96
102 138 98
138 102 95
38 139 92
139 38 98
124 139 94
139 124 100
19 139 98
139 19 99
56 140 98
140 56 100
63 140 92
140 63 99
25 140 90
140 25 93
114 141 95
141 114 95
1 141 100
141 1 100
1 141 93
141 1 86
132 142 95
142 132 100
0 142 98
142 0 91
141 142 100
142 141 100
24 143 100
143 24 100
4 143 91
143 4 96
30 143 100
143 30 94
10 144 99
144 10 95
78 144 100
144 78 95
0 144 93
144 0 100
102 145 100
145 102 94
17 145 100
145 17 97
68 145 92
145 68 93
23 146 91
146 23 97
41 146 95
146 41 96
12 146 97
146 12 89
34 147 95
147 34 100
78 147 97
147 78 100
89 147 96
147 89 95
142 148 89
148 142 100
146 148 90
148 146 98
19 148 100
148 19 94
30 149 94
149 30 100
6 149 89
149 6 100
16 149 96
149 16 95
16 150 95
150 16 100
2 150 83
150 2 84
147 150 100
150 147 100
125 151 98
151 125 95
2 151 68
151 2 95
7 151 85
151 7 99
6 152 92
152 6 94
75 152 97
152 75 100
80 152 97
152 80 93
151 153 92
153 151 95
0 153 99
153 0 99
2 153 82
153 2 90
2 154 90
154 2 87
9 154 100
154 9 96
97 154 100
154 97 100
27 155 90
155 27 100
76 155 100
155 76 95
9 155 91
155 9 94
46 156 100
156 46 100
104 156 98
156 104 98
105 156 96
156 105 91
18 157 92
157 18 95
46 157 98
157 46 100
140 157 85
157 140 95
5 158 79
158 5 88
60 158 100
158 60 100
138 158 95
158 138 100
0 159 96
159 0 93
14 159 94
159 14 89
24 159 89
159 24 96
1 160 97
160 1 94
23 160 94
160 23 100
26 160 93
160 26 96
1 161 100
161 1 100
3 161 100
161 3 100
2 161 91
161 2 97
89 162 100
162 89 100
42 162 93
162 42 96
97 162 98
162 97 100
36 163 93
163 36 98
41 163 93
163 41 93
1 163 99
163 1 93
2 164 100
164 2 100
71 164 100
164 71 100
2 164 99
164 2 88
42 165 97
165 42 98
6 165 89
165 6 97
84 165 95
165 84 100
27 166 96
166 27 96
57 166 99
166 57 100
41 166 99
166 41 97
5 167 95
167 5 92
95 167 97
167 95 100
15 167 97
167 15 94
103 168 89
168 103 100
5 168 100
168 5 97
6 168 98
168 6 79
45 169 92
169 45 100
38 169 100
169 38 99
41 169 100
169 41 92
38 170 90
170 38 99
22 170 87
170 22 95
81 170 98
170 81 93
2 171 85
171 2 96
45 171 99
171 45 100
8 171 96
171 8 95
89 172 100
172 89 95
10 172 91
172 10 100
53 172 95
172 53 89
30 173 90
173 30 95
13 173 96
173 13 96
148 173 95
173 148 100
132 174 100
174 132 100
21 174 100
174 21 93
23 174 90
174 23 87
0 175 96
175 0 100
2 175 100
175 2 97
14 175 93
175 14 96
1 176 100
176 1 91
2 176 100
176 2 90
10 176 100
176 10 100
5 177 94
177 5 93
23 177 96
177 23 100
47 177 100
177 47 100
6 178 96
178 6 99
2 178 90
178 2 87
126 178 98
178 126 95
41 179 91
179 41 100
78 179 95
179 78 99
101 179 97
179 101 99
9 180 96
180 9 95
14 180 100
180 14 96
5 180 96
180 5 86
4 181 90
181 4 91
5 181 86
181 5 100
1 181 89
181 1 84
137 182 96
182 137 100
5 182 96
182 5 93
116 182 95
182 116 100
74 183 100
183 74 99
104 183 100
183 104 100
2 183 88
183 2 90
7 184 94
184 7 90
22 184 98
184 22 95
89 184 96
184 89 96
4 185 95
185 4 93
75 185 98
185 75 98
74 185 96
185 74 95
141 186 100
186 141 99
68 186 97
186 68 100
85 186 99
186 85 100
180 187 97
187 180 99
11 187 100
187 11 96
9 187 92
187 9 93
151 188 91
188 151 97
5 188 91
188 5 100
89 188 95
188 89 99
86 189 100
189 86 100
162 189 99
189 162 100
20 189 100
189 20 92
181 190 95
190 181 98
53 190 96
190 53 100
119 190 97
190 119 93
16 191 100
191 16 100
11 191 100
191 11 92
60 191 99
191 60 96
63 192 89
192 63 95
162 192 100
192 162 96
187 192 96
192 187 90
2 193 83
193 2 86
41 193 97
193 41 95
48 193 100
193 48 100
2 194 94
194 2 96
103 194 93
194 103 96
99 194 100
194 99 91
137 195 92
195 137 93
35 195 95
195 35 100
114 195 95
195 114 100
188 196 95
196 188 100
18 196 91
196 18 96
39 196 100
196 39 94
2 197 95
197 2 78
47 197 86
197 47 95
165 197 88
197 165 100
0 198 100
198 0 97
12 198 91
198 12 100
152 198 97
198 152 98
49 199 100
199 49 100
2 199 98
199 2 94
11 199 99
199 11 100
89 200 95
200 89 97
46 200 96
200 46 96
23 200 97
200 23 93
52 201 96
201 52 95
188 201 89
201 188 100
81 201 90
201 81 82
25 202 95
202 25 100
46 202 100
202 46 96
52 202 88
202 52 94
28 203 95
203 28 100
187 203 95
203 187 100
111 203 99
203 111 95
11 204 99
204 11 100
16 204 100
204 16 100
42 204 92
204 42 83
9 205 97
205 9 92
79 205 94
205 79 100
203 205 100
205 203 100
188 206 99
206 188 100
166 206 98
206 166 97
184 206 100
206 184 92
4 207 88
207 4 77
43 207 82
207 43 98
12 207 94
207 12 91
2 208 85
208 2 87
46 208 100
208 46 100
134 208 95
208 134 94
2 209 77
209 2 94
66 209 94
209 66 96
3 209 95
209 3 82
3 210 77
210 3 95
25 210 96
210 25 99
41 210 97
210 41 100
42 211 95
211 42 98
109 211 93
211 109 100
132 211 100
211 132 96
34 212 98
212 34 97
1 212 92
212 1 94
48 212 100
212 48 100
5 213 87
213 5 86
139 213 100
213 139 93
142 213 99
213 142 100
8 214 100
214 8 95
46 214 98
214 46 99
14 214 95
214 14 88
110 215 100
215 110 100
2 215 86
215 2 80
18 215 100
215 18 92
19 216 100
216 19 100
42 216 99
216 42 100
43 216 96
216 43 97
2 217 97
217 2 96
7 217 100
217 7 100
7 217 96
217 7 96
22 218 100
218 22 88
131 218 96
218 131 100
166 218 91
218 166 99
136 219 100
219 136 100
2 219 97
219 2 95
4 219 94
219 4 95
2 220 87
220 2 92
52 220 95
220 52 90
143 220 97
220 143 100
86 221 95
221 86 100
76 221 100
221 76 96
80 221 98
221 80 95
209 222 95
222 209 95
7 222 89
222 7 94
25 222 97
222 25 99
171 223 100
223 171 97
2 223 90
223 2 97
81 223 100
223 81 100
12 224 100
224 12 95
5 224 88
224 5 91
18 224 95
224 18 89
42 225 99
225 42 100
188 225 96
225 188 98
16 225 100
225 16 92
5 226 89
226 5 84
17 226 100
226 17 90
179 226 93
226 179 99
106 227 95
227 106 100
4 227 97
227 4 90
13 227 100
227 13 100
2 228 92
228 2 98
133 228 100
228 133 100
54 228 100
228 54 100
157 229 90
229 157 100
215 229 98
229 215 96
24 229 100
229 24 91
8 230 93
230 8 100
68 230 100
230 68 98
27 230 98
230 27 96
162 231 100
231 162 94
222 231 89
231 222 100
22 231 94
231 22 84
84 232 100
232 84 95
89 232 97
232 89 100
2 232 87
232 2 89
124 233 94
233 124 100
135 233 98
233 135 96
5 233 93
233 5 89
147 234 100
234 147 90
2 234 87
234 2 96
12 234 94
234 12 100
36 235 100
235 36 100
107 235 94
235 107 100
133 235 96
235 133 100
35 236 100
236 35 97
120 236 99
236 120 100
2 236 100
236 2 99
71 237 100
237 71 100
113 237 100
237 113 100
0 237 100
237 0 95
227 238 100
238 227 99
36 238 94
238 36 87
136 238 92
238 136 88
2 239 100
239 2 100
9 239 93
239 9 100
2 239 97
239 2 83
2 240 82
240 2 97
107 240 100
240 107 96
11 240 95
240 11 98
33 241 100
241 33 99
145 241 96
241 145 100
204 241 99
241 204 96
5 242 92
242 5 95
122 242 100
242 122 100
81 242 96
242 81 98
23 243 93
243 23 99
36 243 90
243 36 94
55 243 99
243 55 93
87 244 96
244 87 95
207 244 97
244 207 100
215 244 97
244 215 89
25 245 95
245 25 95
12 245 92
245 12 90
39 245 100
245 39 99
124 246 100
246 124 95
233 246 100
246 233 100
207 246 93
246 207 98
44 247 93
247 44 91
150 247 100
247 150 100
157 247 91
247 157 96
3 248 87
248 3 88
124 248 95
248 124 100
49 248 92
248 49 100
115 249 99
249 115 100
146 249 97
249 146 100
225 249 96
249 225 100
6 250 94
250 6 100
7 250 87
250 7 93
3 250 99
250 3 92
64 251 99
251 64 100
66 251 96
251 66 91
83 251 89
251 83 90
42 252 97
252 42 96
208 252 98
252 208 94
47 252 97
252 47 95
24 253 96
253 24 87
210 253 94
253 210 100
23 253 94
253 23 96
2 254 100
254 2 100
89 254 96
254 89 100
2 254 74
254 2 76
57 255 100
255 57 99
250 255 96
255 250 100
81 255 92
255 81 98
10 256 96
256 10 90
74 256 91
256 74 93
9 256 100
256 9 81
25 257 99
257 25 100
207 257 100
257 207 100
53 257 95
257 53 82
14 258 92
258 14 97
221 258 98
258 221 100
0 258 92
258 0 92
2 259 81
259 2 84
4 259 90
259 4 85
186 259 97
259 186 100
19 260 97
260 19 100
53 260 87
260 53 100
39 260 96
260 39 93
2 261 80
261 2 86
132 261 100
261 132 99
171 261 100
261 171 100
9 262 99
262 9 92
10 262 100
262 10 100
5 262 94
262 5 97
11 263 94
263 11 100
2 263 93
263 2 91
39 263 99
263 39 95
47 264 90
264 47 100
4 264 85
264 4 90
134 264 97
264 134 96
225 265 96
265 225 100
9 265 100
265 9 100
9 265 100
265 9 83
101 266 96
266 101 96
18 266 95
266 18 93
3 266 91
266 3 92
0 267 99
267 0 97
3 267 95
267 3 93
63 267 97
267 63 97
53 268 100
268 53 100
67 268 94
268 67 100
62 268 97
268 62 91
95 269 94
269 95 95
75 269 96
269 75 95
36 269 93
269 36 97
157 270 100
270 157 95
219 270 95
270 219 100
38 270 97
270 38 95
7 271 84
271 7 100
181 271 91
271 181 100
6 271 100
271 6 74
45 272 94
272 45 98
144 272 93
272 144 100
34 272 90
272 34 92
16 273 94
273 16 100
169 273 96
273 169 95
18 273 87
273 18 97
70 274 87
274 70 97
166 274 100
274 166 95
85 274 94
274 85 99
3 275 92
275 3 86
39 275 92
275 39 90
251 275 100
275 251 97
94 276 92
276 94 100
110 276 98
276 110 95
159 276 97
276 159 99
160 277 97
277 160 100
26 277 100
277 26 97
42 277 92
277 42 95
14 278 100
278 14 90
35 278 100
278 35 92
66 278 96
278 66 97
0 279 99
279 0 100
223 279 100
279 223 100
117 279 100
279 117 93
9 280 91
280 9 98
45 280 95
280 45 96
36 280 96
280 36 92
169 281 98
281 169 97
1 281 98
281 1 98
154 281 100
281 154 100
126 282 100
282 126 100
181 282 90
282 181 87
63 282 95
282 63 96
12 283 100
283 12 100
96 283 100
283 96 100
2 283 95
283 2 98
35 284 92
284 35 95
2 284 88
284 2 85
103 284 100
284 103 88
259 285 94
285 259 92
253 285 98
285 253 100
130 285 100
285 130 89
12 286 91
286 12 100
212 286 99
286 212 99
2 286 93
286 2 85
156 287 99
287 156 100
249 287 96
287 249 94
7 287 86
287 7 91
233 288 89
288 233 100
7 288 98
288 7 78
17 288 99
288 17 91
2 289 86
289 2 90
43 289 99
289 43 100
54 289 100
289 54 97
50 290 99
290 50 96
134 290 97
290 134 100
286 290 95
290 286 91
109 291 96
291 109 100
165 291 100
291 165 96
79 291 95
291 79 100
3 292 90
292 3 95
261 292 95
292 261 100
264 292 88
292 264 100
203 293 96
293 203 100
42 293 95
293 42 100
83 293 84
293 83 96
97 294 100
294 97 100
170 294 91
294 170 100
151 294 81
294 151 93
134 295 89
295 134 100
1 295 97
295 1 93
111 295 90
295 111 99
7 296 100
296 7 100
119 296 100
296 119 100
3 296 95
296 3 95
0 297 96
297 0 100
10 297 90
297 10 89
104 297 95
297 104 89
7 298 95
298 7 99
9 298 83
298 9 91
94 298 93
298 94 87
8 299 100
299 8 95
4 299 97
299 4 100
10 299 92
299 10 89
162 300 97
300 162 100
53 300 95
300 53 100
5 300 83
300 5 93
34 301 100
301 34 100
107 301 90
301 107 97
136 301 96
301 136 95
170 302 97
302 170 95
149 302 95
302 149 100
6 302 93
302 6 91
24 303 94
303 24 96
169 303 95
303 169 95
6 303 88
303 6 87
118 304 97
304 118 100
251 304 100
304 251 97
265 304 100
304 265 100
177 305 95
305 177 100
74 305 100
305 74 100
153 305 100
305 153 100
62 306 100
306 62 100
5 306 92
306 5 95
104 306 92
306 104 100
248 307 86
307 248 100
73 307 90
307 73 95
23 307 97
307 23 85
232 308 98
308 232 100
163 308 100
308 163 100
7 308 97
308 7 87
50 309 100
309 50 100
9 309 100
309 9 98
158 309 100
309 158 100
0 310 93
310 0 96
212 310 95
310 212 100
2 310 88
310 2 75
131 311 99
311 131 100
26 311 98
311 26 100
77 311 93
311 77 97
115 312 100
312 115 96
6 312 97
312 6 87
117 312 98
312 117 88
306 313 100
313 306 100
103 313 99
313 103 100
54 313 92
313 54 80
81 314 100
314 81 87
74 314 92
314 74 100
153 314 91
314 153 94
6 315 92
315 6 97
9 315 94
315 9 94
146 315 90
315 146 94
140 316 100
316 140 95
220 316 100
316 220 98
85 316 90
316 85 100
135 317 99
317 135 95
201 317 100
317 201 100
39 317 93
317 39 100
279 318 96
318 279 97
67 318 82
318 67 98
142 318 100
318 142 99
122 319 93
319 122 100
2 319 93
319 2 86
76 319 93
319 76 100
260 320 94
320 260 100
18 320 85
320 18 95
25 320 96
320 25 99
259 321 97
321 259 98
50 321 98
321 50 100
2 321 89
321 2 98
233 322 100
322 233 95
175 322 100
322 175 100
254 322 95
322 254 92
8 323 94
323 8 100
157 323 100
323 157 100
140 323 97
323 140 99
114 324 96
324 114 100
75 324 95
324 75 94
320 324 93
324 320 99
6 325 93
325 6 95
12 325 100
325 12 95
28 325 96
325 28 100
107 326 93
326 107 100
63 326 97
326 63 99
125 326 94
326 125 100
68 327 86
327 68 96
202 327 99
327 202 100
0 327 100
327 0 92
5 328 94
328 5 86
41 328 95
328 41 95
279 328 90
328 279 93
35 329 97
329 35 98
46 329 97
329 46 100
14 329 100
329 14 92
14 330 92
330 14 95
66 330 100
330 66 98
159 330 98
330 159 100
225 331 99
331 225 99
138 331 100
331 138 97
31 331 84
331 31 100
281 332 99
332 281 100
86 332 100
332 86 95
48 332 97
332 48 89
9 333 92
333 9 99
28 333 100
333 28 94
48 333 99
333 48 96
216 334 100
334 216 100
238 334 96
334 238 100
71 334 99
334 71 83
10 335 96
335 10 100
29 335 100
335 29 100
4 335 98
335 4 83
146 336 100
336 146 91
18 336 91
336 18 87
226 336 90
336 226 90
102 337 91
337 102 100
135 337 98
337 135 98
260 337 95
337 260 93
204 338 100
338 204 95
113 338 96
338 113 96
163 338 86
338 163 96
64 339 86
339 64 99
104 339 98
339 104 88
22 339 89
339 22 84
73 340 95
340 73 100
148 340 95
340 148 100
159 340 100
340 159 93
2 341 93
341 2 90
26 341 100
341 26 100
247 341 98
341 247 100
3 342 96
342 3 92
6 342 91
342 6 99
2 342 69
342 2 66
187 343 100
343 187 97
2 343 79
343 2 99
6 343 100
343 6 95
331 344 97
344 331 100
18 344 100
344 18 90
0 344 92
344 0 92
15 345 98
345 15 100
86 345 97
345 86 97
7 345 96
345 7 96
309 346 95
346 309 100
42 346 92
346 42 94
166 346 98
346 166 88
42 347 100
347 42 97
168 347 100
347 168 98
74 347 98
347 74 96
3 348 96
348 3 100
125 348 100
348 125 90
2 348 77
348 2 83
14 349 93
349 14 95
128 349 100
349 128 91
264 349 100
349 264 97
23 350 93
350 23 100
86 350 97
350 86 99
8 350 100
350 8 90
110 351 92
351 110 100
323 351 100
351 323 97
12 351 92
351 12 98
287 352 98
352 287 97
22 352 87
352 22 94
103 352 98
352 103 91
2 353 75
353 2 85
63 353 97
353 63 100
316 353 95
353 316 83
123 354 86
354 123 100
41 354 100
354 41 100
80 354 100
354 80 89
7 355 100
355 7 100
142 355 100
355 142 100
2 355 90
355 2 92
344 356 100
356 344 99
286 356 99
356 286 100
289 356 95
356 289 90
36 357 93
357 36 92
25 357 100
357 25 100
147 357 100
357 147 100
2 358 98
358 2 97
48 358 99
358 48 97
62 358 100
358 62 100
5 359 95
359 5 99
79 359 95
359 79 96
296 359 100
359 296 100
2 360 81
360 2 89
176 360 100
360 176 91
225 360 95
360 225 96
344 361 92
361 344 100
7 361 100
361 7 92
42 361 98
361 42 97
6 362 89
362 6 94
39 362 100
362 39 98
64 362 94
362 64 95
211 363 97
363 211 100
6 363 91
363 6 86
68 363 92
363 68 88
3 364 90
364 3 96
49 364 95
364 49 100
11 364 95
364 11 89
50 365 98
365 50 100
2 365 88
365 2 95
103 365 100
365 103 94
150 366 89
366 150 96
187 366 100
366 187 100
262 366 100
366 262 96
2 367 100
367 2 100
343 367 100
367 343 100
2 367 88
367 2 79
170 368 98
368 170 100
67 368 100
368 67 98
6 368 98
368 6 96
36 369 98
369 36 92
214 369 96
369 214 99
9 369 93
369 9 82
25 370 92
370 25 100
102 370 85
370 102 100
209 370 93
370 209 94
346 371 92
371 346 95
290 371 100
371 290 100
165 371 88
371 165 93
336 372 91
372 336 100
86 372 100
372 86 100
146 372 100
372 146 100
10 373 97
373 10 94
42 373 95
373 42 100
2 373 93
373 2 89
3 374 100
374 3 98
269 374 100
374 269 100
23 374 96
374 23 99
6 375 86
375 6 90
77 375 95
375 77 97
250 375 100
375 250 91
11 376 96
376 11 99
209 376 93
376 209 100
110 376 94
376 110 99
251 377 100
377 251 100
6 377 92
377 6 98
67 377 100
377 67 91
29 378 95
378 29 99
215 378 99
378 215 95
342 378 89
378 342 98
207 379 91
379 207 100
213 379 100
379 213 100
208 379 100
379 208 91
9 380 94
380 9 97
371 380 100
380 371 100
112 380 97
380 112 100
76 381 95
381 76 97
36 381 92
381 36 95
246 381 99
381 246 97
270 382 100
382 270 100
316 382 100
382 316 98
142 382 100
382 142 93
32 383 98
383 32 100
2 383 95
383 2 81
106 383 100
383 106 91
345 384 92
384 345 94
23 384 92
384 23 85
85 384 81
384 85 94
95 385 89
385 95 100
184 385 98
385 184 94
369 385 94
385 369 85
251 386 100
386 251 100
3 386 91
386 3 98
6 386 92
386 6 89
91 387 97
387 91 96
38 387 97
387 38 100
339 387 95
387 339 89
22 388 95
388 22 99
98 388 100
388 98 95
49 388 99
388 49 100
7 389 91
389 7 96
160 389 100
389 160 100
163 389 100
389 163 96
23 390 94
390 23 93
142 390 98
390 142 98
276 390 100
390 276 100
34 391 100
391 34 100
4 391 90
391 4 100
11 391 97
391 11 89
8 392 95
392 8 96
32 392 95
392 32 96
179 392 96
392 179 96
73 393 95
393 73 91
111 393 93
393 111 88
390 393 91
393 390 100
227 394 84
394 227 100
68 394 100
394 68 95
2 394 83
394 2 67
5 395 95
395 5 99
181 395 100
395 181 96
351 395 96
395 351 100
78 396 97
396 78 100
68 396 100
396 68 100
95 396 91
396 95 99
36 397 95
397 36 100
101 397 100
397 101 100
34 397 100
397 34 93
23 398 95
398 23 100
163 398 97
398 163 95
7 398 96
398 7 81
173 399 100
399 173 100
3 399 94
399 3 92
27 399 98
399 27 95
325 400 100
400 325 95
344 400 96
400 344 96
378 400 100
400 378 100
18 401 95
401 18 100
6 401 92
401 6 92
22 401 100
401 22 91
17 402 87
402 17 100
83 402 100
402 83 94
5 402 92
402 5 93
2 403 100
403 2 100
280 403 96
403 280 100
2 403 77
403 2 92
100 404 95
404 100 96
206 404 98
404 206 96
272 404 98
404 272 100
158 405 96
405 158 100
14 405 86
405 14 82
52 405 98
405 52 88
58 406 100
406 58 96
103 406 100
406 103 91
45 406 100
406 45 100
34 407 95
407 34 100
94 407 100
407 94 97
109 407 99
407 109 90
79 408 100
408 79 100
2 408 94
408 2 99
23 408 97
408 23 95
166 409 94
409 166 96
174 409 100
409 174 95
133 409 97
409 133 86
366 410 100
410 366 100
390 410 95
410 390 100
11 410 91
410 11 100
240 411 99
411 240 100
4 411 94
411 4 91
356 411 100
411 356 98
2 412 78
412 2 95
395 412 100
412 395 97
151 412 100
412 151 100
19 413 95
413 19 97
367 413 96
413 367 94
87 413 96
413 87 95
281 414 99
414 281 100
187 414 97
414 187 97
27 414 97
414 27 94
215 415 100
415 215 100
18 415 97
415 18 100
59 415 100
415 59 97
57 416 98
416 57 97
245 416 100
416 245 99
35 416 100
416 35 98
151 417 90
417 151 99
135 417 100
417 135 94
43 417 95
417 43 90
91 418 95
418 91 92
326 418 90
418 326 100
22 418 94
418 22 91
160 419 100
419 160 100
254 419 91
419 254 100
125 419 100
419 125 99
2 420 86
420 2 80
237 420 91
420 237 100
406 420 92
420 406 91
235 421 100
421 235 100
343 421 90
421 343 100
153 421 97
421 153 95
7 422 96
422 7 100
91 422 100
422 91 96
2 422 87
422 2 83
122 423 100
423 122 100
4 423 88
423 4 97
357 423 100
423 357 92
45 424 97
424 45 98
83 424 94
424 83 86
347 424 98
424 347 94
237 425 100
425 237 100
309 425 99
425 309 100
5 425 90
425 5 74
2 426 83
426 2 78
148 426 95
426 148 95
209 426 100
426 209 90
2 427 95
427 2 89
186 427 100
427 186 98
49 427 96
427 49 97
153 428 95
428 153 93
73 428 100
428 73 100
12 428 80
428 12 98
184 429 95
429 184 97
42 429 86
429 42 87
309 429 98
429 309 100
28 430 92
430 28 82
307 430 95
430 307 100
344 430 99
430 344 92
204 431 99
431 204 97
113 431 93
431 113 98
316 431 94
431 316 97
3 432 98
432 3 90
84 432 100
432 84 100
143 432 97
432 143 95
18 433 87
433 18 92
120 433 98
433 120 95
338 433 92
433 338 100
96 434 94
434 96 95
4 434 87
434 4 97
375 434 100
434 375 92
291 435 90
435 291 100
2 435 95
435 2 90
95 435 100
435 95 96
58 436 92
436 58 100
156 436 100
436 156 95
352 436 98
436 352 98
349 437 99
437 349 96
94 437 87
437 94 100
342 437 87
437 342 78
14 438 97
438 14 95
259 438 89
438 259 92
140 438 97
438 140 99
140 439 93
439 140 97
171 439 91
439 171 100
12 439 99
439 12 84
42 440 100
440 42 96
232 440 96
440 232 96
285 440 96
440 285 100
394 441 95
441 394 89
404 441 94
441 404 100
89 441 100
441 89 100
2 442 90
442 2 86
402 442 99
442 402 95
54 442 100
442 54 100
23 443 82
443 23 97
3 443 100
443 3 95
18 443 93
443 18 91
271 444 100
444 271 96
79 444 100
444 79 100
215 444 98
444 215 91
5 445 100
445 5 90
13 445 97
445 13 100
4 445 98
445 4 96
2 446 89
446 2 86
110 446 91
446 110 100
343 446 100
446 343 100
2 447 92
447 2 71
132 447 100
447 132 100
22 447 90
447 22 95
53 448 94
448 53 90
330 448 98
448 330 100
210 448 84
448 210 93
159 449 93
449 159 89
382 449 94
449 382 100
114 449 95
449 114 94
221 450 91
450 221 100
446 450 95
450 446 95
81 450 98
450 81 90
81 451 92
451 81 91
373 451 94
451 373 97
268 451 100
451 268 96
55 452 100
452 55 96
95 452 94
452 95 100
392 452 98
452 392 97
52 453 100
453 52 96
53 453 100
453 53 94
139 453 97
453 139 100
75 454 100
454 75 100
19 454 92
454 19 100
106 454 100
454 106 100
329 455 100
455 329 100
81 455 89
455 81 99
146 455 100
455 146 97
17 456 97
456 17 96
18 456 100
456 18 78
375 456 97
456 375 96
5 457 100
457 5 86
259 457 93
457 259 100
29 457 93
457 29 93
42 458 99
458 42 93
215 458 87
458 215 99
7 458 93
458 7 90
255 459 95
459 255 100
38 459 95
459 38 96
168 459 100
459 168 93
52 460 96
460 52 95
213 460 100
460 213 100
309 460 100
460 309 93
213 461 96
461 213 92
458 461 94
461 458 95
398 461 95
461 398 95
20 462 97
462 20 100
104 462 98
462 104 93
247 462 90
462 247 90
388 463 99
463 388 100
42 463 87
463 42 92
259 463 94
463 259 88
35 464 95
464 35 96
113 464 94
464 113 94
251 464 94
464 251 95
109 465 92
465 109 100
443 465 96
465 443 100
398 465 100
465 398 94
149 466 95
466 149 100
354 466 93
466 354 100
4 466 100
466 4 79
11 467 95
467 11 100
83 467 96
467 83 96
242 467 100
467 242 100
2 468 93
468 2 92
5 468 100
468 5 97
63 468 93
468 63 93
389 469 100
469 389 95
95 469 95
469 95 97
279 469 98
469 279 96
28 470 93
470 28 83
98 470 96
470 98 100
301 470 91
470 301 100
438 471 99
471 438 99
336 471 96
471 336 99
27 471 94
471 27 87
237 472 100
472 237 95
74 472 93
472 74 93
386 472 94
472 386 95
105 473 88
473 105 98
327 473 97
473 327 100
224 473 100
473 224 87
34 474 99
474 34 100
339 474 95
474 339 100
390 474 100
474 390 94
109 475 93
475 109 91
188 475 100
475 188 85
448 475 95
475 448 98
250 476 100
476 250 99
6 476 86
476 6 100
9 476 95
476 9 95
14 477 96
477 14 93
343 477 95
477 343 96
18 477 90
477 18 95
16 478 91
478 16 100
348 478 94
478 348 92
297 478 95
478 297 98
88 479 98
479 88 95
123 479 95
479 123 100
9 479 89
479 9 81
91 480 100
480 91 100
73 480 98
480 73 100
216 480 100
480 216 100
66 481 100
481 66 90
77 481 100
481 77 100
11 481 86
481 11 82
64 482 100
482 64 98
79 482 89
482 79 100
10 482 97
482 10 90
11 483 88
483 11 94
32 483 95
483 32 100
125 483 97
483 125 91
76 484 93
484 76 100
113 484 93
484 113 94
472 484 96
484 472 91
68 485 100
485 68 100
78 485 100
485 78 100
9 485 95
485 9 98
154 486 100
486 154 96
197 486 95
486 197 100
284 486 96
486 284 83
45 487 83
487 45 97
146 487 100
487 146 97
404 487 95
487 404 97
2 488 85
488 2 97
1 488 100
488 1 100
37 488 97
488 37 97
340 489 100
489 340 100
39 489 98
489 39 100
135 489 98
489 135 95
28 490 96
490 28 96
151 490 94
490 151 100
6 490 100
490 6 89
122 491 100
491 122 100
411 491 100
491 411 100
164 491 100
491 164 95
201 492 90
492 201 87
342 492 81
492 342 86
402 492 96
492 402 99
94 493 95
493 94 95
66 493 98
493 66 100
53 493 98
493 53 84
330 494 94
494 330 100
1 494 90
494 1 85
69 494 99
494 69 100
331 495 100
495 331 97
146 495 100
495 146 100
41 495 100
495 41 96
15 496 98
496 15 94
18 496 96
496 18 92
99 496 100
496 99 100
234 497 95
497 234 96
4 497 95
497 4 94
191 497 98
497 191 96
14 498 94
498 14 100
95 498 100
498 95 95
250 498 99
498 250 100
333 499 98
499 333 96
2 499 86
499 2 91
142 499 100
499 142 100
