462 431 91
243 77 88
90 169 86
69 138 85
493 50 85
200 464 84
141 76 83
399 423 83
59 264 83
470 206 83
250 63 82
60 80 82
78 323 82
445 241 81
418 98 80
140 102 80
142 219 80
187 498 80
142 88 80
17 63 79
202 109 79
213 162 79
337 10 79
489 91 79
292 200 78
212 118 78
328 442 78
357 144 78
176 153 77
202 226 77
354 130 77
105 187 77
117 72 77
262 427 77
418 421 77
265 340 77
100 232 77
231 111 77
145 438 77
258 427 76
248 482 76
129 335 76
389 185 76
112 45 76
101 189 76
237 204 76
408 305 75
272 197 75
101 389 75
169 298 75
111 104 75
0 312 75
300 490 75
489 122 74
328 470 74
236 288 74
62 205 74
141 25 74
42 265 74
116 65 74
248 89 74
27 390 74
98 338 74
277 206 73
357 86 73
146 442 73
112 310 73
87 7 73
414 223 73
25 323 73
4 313 72
106 317 72
233 99 72
389 254 72
55 469 72
9 7 72
187 333 72
376 361 72
95 228 72
103 387 72
124 5 71
144 388 71
203 17 71
127 124 71
122 347 71
126 335 71
94 185 71
107 117 71
371 187 71
203 184 71
187 262 71
165 479 71
346 20 71
296 34 71
66 35 71
269 305 71
268 358 70
260 14 70
476 214 70
276 362 70
366 117 70
148 135 70
108 484 70
498 170 70
163 255 70
357 467 70
10 333 70
25 48 70
472 490 70
493 291 69
199 402 69
99 359 69
249 89 69
340 288 69
185 427 69
439 306 69
279 24 69
419 138 69
427 360 69
379 426 68
410 110 68
89 10 68
293 350 68
481 71 68
297 352 68
66 471 68
112 118 68
219 67 68
112 285 68
187 289 68
327 319 67
357 316 67
168 179 67
130 284 67
306 236 67
114 118 67
406 213 67
407 30 67
340 127 67
276 188 67
253 103 67
463 325 67
241 163 67
485 27 67
473 469 66
137 420 66
282 478 66
12 441 66
471 252 66
93 279 66
479 51 66
163 291 66
439 99 66
203 47 66
116 23 66
341 438 66
28 468 66
454 73 65
52 87 65
89 185 65
271 303 65
499 394 65
295 339 65
329 62 65
62 123 65
77 70 65
182 314 65
205 151 65
184 132 65
114 233 65
311 348 65
40 335 65
472 182 65
458 221 65
399 201 65
263 362 65
114 239 65
86 255 64
16 116 64
307 284 64
346 52 64
4 465 64
375 209 64
213 338 64
239 160 64
381 393 64
270 254 64
40 312 64
459 402 64
162 289 64
38 18 64
369 298 64
317 74 64
222 58 64
208 122 64
265 284 64
312 105 64
236 343 64
144 195 64
473 57 63
408 227 63
115 95 63
262 336 63
196 430 63
43 404 63
93 4 63
361 105 63
151 388 63
219 184 63
100 230 63
202 224 63
179 171 63
469 333 63
338 456 62
234 394 62
148 229 62
128 328 62
425 492 62
167 170 62
177 112 62
315 413 62
466 5 62
389 414 62
1 291 62
223 93 62
493 158 62
42 204 62
406 81 62
197 331 62
43 479 62
58 323 62
406 179 62
459 493 62
65 119 62
430 419 61
431 451 61
468 494 61
127 186 61
484 417 61
482 22 61
294 159 61
153 340 61
88 491 61
292 232 61
90 479 61
15 129 61
283 268 61
89 217 61
302 191 61
161 315 61
51 318 61
492 35 61
393 489 61
263 418 61
246 420 61
74 442 60
115 437 60
101 371 60
107 273 60
55 497 60
347 484 60
10 389 60
118 397 60
388 237 60
179 334 60
288 200 60
25 486 60
8 157 60
125 427 60
366 364 60
45 392 60
483 248 60
77 24 60
133 245 60
177 122 60
159 336 60
171 381 60
190 306 59
473 338 59
20 354 59
443 362 59
276 159 59
69 323 59
212 184 59
303 195 59
35 496 59
190 205 59
356 406 59
137 106 59
103 229 59
354 468 59
6 111 59
120 400 59
55 84 59
38 149 59
403 462 59
179 211 58
245 128 58
52 183 58
454 430 58
124 57 58
179 403 58
41 27 58
461 147 58
359 216 58
224 443 58
141 441 58
369 359 58
1 164 58
237 362 58
178 473 58
0 136 58
394 252 58
300 171 58
320 221 57
491 316 57
403 176 57
243 45 57
441 347 57
90 54 57
94 252 57
4 116 57
415 315 57
316 31 57
157 468 57
67 480 57
251 108 57
129 470 57
93 293 57
119 140 57
480 209 57
392 351 57
86 341 57
59 466 57
66 43 57
20 374 57
472 370 57
147 88 57
434 163 57
321 3 56
232 369 56
399 445 56
267 351 56
180 115 56
407 343 56
426 174 56
39 19 56
387 73 56
398 391 56
343 303 56
230 268 56
259 410 56
329 362 56
402 382 56
70 144 56
488 118 56
347 495 56
4 91 56
2 184 56
372 433 56
483 411 56
327 165 56
424 434 55
410 116 55
382 485 55
27 433 55
317 378 55
59 206 55
15 130 55
407 168 55
482 102 55
150 215 55
327 413 55
188 456 55
420 12 55
8 419 55
133 290 55
33 96 55
283 22 55
465 202 55
483 278 55
101 129 55
146 474 55
8 333 55
266 483 55
122 368 55
411 387 55
284 465 55
80 119 55
249 17 55
72 224 55
29 228 54
212 61 54
299 234 54
481 387 54
296 274 54
170 71 54
155 34 54
257 393 54
129 289 54
179 217 54
70 409 54
243 87 54
303 249 54
224 8 54
325 395 54
151 431 53
444 223 53
485 181 53
90 421 53
56 242 53
439 305 53
289 110 53
374 62 53
166 51 53
60 435 53
384 263 53
230 315 53
257 18 53
331 384 53
254 493 53
123 474 53
384 26 52
495 465 52
4 472 52
79 281 52
484 147 52
285 278 52
431 444 52
429 105 52
320 470 52
118 373 52
68 479 52
352 307 52
410 435 52
246 353 52
58 380 52
223 29 52
257 314 52
152 44 52
474 324 52
282 354 52
201 270 52
98 423 52
493 31 52
260 129 52
458 333 51
65 258 51
274 108 51
67 354 51
268 262 51
269 245 51
74 265 51
21 462 51
242 448 51
94 373 51
462 324 51
451 49 51
393 82 51
427 165 51
360 309 51
286 248 51
367 140 51
169 82 51
39 374 50
89 79 50
218 484 50
313 195 50
102 425 50
95 420 50
145 420 50
431 57 50
13 103 50
172 265 50
28 337 50
164 86 50
280 14 50
16 430 50
444 302 50
6 211 50
219 288 50
371 456 50
274 82 49
47 360 49
113 338 49
137 336 49
184 499 49
398 241 49
330 403 49
164 149 49
251 325 49
239 82 49
154 110 49
462 40 49
317 342 49
116 319 49
143 254 49
64 333 49
220 481 49
430 252 49
304 291 49
112 408 49
314 42 49
321 439 49
112 82 49
67 242 49
330 412 49
7 33 48
90 89 48
443 137 48
368 218 48
211 382 48
329 102 48
415 410 48
269 25 48
221 458 48
148 210 48
430 473 48
129 145 48
217 234 48
242 375 48
233 150 48
318 174 48
246 382 48
55 231 48
466 449 48
5 6 48
137 272 48
290 239 48
216 199 48
47 181 48
129 60 48
269 74 48
492 327 48
421 270 48
403 331 47
137 242 47
318 292 47
370 434 47
264 34 47
75 123 47
229 417 47
379 471 47
491 228 47
17 362 47
15 109 47
77 239 47
359 367 47
312 248 47
409 143 46
493 268 46
498 325 46
497 275 46
257 417 46
334 433 46
286 241 46
365 472 46
318 0 46
467 435 46
344 409 46
156 211 46
227 470 46
52 283 46
32 379 46
119 356 46
244 175 46
365 161 46
250 448 46
300 317 46
315 104 46
144 146 46
442 431 46
453 128 46
313 264 46
290 372 46
106 151 46
108 268 45
177 425 45
79 376 45
19 10 45
468 481 45
237 243 45
178 109 45
461 128 45
427 303 45
209 459 45
424 356 45
468 360 45
373 89 45
431 257 45
358 318 45
429 454 45
370 186 44
34 245 44
277 22 44
362 340 44
91 123 44
476 315 44
194 201 44
299 250 44
376 160 44
463 103 44
317 440 44
410 351 44
136 372 44
393 113 44
358 106 44
473 321 43
238 491 43
1 93 43
126 127 43
137 480 43
253 108 43
226 167 43
361 16 43
499 419 43
104 146 43
312 466 43
491 181 43
223 60 43
201 119 43
453 470 43
472 457 43
263 357 43
324 352 43
287 357 43
495 476 43
285 331 43
488 195 42
324 426 42
236 52 42
46 61 42
38 73 42
114 52 42
252 122 42
157 260 42
64 263 42
197 133 42
137 362 42
451 109 42
425 315 42
154 349 42
280 250 42
397 53 42
478 82 42
229 260 42
76 364 42
424 128 42
278 420 41
232 443 41
369 57 41
435 277 41
403 1 41
208 104 41
393 56 41
474 45 41
254 183 41
310 346 41
476 234 41
243 484 41
63 32 41
394 425 41
479 495 40
478 156 40
251 355 40
257 487 40
471 341 40
168 454 40
1 79 40
58 198 40
348 251 40
169 466 40
227 144 40
228 464 40
354 395 40
13 146 40
283 10 40
107 269 40
72 170 40
239 2 40
494 391 40
440 31 40
385 358 39
107 415 39
163 343 39
213 476 39
122 370 39
161 111 39
195 128 39
285 492 39
428 353 39
377 153 39
81 129 39
427 56 39
11 272 39
269 148 39
112 225 38
302 93 38
381 274 38
489 237 38
118 240 38
69 25 38
469 248 38
87 176 38
171 484 38
146 16 38
400 24 38
486 158 38
335 497 38
380 459 38
320 254 38
87 385 38
480 425 38
195 134 37
130 421 37
197 437 37
204 464 37
464 397 37
150 159 37
64 37 37
112 184 37
319 415 37
9 108 37
97 474 37
4 271 37
237 142 37
368 348 37
497 57 37
385 251 37
296 271 37
287 139 37
434 194 37
41 464 37
499 115 37
325 0 37
283 17 37
330 436 37
54 331 37
259 279 37
297 42 36
117 161 36
282 32 36
27 153 36
297 46 36
126 78 36
239 324 36
3 68 36
58 132 36
254 45 36
386 133 36
368 65 36
141 136 36
50 156 36
196 55 36
207 301 36
95 437 36
480 334 36
328 407 36
410 372 36
228 190 36
445 140 36
345 254 36
67 107 35
130 58 35
305 251 35
390 382 35
225 280 35
16 202 35
429 13 35
309 223 35
206 177 35
80 180 35
469 147 35
65 455 35
162 388 35
314 220 35
426 65 35
98 315 35
226 19 35
138 252 35
313 351 35
222 341 35
279 442 35
281 499 35
28 24 35
420 193 35
377 263 34
155 12 34
193 199 34
482 278 34
54 39 34
114 76 34
403 432 34
32 142 34
472 150 34
355 298 34
177 260 34
254 61 34
154 432 34
427 135 34
214 483 34
228 272 34
55 210 34
258 337 34
479 434 34
465 303 34
27 243 34
424 38 33
460 68 33
172 457 33
464 331 33
289 160 33
11 450 33
441 56 33
283 336 33
368 142 33
380 268 33
414 321 33
326 97 33
250 433 33
58 418 33
15 136 33
225 207 33
104 435 33
393 87 33
413 342 33
344 36 33
64 341 33
85 472 33
297 487 33
271 118 33
395 53 33
353 259 33
203 300 33
284 439 32
497 5 32
297 107 32
14 354 32
14 478 32
390 231 32
334 16 32
257 163 32
302 319 32
56 231 32
290 310 32
279 170 32
385 415 32
288 377 32
364 298 32
11 176 32
293 447 32
67 484 32
337 49 32
442 406 32
216 52 32
412 483 32
446 22 32
64 431 31
497 416 31
291 199 31
271 19 31
48 373 31
120 37 31
276 70 31
63 153 31
405 27 31
497 76 31
462 153 31
341 455 31
316 193 31
266 97 31
362 61 31
306 12 31
443 375 31
368 347 31
71 356 30
120 320 30
274 407 30
416 239 30
166 344 30
141 436 30
290 324 30
310 323 30
65 298 30
104 259 30
308 183 30
171 161 30
337 63 30
234 488 30
20 252 30
371 153 30
134 149 30
348 325 30
215 63 30
393 37 30
140 134 30
398 44 30
84 213 30
309 109 29
247 496 29
432 213 29
277 195 29
281 114 29
237 127 29
115 455 29
462 182 29
451 416 29
145 265 29
56 277 29
294 171 29
465 200 29
79 359 29
6 367 29
431 370 29
341 300 29
73 431 29
368 393 29
209 214 29
454 194 28
52 294 28
433 384 28
321 218 28
164 157 28
42 381 28
208 297 28
132 74 28
253 216 28
388 473 28
234 240 28
185 287 28
138 362 28
58 201 28
287 148 28
118 402 28
32 158 28
57 37 28
301 8 28
456 318 28
241 124 28
469 313 28
391 275 28
468 465 28
67 414 27
447 256 27
490 196 27
222 54 27
476 427 27
455 2 27
313 357 27
331 182 27
334 190 27
214 382 27
4 80 27
149 140 27
118 456 27
354 352 27
127 478 27
100 381 27
103 187 27
54 201 27
156 95 27
119 71 27
102 369 26
144 460 26
350 172 26
375 462 26
300 73 26
325 38 26
180 496 26
254 49 26
101 139 26
231 384 26
24 262 26
54 22 26
62 148 26
85 462 26
42 233 26
204 102 26
406 49 26
399 155 26
437 200 26
195 203 26
369 400 26
203 154 25
278 404 25
163 295 25
145 465 25
375 154 25
358 457 25
287 477 25
196 300 25
284 261 25
171 28 25
288 113 25
408 114 25
360 250 25
134 292 24
412 25 24
344 231 24
20 357 24
479 416 24
410 83 24
296 89 24
10 343 24
79 85 24
58 382 24
168 259 24
1 266 24
434 208 23
427 210 23
399 158 23
356 417 23
367 368 23
241 77 23
273 18 23
243 127 23
415 12 23
45 49 23
76 326 23
259 354 23
401 454 23
80 414 23
92 264 23
140 176 23
128 457 23
95 489 23
402 79 23
165 307 23
499 454 23
480 37 23
195 301 22
470 60 22
414 339 22
429 98 22
409 216 22
76 346 22
80 430 22
351 268 22
25 64 22
250 40 22
422 200 22
273 415 22
23 38 22
19 493 22
484 152 22
408 206 22
55 450 22
275 305 22
319 313 22
135 393 22
35 243 22
378 479 22
301 150 22
313 144 21
193 391 21
244 439 21
416 354 21
405 51 21
433 335 21
430 23 21
342 375 21
346 128 21
137 415 21
339 388 21
171 68 21
135 104 21
91 317 21
191 245 21
192 497 21
106 486 21
402 345 21
455 24 21
225 388 21
146 150 20
49 272 20
247 144 20
262 239 20
233 301 20
73 84 20
472 4 20
412 422 20
303 490 20
485 21 20
283 265 20
20 336 20
314 39 20
370 211 20
453 149 20
491 232 20
354 331 20
154 4 20
354 424 20
112 358 20
53 231 20
370 368 20
298 288 20
302 230 20
266 181 19
458 353 19
437 335 19
399 293 19
61 308 19
248 109 19
141 453 19
50 163 19
270 394 19
272 409 19
164 493 19
409 183 19
90 16 19
95 369 19
478 373 19
402 131 19
39 139 19
237 273 19
381 489 19
137 402 19
242 75 19
214 11 18
83 126 18
346 494 18
0 251 18
31 111 18
298 402 18
51 231 18
436 256 18
147 204 18
430 223 18
225 9 18
11 82 18
45 38 18
397 376 18
153 188 18
450 43 17
381 443 17
378 145 17
427 78 17
153 61 17
123 270 17
55 390 17
137 38 17
435 486 17
287 364 17
260 414 17
112 300 17
480 171 17
442 457 17
347 353 17
301 45 17
405 256 17
68 281 17
430 368 17
147 354 17
374 45 17
493 395 17
121 385 17
193 223 17
416 498 17
318 46 17
28 353 17
176 422 16
314 420 16
350 123 16
424 379 16
367 8 16
139 10 16
335 261 16
331 344 16
312 211 16
120 441 16
219 50 16
389 116 16
106 359 16
209 36 16
467 492 16
488 129 16
63 418 16
162 325 16
99 405 16
496 464 16
266 393 16
284 50 16
249 417 16
144 278 16
482 74 16
271 161 15
244 116 15
12 215 15
86 119 15
68 46 15
427 318 15
473 185 15
407 200 15
433 4 15
183 393 15
218 120 15
408 1 15
164 37 15
369 304 15
219 417 15
111 20 15
367 292 15
255 467 15
164 248 15
289 489 15
374 334 15
272 220 15
77 317 14
129 276 14
312 107 14
323 187 14
331 455 14
51 499 14
355 182 14
404 168 14
81 489 14
449 498 14
117 7 14
473 417 14
301 145 14
451 465 14
340 442 14
72 487 14
388 372 14
422 457 14
268 89 14
233 243 13
119 458 13
212 282 13
47 339 13
333 147 13
398 453 13
365 421 13
306 62 13
213 427 13
465 28 13
157 98 13
468 260 13
353 5 13
463 466 13
267 272 13
433 438 13
448 29 12
297 384 12
70 476 12
243 156 12
366 354 12
205 25 12
294 219 12
418 445 12
210 8 12
476 369 12
301 95 12
299 257 12
378 38 12
283 313 12
232 347 12
304 139 12
224 53 12
380 25 12
24 345 12
317 84 12
163 206 12
272 288 12
25 171 12
460 418 12
470 204 12
427 316 12
98 42 11
120 354 11
73 174 11
417 473 11
412 389 11
256 462 11
239 293 11
6 477 11
57 499 11
11 210 11
13 336 11
331 104 11
1 408 11
152 123 11
301 453 11
438 186 11
70 77 11
200 314 11
423 238 11
58 472 11
105 0 11
84 452 11
176 227 11
346 344 10
217 171 10
183 437 10
417 465 10
294 235 10
364 173 10
254 258 10
497 127 10
131 16 10
122 73 10
389 490 10
419 400 10
380 7 10
309 311 10
197 127 10
371 444 10
134 111 10
132 324 10
272 488 10
128 302 9
330 282 9
315 81 9
80 152 9
190 165 9
140 110 9
310 356 9
361 368 9
197 263 9
491 378 9
282 248 9
412 271 9
94 170 9
473 494 9
217 341 9
341 422 9
441 115 8
417 3 8
159 220 8
266 135 8
442 155 8
15 106 8
158 417 8
486 327 8
10 62 8
352 431 8
446 401 8
194 290 8
404 432 8
434 425 8
294 209 8
279 390 8
341 337 8
309 80 8
241 411 8
485 217 8
26 334 8
436 486 8
59 389 8
202 492 8
96 306 8
7 491 8
114 343 8
28 98 8
387 323 8
7 439 7
416 321 7
410 463 7
336 234 7
29 31 7
367 258 7
40 243 7
394 165 7
406 377 7
405 326 7
452 342 7
210 107 7
434 19 7
411 100 7
280 420 7
83 252 7
69 322 7
39 3 7
44 324 7
401 19 7
111 284 7
328 294 7
346 481 7
68 330 7
196 482 6
43 418 6
268 10 6
479 171 6
266 341 6
30 161 6
26 463 6
285 244 6
261 77 6
457 415 6
125 366 6
226 428 6
238 29 6
471 448 6
199 84 6
273 297 6
469 105 6
436 287 6
458 251 6
492 211 6
340 314 5
257 267 5
113 249 5
44 250 5
314 71 5
376 244 5
28 46 5
14 267 5
206 426 5
492 487 5
381 215 5
118 81 5
239 254 5
426 413 5
48 226 5
243 254 4
399 101 4
270 224 4
256 100 4
106 178 4
46 427 4
259 116 4
163 55 4
478 283 4
322 330 4
273 106 4
37 138 4
332 263 4
495 134 4
335 99 4
88 166 4
46 127 4
72 437 4
231 336 4
314 298 4
410 96 4
370 37 3
208 304 3
62 307 3
446 88 3
138 47 3
461 68 3
33 99 3
201 6 3
478 431 3
286 448 3
46 236 3
499 387 3
85 293 3
351 153 3
431 71 3
274 285 3
268 447 3
147 364 2
26 6 2
41 110 2
254 406 2
391 224 2
433 450 2
94 217 2
326 419 2
351 204 2
418 428 2
289 15 2
119 336 2
227 393 2
2 186 2
241 193 2
162 469 2
193 318 2
28 480 2
242 138 2
395 288 2
205 371 1
339 434 1
499 261 1
140 97 1
24 490 1
1 313 1
305 258 1
138 21 1
341 183 1
226 143 1
370 193 1
0 210 1
138 343 1
213 339 1
115 155 1
319 342 1
232 356 1
246 350 1
474 170 1
203 74 1
354 467 1
183 99 1
454 293 1
489 363 1
268 51 1
129 310 1
140 95 1
230 272 1
