1 0 92
0 1 93
2 1 85
1 2 87
3 2 71
2 3 84
4 3 61
3 4 58
5 4 100
4 5 100
4 5 100
5 4 100
4 5 68
5 4 66
5 5 100
5 5 100
3 6 79
6 3 89
4 6 84
6 4 91
5 6 80
6 5 84
2 7 86
7 2 95
3 7 89
7 3 85
4 7 91
7 4 86
4 8 79
8 4 86
5 8 81
8 5 74
3 8 87
8 3 90
2 9 92
9 2 87
5 9 81
9 5 77
3 9 97
9 3 90
4 10 100
10 4 94
2 10 100
10 2 91
5 10 83
10 5 83
4 11 92
11 4 89
6 11 95
11 6 93
2 11 83
11 2 84
4 12 100
12 4 100
4 12 100
12 4 100
4 12 80
12 4 80
4 13 84
13 4 80
6 13 81
13 6 80
13 13 100
13 13 100
4 14 74
14 4 77
5 14 55
14 5 64
9 14 89
14 9 82
5 15 100
15 5 100
12 15 100
15 12 95
5 15 88
15 5 85
12 16 91
16 12 74
5 16 70
16 5 59
6 16 93
16 6 99
5 17 100
17 5 100
12 17 96
17 12 85
5 17 73
17 5 82
1 18 94
18 1 98
2 18 95
18 2 87
7 18 96
18 7 94
7 19 100
19 7 100
11 19 100
19 11 95
5 19 88
19 5 83
5 20 100
20 5 100
5 20 62
20 5 73
12 20 99
20 12 90
5 21 74
21 5 71
21 21 100
21 21 100
16 21 84
21 16 87
6 22 91
22 6 100
4 22 75
22 4 80
5 22 86
22 5 88
4 23 92
23 4 91
5 23 77
23 5 93
16 23 97
23 16 95
2 24 100
24 2 100
2 24 77
24 2 83
4 24 91
24 4 60
5 25 91
25 5 84
4 25 72
25 4 96
3 25 88
25 3 97
3 26 90
26 3 77
8 26 76
26 8 91
18 26 85
26 18 93
13 27 86
27 13 92
24 27 98
27 24 93
2 27 96
27 2 95
5 28 100
28 5 100
5 28 91
28 5 97
13 28 97
28 13 92
21 29 95
29 21 97
12 29 92
29 12 100
24 29 98
29 24 90
8 30 77
30 8 80
24 30 89
30 24 89
14 30 89
30 14 88
14 31 91
31 14 99
17 31 100
31 17 96
13 31 100
31 13 93
3 32 85
32 3 93
4 32 82
32 4 85
24 32 99
32 24 90
2 33 92
33 2 95
5 33 89
33 5 61
3 33 83
33 3 98
5 34 88
34 5 72
8 34 70
34 8 80
33 34 96
34 33 95
21 35 83
35 21 89
26 35 84
35 26 89
30 35 88
35 30 100
21 36 97
36 21 95
26 36 100
36 26 89
32 36 92
36 32 93
7 37 91
37 7 94
37 37 100
37 37 100
24 37 85
37 24 81
20 38 88
38 20 87
14 38 92
38 14 99
24 38 90
38 24 98
4 39 100
39 4 100
13 39 83
39 13 91
4 39 77
39 4 78
1 40 87
40 1 94
5 40 76
40 5 73
34 40 92
40 34 91
13 41 92
41 13 92
24 41 98
41 24 98
3 41 79
41 3 90
21 42 100
42 21 90
24 42 92
42 24 97
23 42 99
42 23 99
4 43 94
43 4 77
19 43 87
43 19 97
34 43 100
43 34 94
1 44 99
44 1 73
26 44 86
44 26 82
36 44 100
44 36 95
5 45 87
45 5 96
44 45 100
45 44 90
24 45 95
45 24 91
3 46 89
46 3 95
5 46 84
46 5 99
30 46 96
46 30 97
40 47 99
47 40 98
13 47 98
47 13 94
3 47 84
47 3 90
12 48 97
48 12 100
5 48 64
48 5 80
4 48 78
48 4 79
42 49 88
49 42 97
46 49 85
49 46 97
35 49 92
49 35 96
45 50 88
50 45 88
38 50 75
50 38 93
40 50 90
50 40 92
4 51 97
51 4 100
24 51 99
51 24 93
5 51 84
51 5 99
0 52 90
52 0 100
39 52 95
52 39 100
2 52 92
52 2 83
6 53 98
53 6 92
4 53 83
53 4 99
52 53 87
53 52 100
26 54 89
54 26 89
38 54 96
54 38 97
52 54 92
54 52 93
40 55 92
55 40 93
52 55 97
55 52 89
12 55 84
55 12 86
7 56 100
56 7 96
21 56 95
56 21 68
43 56 100
56 43 96
13 57 100
57 13 88
21 57 100
57 21 94
24 57 98
57 24 95
22 58 88
58 22 99
17 58 100
58 17 100
17 58 99
58 17 100
16 59 94
59 16 95
18 59 89
59 18 100
39 59 100
59 39 93
4 60 82
60 4 93
12 60 91
60 12 88
27 60 94
60 27 97
42 61 92
61 42 95
3 61 75
61 3 83
50 61 87
61 50 100
3 62 82
62 3 95
46 62 100
62 46 98
38 62 96
62 38 96
1 63 97
63 1 91
13 63 90
63 13 100
40 63 99
63 40 96
30 64 100
64 30 89
24 64 99
64 24 96
64 64 100
64 64 100
3 65 95
65 3 87
48 65 93
65 48 93
49 65 100
65 49 90
42 66 100
66 42 100
57 66 100
66 57 95
8 66 95
66 8 95
65 67 100
67 65 100
20 67 94
67 20 98
33 67 92
67 33 98
10 68 100
68 10 95
18 68 92
68 18 98
41 68 99
68 41 99
5 69 80
69 5 91
30 69 98
69 30 96
55 69 97
69 55 88
21 70 89
70 21 83
48 70 100
70 48 100
48 70 92
70 48 91
46 71 96
71 46 98
52 71 96
71 52 98
5 71 99
71 5 73
21 72 95
72 21 87
49 72 94
72 49 92
25 72 95
72 25 98
30 73 96
73 30 95
19 73 95
73 19 100
4 73 94
73 4 76
14 74 96
74 14 97
32 74 79
74 32 92
49 74 92
74 49 85
17 75 100
75 17 100
58 75 95
75 58 96
40 75 90
75 40 99
58 76 93
76 58 85
8 76 92
76 8 89
21 76 92
76 21 93
74 77 100
77 74 100
64 77 100
77 64 100
50 77 100
77 50 87
56 78 97
78 56 100
5 78 89
78 5 89
4 78 80
78 4 83
4 79 77
79 4 86
26 79 88
79 26 99
33 79 92
79 33 96
60 80 91
80 60 93
35 80 93
80 35 95
58 80 96
80 58 98
21 81 78
81 21 93
40 81 93
81 40 89
8 81 85
81 8 100
4 82 96
82 4 94
42 82 95
82 42 92
11 82 94
82 11 100
25 83 96
83 25 100
6 83 95
83 6 96
2 83 94
83 2 93
13 84 95
84 13 94
2 84 92
84 2 99
56 84 88
84 56 94
5 85 100
85 5 100
5 85 90
85 5 79
42 85 97
85 42 96
34 86 100
86 34 100
50 86 97
86 50 100
45 86 95
86 45 100
6 87 100
87 6 100
24 87 93
87 24 96
3 87 81
87 3 88
16 88 94
88 16 94
23 88 92
88 23 98
60 88 93
88 60 98
5 89 75
89 5 85
16 89 97
89 16 97
12 89 95
89 12 85
38 90 94
90 38 97
50 90 94
90 50 96
5 90 49
90 5 91
58 91 96
91 58 91
1 91 87
91 1 93
13 91 87
91 13 91
63 92 94
92 63 98
84 92 100
92 84 91
4 92 84
92 4 81
8 93 96
93 8 100
86 93 100
93 86 100
23 93 99
93 23 96
5 94 100
94 5 100
16 94 97
94 16 97
5 94 74
94 5 78
72 95 99
95 72 95
58 95 97
95 58 91
1 95 92
95 1 91
2 96 93
96 2 97
24 96 96
96 24 100
40 96 92
96 40 88
5 97 100
97 5 100
5 97 78
97 5 82
97 97 100
97 97 100
6 98 91
98 6 99
60 98 98
98 60 99
5 98 79
98 5 87
24 99 75
99 24 88
42 99 100
99 42 96
14 99 90
99 14 86
7 100 94
100 7 100
87 100 96
100 87 100
60 100 93
100 60 96
3 101 94
101 3 89
5 101 100
101 5 78
34 101 100
101 34 91
32 102 97
102 32 95
79 102 91
102 79 100
89 102 100
102 89 97
45 103 95
103 45 95
72 103 88
103 72 95
4 103 90
103 4 84
15 104 100
104 15 100
4 104 82
104 4 99
78 104 100
104 78 100
10 105 93
105 10 98
12 105 97
105 12 91
63 105 96
105 63 100
61 106 93
106 61 100
5 106 77
106 5 91
17 106 86
106 17 100
44 107 98
107 44 98
104 107 96
107 104 97
5 107 61
107 5 65
25 108 92
108 25 96
72 108 95
108 72 96
2 108 81
108 2 93
24 109 98
109 24 84
36 109 100
109 36 86
74 109 84
109 74 100
44 110 96
110 44 100
13 110 96
110 13 98
4 110 88
110 4 80
8 111 96
111 8 83
9 111 99
111 9 99
43 111 100
111 43 97
11 112 93
112 11 85
67 112 95
112 67 100
21 112 89
112 21 90
76 113 99
113 76 97
42 113 98
113 42 100
8 113 95
113 8 92
18 114 98
114 18 90
55 114 93
114 55 100
57 114 98
114 57 100
40 115 91
115 40 100
50 115 95
115 50 95
91 115 100
115 91 96
35 116 100
116 35 91
36 116 96
116 36 95
65 116 94
116 65 95
11 117 91
117 11 92
25 117 100
117 25 96
80 117 90
117 80 100
5 118 100
118 5 100
63 118 93
118 63 100
5 118 83
118 5 86
6 119 89
119 6 100
3 119 97
119 3 87
16 119 100
119 16 85
72 120 93
120 72 95
24 120 97
120 24 98
2 120 93
120 2 94
3 121 97
121 3 87
33 121 95
121 33 97
24 121 93
121 24 88
7 122 93
122 7 92
67 122 96
122 67 98
74 122 100
122 74 94
81 123 97
123 81 100
30 123 97
123 30 94
114 123 95
123 114 100
32 124 97
124 32 94
52 124 96
124 52 91
16 124 99
124 16 88
4 125 100
125 4 100
81 125 95
125 81 100
4 125 88
125 4 85
50 126 100
126 50 96
112 126 93
126 112 95
3 126 95
126 3 94
3 127 92
127 3 100
35 127 96
127 35 97
4 127 81
127 4 88
4 128 87
128 4 88
12 128 95
128 12 87
32 128 100
128 32 83
17 129 100
129 17 100
13 129 100
129 13 100
3 129 100
129 3 94
14 130 88
130 14 86
1 130 100
130 1 100
7 130 94
130 7 88
26 131 100
131 26 96
56 131 95
131 56 100
5 131 81
131 5 95
5 132 96
132 5 87
0 132 100
132 0 96
99 132 98
132 99 93
40 133 85
133 40 93
13 133 95
133 13 96
22 133 93
133 22 97
87 134 94
134 87 90
108 134 87
134 108 100
24 134 94
134 24 84
3 135 82
135 3 87
41 135 98
135 41 100
69 135 100
135 69 99
42 136 97
136 42 100
125 136 100
136 125 99
58 136 89
136 58 97
97 137 100
137 97 100
8 137 90
137 8 87
50 137 95
137 50 93
117 138 99
138 117 96
71 138 92
138 71 97
4 138 67
138 4 88
12 139 91
139 12 85
28 139 100
139 28 93
3 139 89
139 3 92
4 140 95
140 4 79
43 140 96
140 43 100
139 140 100
140 139 100
46 141 100
141 46 100
56 141 96
141 56 97
3 141 99
141 3 94
1 142 97
142 1 98
5 142 87
142 5 77
116 142 97
142 116 96
4 143 87
143 4 98
116 143 96
143 116 90
3 143 88
143 3 71
27 144 99
144 27 100
35 144 91
144 35 98
87 144 95
144 87 95
69 145 97
145 69 100
6 145 82
145 6 91
55 145 100
145 55 100
86 146 99
146 86 100
106 146 95
146 106 95
8 146 88
146 8 77
21 147 96
147 21 95
12 147 87
147 12 97
15 147 100
147 15 100
41 148 93
148 41 100
140 148 100
148 140 100
116 148 100
148 116 99
48 149 93
149 48 100
67 149 95
149 67 97
81 149 89
149 81 98
4 150 78
150 4 78
48 150 97
150 48 93
24 150 91
150 24 94
34 151 100
151 34 100
145 151 100
151 145 100
13 151 100
151 13 100
84 152 100
152 84 98
125 152 91
152 125 95
42 152 95
152 42 100
79 153 96
153 79 100
87 153 96
153 87 94
23 153 95
153 23 96
19 154 90
154 19 95
106 154 95
154 106 100
42 154 96
154 42 92
20 155 97
155 20 100
58 155 96
155 58 100
34 155 96
155 34 93
78 156 100
156 78 100
107 156 91
156 107 97
6 156 96
156 6 95
80 157 91
157 80 97
96 157 94
157 96 100
44 157 96
157 44 85
152 158 100
158 152 99
1 158 98
158 1 100
38 158 96
158 38 100
87 159 97
159 87 100
14 159 100
159 14 91
41 159 100
159 41 96
24 160 100
160 24 100
62 160 100
160 62 100
76 160 100
160 76 95
91 161 97
161 91 96
35 161 96
161 35 98
57 161 97
161 57 91
109 162 98
162 109 97
46 162 90
162 46 100
49 162 98
162 49 94
13 163 85
163 13 98
47 163 95
163 47 100
32 163 92
163 32 90
31 164 100
164 31 99
133 164 100
164 133 100
23 164 98
164 23 94
91 165 86
165 91 98
125 165 94
165 125 96
26 165 92
165 26 84
48 166 97
166 48 99
21 166 97
166 21 97
5 166 92
166 5 96
125 167 92
167 125 94
158 167 100
167 158 99
117 167 100
167 117 99
60 168 90
168 60 94
3 168 95
168 3 94
49 168 96
168 49 100
107 169 98
169 107 100
26 169 89
169 26 94
71 169 100
169 71 90
56 170 89
170 56 89
18 170 93
170 18 88
50 170 93
170 50 81
14 171 95
171 14 93
1 171 94
171 1 95
112 171 92
171 112 96
2 172 86
172 2 97
4 172 78
172 4 93
42 172 97
172 42 95
26 173 86
173 26 95
53 173 100
173 53 100
40 173 100
173 40 96
64 174 100
174 64 100
9 174 95
174 9 95
24 174 90
174 24 100
73 175 98
175 73 100
114 175 96
175 114 95
52 175 95
175 52 100
135 176 98
176 135 100
94 176 92
176 94 94
110 176 96
176 110 92
12 177 100
177 12 100
147 177 96
177 147 100
11 177 95
177 11 100
90 178 92
178 90 100
6 178 99
178 6 98
13 178 100
178 13 87
3 179 100
179 3 98
4 179 86
179 4 99
176 179 100
179 176 96
132 180 100
180 132 100
5 180 92
180 5 94
58 180 100
180 58 93
5 181 83
181 5 90
94 181 95
181 94 98
58 181 88
181 58 96
79 182 100
182 79 100
5 182 84
182 5 94
24 182 95
182 24 98
25 183 95
183 25 99
10 183 100
183 10 100
60 183 100
183 60 97
168 184 100
184 168 100
5 184 78
184 5 85
114 184 93
184 114 100
86 185 100
185 86 92
157 185 94
185 157 94
23 185 82
185 23 100
53 186 100
186 53 99
99 186 86
186 99 97
16 186 99
186 16 91
46 187 100
187 46 91
133 187 94
187 133 91
12 187 82
187 12 94
53 188 94
188 53 100
24 188 80
188 24 93
150 188 98
188 150 95
7 189 94
189 7 98
31 189 100
189 31 92
33 189 85
189 33 93
186 190 100
190 186 99
34 190 91
190 34 98
26 190 97
190 26 88
33 191 100
191 33 98
3 191 80
191 3 78
173 191 95
191 173 100
12 192 90
192 12 94
93 192 97
192 93 99
14 192 100
192 14 91
176 193 95
193 176 99
26 193 92
193 26 100
136 193 100
193 136 100
21 194 91
194 21 97
64 194 100
194 64 93
16 194 100
194 16 100
5 195 100
195 5 100
22 195 100
195 22 100
5 195 93
195 5 100
24 196 87
196 24 96
4 196 93
196 4 93
29 196 100
196 29 100
3 197 70
197 3 96
13 197 99
197 13 99
81 197 97
197 81 95
2 198 91
198 2 93
116 198 97
198 116 90
150 198 94
198 150 99
5 199 78
199 5 89
101 199 100
199 101 100
122 199 100
199 122 91
14 200 100
200 14 100
180 200 100
200 180 100
5 200 91
200 5 99
36 201 96
201 36 100
25 201 100
201 25 100
11 201 100
201 11 93
127 202 96
202 127 100
106 202 100
202 106 100
5 202 95
202 5 94
154 203 95
203 154 92
1 203 92
203 1 100
12 203 85
203 12 88
125 204 100
204 125 100
86 204 100
204 86 100
17 204 92
204 17 98
5 205 92
205 5 99
94 205 95
205 94 100
139 205 100
205 139 95
5 206 61
206 5 76
46 206 100
206 46 96
167 206 94
206 167 80
66 207 98
207 66 100
12 207 94
207 12 92
143 207 100
207 143 96
48 208 100
208 48 97
5 208 92
208 5 71
72 208 94
208 72 100
174 209 95
209 174 100
1 209 92
209 1 96
55 209 94
209 55 95
98 210 88
210 98 100
147 210 100
210 147 99
4 210 81
210 4 83
80 211 95
211 80 100
158 211 100
211 158 100
24 211 95
211 24 94
150 212 93
212 150 97
119 212 98
212 119 96
73 212 98
212 73 97
43 213 100
213 43 95
22 213 100
213 22 100
3 213 97
213 3 97
24 214 96
214 24 100
87 214 100
214 87 96
12 214 96
214 12 85
149 215 100
215 149 100
36 215 100
215 36 100
5 215 88
215 5 92
74 216 100
216 74 100
99 216 92
216 99 96
57 216 100
216 57 96
74 217 91
217 74 88
170 217 90
217 170 100
88 217 96
217 88 100
14 218 88
218 14 95
72 218 95
218 72 100
88 218 100
218 88 91
27 219 98
219 27 100
185 219 97
219 185 97
48 219 89
219 48 100
219 220 100
220 219 95
181 220 87
220 181 100
192 220 95
220 192 97
186 221 95
221 186 100
5 221 93
221 5 100
8 221 87
221 8 74
5 222 89
222 5 89
99 222 100
222 99 99
2 222 100
222 2 81
5 223 93
223 5 100
38 223 97
223 38 100
137 223 100
223 137 100
14 224 99
224 14 93
94 224 95
224 94 96
127 224 100
224 127 98
26 225 100
225 26 98
11 225 100
225 11 100
12 225 83
225 12 80
35 226 91
226 35 100
115 226 97
226 115 100
21 226 91
226 21 95
32 227 100
227 32 95
47 227 92
227 47 100
21 227 98
227 21 99
16 228 93
228 16 91
207 228 100
228 207 94
47 228 96
228 47 100
35 229 99
229 35 92
38 229 100
229 38 95
171 229 100
229 171 100
185 230 97
230 185 94
59 230 94
230 59 100
98 230 86
230 98 85
187 231 92
231 187 96
99 231 95
231 99 89
78 231 93
231 78 91
178 232 100
232 178 100
6 232 96
232 6 97
32 232 96
232 32 95
48 233 97
233 48 87
59 233 100
233 59 100
56 233 93
233 56 100
14 234 96
234 14 100
4 234 100
234 4 100
4 234 99
234 4 88
17 235 94
235 17 98
72 235 91
235 72 99
154 235 98
235 154 100
94 236 90
236 94 88
99 236 100
236 99 100
158 236 97
236 158 100
11 237 100
237 11 96
13 237 91
237 13 96
1 237 96
237 1 86
127 238 95
238 127 100
4 238 85
238 4 97
21 238 100
238 21 94
24 239 94
239 24 98
82 239 98
239 82 100
94 239 100
239 94 100
24 240 92
240 24 75
117 240 91
240 117 100
185 240 100
240 185 97
5 241 96
241 5 96
24 241 100
241 24 95
41 241 96
241 41 93
110 242 100
242 110 100
10 242 100
242 10 90
116 242 100
242 116 92
81 243 95
243 81 100
5 243 95
243 5 95
12 243 100
243 12 92
8 244 95
244 8 94
126 244 100
244 126 100
2 244 99
244 2 100
145 245 93
245 145 97
235 245 100
245 235 100
28 245 98
245 28 100
42 246 100
246 42 96
110 246 94
246 110 98
127 246 90
246 127 97
226 247 97
247 226 100
5 247 91
247 5 94
172 247 94
247 172 100
19 248 100
248 19 100
66 248 100
248 66 100
21 248 89
248 21 96
29 249 100
249 29 100
147 249 96
249 147 96
40 249 93
249 40 91
5 250 89
250 5 87
135 250 88
250 135 94
1 250 100
250 1 97
58 251 98
251 58 93
14 251 80
251 14 99
157 251 97
251 157 100
44 252 100
252 44 100
21 252 98
252 21 90
22 252 92
252 22 88
1 253 96
253 1 99
98 253 95
253 98 100
103 253 100
253 103 97
62 254 100
254 62 100
46 254 100
254 46 97
107 254 100
254 107 90
0 255 97
255 0 96
41 255 99
255 41 100
140 255 96
255 140 93
5 256 78
256 5 82
100 256 89
256 100 94
20 256 93
256 20 97
197 257 99
257 197 100
21 257 95
257 21 97
25 257 95
257 25 98
17 258 96
258 17 98
27 258 99
258 27 98
167 258 97
258 167 100
5 259 100
259 5 100
13 259 100
259 13 100
52 259 100
259 52 98
5 260 88
260 5 91
16 260 97
260 16 100
19 260 95
260 19 91
6 261 100
261 6 95
49 261 94
261 49 96
26 261 87
261 26 90
125 262 100
262 125 100
30 262 86
262 30 95
198 262 100
262 198 99
117 263 100
263 117 96
5 263 93
263 5 96
207 263 96
263 207 100
30 264 100
264 30 98
60 264 95
264 60 100
5 264 100
264 5 93
199 265 100
265 199 90
89 265 95
265 89 100
26 265 72
265 26 90
161 266 97
266 161 89
76 266 97
266 76 99
121 266 90
266 121 97
189 267 98
267 189 100
2 267 94
267 2 95
55 267 99
267 55 99
32 268 95
268 32 95
3 268 92
268 3 100
97 268 95
268 97 100
91 269 100
269 91 100
91 269 95
269 91 96
109 269 95
269 109 88
17 270 100
270 17 100
36 270 100
270 36 100
109 270 100
270 109 100
43 271 91
271 43 100
76 271 99
271 76 100
28 271 100
271 28 93
176 272 95
272 176 98
35 272 96
272 35 92
45 272 95
272 45 96
26 273 92
273 26 95
48 273 95
273 48 95
2 273 87
273 2 100
4 274 98
274 4 91
21 274 92
274 21 93
140 274 100
274 140 100
50 275 99
275 50 100
146 275 100
275 146 94
2 275 87
275 2 96
5 276 80
276 5 91
261 276 100
276 261 100
22 276 100
276 22 98
11 277 95
277 11 95
212 277 95
277 212 100
21 277 85
277 21 95
5 278 92
278 5 78
87 278 100
278 87 94
8 278 97
278 8 91
5 279 76
279 5 72
7 279 96
279 7 90
154 279 96
279 154 100
68 280 100
280 68 96
138 280 99
280 138 98
19 280 95
280 19 96
5 281 87
281 5 77
133 281 99
281 133 97
139 281 100
281 139 90
8 282 89
282 8 92
52 282 86
282 52 90
71 282 100
282 71 100
11 283 96
283 11 97
30 283 97
283 30 100
8 283 97
283 8 91
13 284 90
284 13 90
30 284 88
284 30 84
149 284 98
284 149 98
20 285 95
285 20 100
91 285 96
285 91 95
85 285 95
285 85 93
2 286 89
286 2 98
24 286 87
286 24 100
66 286 100
286 66 100
185 287 98
287 185 100
189 287 98
287 189 98
191 287 96
287 191 95
35 288 94
288 35 93
71 288 93
288 71 100
181 288 100
288 181 96
3 289 85
289 3 89
19 289 100
289 19 85
288 289 100
289 288 100
1 290 100
290 1 100
9 290 100
290 9 87
91 290 100
290 91 87
27 291 99
291 27 100
3 291 95
291 3 89
8 291 96
291 8 100
69 292 100
292 69 98
108 292 99
292 108 96
118 292 96
292 118 98
19 293 100
293 19 92
26 293 97
293 26 94
53 293 92
293 53 99
38 294 90
294 38 99
25 294 94
294 25 97
287 294 96
294 287 95
87 295 100
295 87 98
5 295 92
295 5 94
8 295 100
295 8 100
28 296 100
296 28 100
30 296 100
296 30 100
5 296 76
296 5 86
50 297 100
297 50 100
5 297 96
297 5 86
11 297 100
297 11 99
165 298 95
298 165 100
207 298 96
298 207 100
260 298 93
298 260 93
45 299 100
299 45 95
5 299 83
299 5 92
21 299 95
299 21 100
4 300 81
300 4 77
8 300 87
300 8 94
156 300 93
300 156 100
4 301 93
301 4 86
13 301 99
301 13 96
294 301 95
301 294 100
58 302 90
302 58 95
168 302 100
302 168 100
22 302 90
302 22 90
132 303 97
303 132 100
271 303 91
303 271 98
44 303 100
303 44 90
44 304 100
304 44 97
91 304 94
304 91 95
116 304 95
304 116 100
35 305 93
305 35 97
5 305 98
305 5 97
186 305 97
305 186 100
91 306 93
306 91 90
6 306 94
306 6 98
5 306 93
306 5 82
11 307 97
307 11 100
188 307 93
307 188 93
16 307 92
307 16 93
88 308 100
308 88 100
4 308 95
308 4 100
5 308 90
308 5 98
207 309 100
309 207 96
294 309 93
309 294 100
21 309 95
309 21 90
109 310 100
310 109 100
122 310 100
310 122 100
14 310 98
310 14 96
2 311 87
311 2 90
47 311 100
311 47 96
64 311 100
311 64 100
47 312 96
312 47 96
24 312 87
312 24 82
49 312 92
312 49 96
12 313 89
313 12 100
219 313 100
313 219 100
65 313 95
313 65 82
112 314 92
314 112 94
257 314 98
314 257 100
135 314 85
314 135 93
84 315 95
315 84 100
255 315 97
315 255 100
280 315 99
315 280 96
5 316 86
316 5 84
273 316 95
316 273 95
3 316 95
316 3 89
36 317 95
317 36 100
12 317 80
317 12 96
142 317 95
317 142 98
28 318 100
318 28 100
110 318 100
318 110 100
110 318 96
318 110 100
50 319 98
319 50 99
124 319 92
319 124 99
216 319 100
319 216 100
78 320 100
320 78 100
4 320 98
320 4 84
283 320 100
320 283 100
112 321 93
321 112 98
17 321 96
321 17 96
57 321 95
321 57 100
174 322 100
322 174 100
226 322 93
322 226 95
96 322 96
322 96 100
6 323 100
323 6 100
247 323 95
323 247 100
16 323 97
323 16 91
107 324 97
324 107 100
225 324 99
324 225 86
54 324 100
324 54 95
90 325 95
325 90 100
321 325 100
325 321 100
9 325 98
325 9 91
4 326 88
326 4 97
13 326 84
326 13 95
195 326 98
326 195 100
48 327 98
327 48 91
79 327 89
327 79 90
255 327 95
327 255 90
7 328 100
328 7 98
25 328 99
328 25 100
4 328 87
328 4 84
11 329 83
329 11 98
46 329 96
329 46 90
90 329 98
329 90 96
115 330 100
330 115 100
81 330 98
330 81 95
232 330 100
330 232 98
5 331 93
331 5 93
45 331 96
331 45 100
214 331 100
331 214 96
108 332 88
332 108 97
50 332 83
332 50 99
249 332 100
332 249 96
105 333 100
333 105 100
4 333 89
333 4 91
13 333 100
333 13 92
3 334 84
334 3 86
88 334 97
334 88 96
266 334 96
334 266 97
5 335 88
335 5 86
32 335 89
335 32 97
45 335 100
335 45 100
122 336 100
336 122 100
16 336 94
336 16 97
52 336 100
336 52 92
5 337 86
337 5 87
145 337 100
337 145 100
170 337 100
337 170 100
13 338 91
338 13 100
43 338 95
338 43 98
192 338 100
338 192 100
4 339 85
339 4 92
304 339 97
339 304 95
17 339 93
339 17 95
204 340 95
340 204 95
5 340 65
340 5 94
30 340 100
340 30 87
292 341 100
341 292 100
94 341 100
341 94 100
255 341 97
341 255 100
35 342 96
342 35 97
8 342 91
342 8 93
20 342 97
342 20 99
56 343 100
343 56 94
316 343 97
343 316 100
4 343 84
343 4 82
35 344 95
344 35 94
110 344 95
344 110 91
206 344 96
344 206 100
145 345 93
345 145 97
27 345 100
345 27 100
24 345 86
345 24 92
210 346 96
346 210 100
109 346 100
346 109 100
13 346 92
346 13 95
210 347 96
347 210 100
90 347 87
347 90 89
310 347 96
347 310 100
318 348 100
348 318 95
345 348 100
348 345 96
13 348 94
348 13 95
256 349 95
349 256 100
33 349 91
349 33 95
153 349 100
349 153 99
5 350 88
350 5 79
211 350 100
350 211 100
160 350 98
350 160 99
3 351 83
351 3 91
14 351 95
351 14 94
292 351 100
351 292 93
5 352 100
352 5 98
3 352 96
352 3 100
4 352 85
352 4 84
330 353 84
353 330 100
350 353 100
353 350 100
24 353 94
353 24 79
344 354 100
354 344 100
43 354 100
354 43 85
2 354 95
354 2 92
38 355 96
355 38 96
319 355 92
355 319 100
5 355 78
355 5 95
74 356 95
356 74 98
106 356 95
356 106 100
109 356 95
356 109 98
13 357 95
357 13 95
23 357 100
357 23 99
33 357 95
357 33 100
13 358 98
358 13 91
26 358 88
358 26 95
61 358 100
358 61 97
2 359 100
359 2 99
8 359 99
359 8 100
19 359 100
359 19 100
66 360 95
360 66 100
72 360 96
360 72 96
257 360 99
360 257 100
8 361 100
361 8 96
305 361 100
361 305 100
26 361 98
361 26 98
5 362 93
362 5 79
172 362 98
362 172 98
204 362 95
362 204 95
50 363 96
363 50 96
319 363 95
363 319 100
253 363 100
363 253 97
60 364 100
364 60 100
4 364 88
364 4 86
248 364 100
364 248 99
98 365 98
365 98 89
44 365 90
365 44 89
298 365 95
365 298 98
233 366 100
366 233 100
295 366 95
366 295 99
2 366 96
366 2 95
61 367 93
367 61 100
204 367 97
367 204 100
187 367 100
367 187 84
105 368 100
368 105 100
115 368 100
368 115 92
125 368 94
368 125 95
135 369 98
369 135 96
69 369 96
369 69 100
14 369 95
369 14 91
282 370 92
370 282 100
121 370 100
370 121 100
48 370 100
370 48 94
125 371 100
371 125 91
4 371 93
371 4 91
359 371 100
371 359 97
106 372 87
372 106 100
1 372 89
372 1 89
42 372 96
372 42 97
8 373 100
373 8 95
43 373 100
373 43 97
240 373 100
373 240 95
186 374 97
374 186 99
265 374 100
374 265 100
6 374 84
374 6 97
30 375 91
375 30 99
56 375 100
375 56 91
140 375 95
375 140 95
132 376 97
376 132 98
7 376 94
376 7 89
176 376 100
376 176 87
50 377 98
377 50 95
356 377 95
377 356 98
5 377 89
377 5 97
116 378 91
378 116 100
230 378 94
378 230 100
99 378 91
378 99 91
24 379 94
379 24 100
199 379 100
379 199 100
60 379 99
379 60 95
256 380 93
380 256 100
57 380 100
380 57 97
3 380 95
380 3 85
3 381 100
381 3 97
1 381 91
381 1 96
139 381 100
381 139 93
7 382 93
382 7 93
312 382 100
382 312 100
27 382 90
382 27 91
85 383 100
383 85 100
370 383 97
383 370 100
11 383 100
383 11 92
27 384 96
384 27 90
8 384 91
384 8 94
3 384 95
384 3 71
5 385 73
385 5 96
99 385 100
385 99 95
55 385 95
385 55 97
86 386 100
386 86 100
12 386 90
386 12 98
7 386 97
386 7 84
139 387 91
387 139 100
4 387 91
387 4 86
112 387 100
387 112 90
121 388 100
388 121 99
6 388 96
388 6 98
4 388 95
388 4 87
4 389 98
389 4 93
18 389 100
389 18 100
115 389 100
389 115 100
143 390 100
390 143 94
1 390 93
390 1 100
30 390 93
390 30 95
21 391 93
391 21 100
101 391 100
391 101 96
15 391 100
391 15 100
37 392 100
392 37 95
282 392 94
392 282 100
3 392 100
392 3 98
206 393 97
393 206 100
353 393 98
393 353 100
68 393 100
393 68 97
305 394 97
394 305 100
3 394 77
394 3 88
42 394 97
394 42 90
12 395 98
395 12 100
291 395 100
395 291 92
60 395 96
395 60 91
13 396 90
396 13 92
82 396 96
396 82 92
176 396 93
396 176 89
42 397 95
397 42 97
107 397 95
397 107 97
35 397 98
397 35 91
34 398 95
398 34 100
260 398 95
398 260 100
56 398 100
398 56 88
196 399 96
399 196 100
328 399 100
399 328 100
3 399 95
399 3 91
5 400 93
400 5 99
47 400 100
400 47 100
6 400 98
400 6 88
372 401 95
401 372 100
2 401 100
401 2 94
3 401 97
401 3 87
8 402 91
402 8 96
26 402 94
402 26 86
79 402 100
402 79 98
87 403 96
403 87 100
81 403 100
403 81 100
26 403 100
403 26 96
27 404 92
404 27 100
34 404 96
404 34 96
343 404 95
404 343 94
272 405 96
405 272 100
181 405 100
405 181 100
5 405 86
405 5 86
24 406 90
406 24 85
152 406 99
406 152 100
9 406 92
406 9 91
8 407 100
407 8 96
33 407 96
407 33 98
48 407 84
407 48 95
292 408 100
408 292 100
347 408 100
408 347 100
48 408 91
408 48 93
139 409 93
409 139 100
52 409 95
409 52 95
32 409 100
409 32 94
73 410 98
410 73 99
142 410 100
410 142 100
44 410 94
410 44 95
3 411 90
411 3 100
300 411 99
411 300 93
33 411 95
411 33 91
97 412 100
412 97 90
289 412 91
412 289 100
2 412 89
412 2 90
265 413 92
413 265 95
183 413 100
413 183 100
40 413 93
413 40 94
175 414 100
414 175 100
275 414 93
414 275 100
32 414 89
414 32 94
0 415 93
415 0 100
3 415 95
415 3 94
138 415 100
415 138 100
12 416 94
416 12 85
50 416 95
416 50 100
104 416 99
416 104 97
2 417 94
417 2 99
4 417 93
417 4 94
82 417 97
417 82 96
187 418 96
418 187 100
58 418 100
418 58 98
355 418 96
418 355 99
170 419 96
419 170 93
225 419 96
419 225 99
282 419 96
419 282 95
96 420 95
420 96 97
245 420 100
420 245 97
273 420 97
420 273 98
39 421 98
421 39 100
60 421 95
421 60 95
72 421 100
421 72 93
216 422 98
422 216 98
30 422 89
422 30 86
155 422 97
422 155 96
5 423 88
423 5 85
42 423 90
423 42 100
233 423 93
423 233 91
140 424 100
424 140 100
50 424 98
424 50 100
24 424 90
424 24 100
148 425 100
425 148 100
197 425 94
425 197 99
20 425 93
425 20 87
43 426 95
426 43 93
63 426 95
426 63 100
152 426 100
426 152 100
46 427 100
427 46 100
188 427 100
427 188 100
115 427 100
427 115 97
0 428 100
428 0 99
270 428 100
428 270 100
286 428 99
428 286 100
13 429 97
429 13 94
64 429 100
429 64 100
7 429 97
429 7 99
411 430 100
430 411 95
3 430 95
430 3 84
108 430 92
430 108 96
59 431 98
431 59 96
232 431 100
431 232 100
1 431 83
431 1 93
4 432 94
432 4 97
305 432 93
432 305 97
285 432 100
432 285 100
128 433 95
433 128 100
101 433 100
433 101 100
5 433 81
433 5 78
4 434 82
434 4 82
12 434 100
434 12 83
24 434 97
434 24 98
13 435 97
435 13 97
352 435 93
435 352 98
357 435 98
435 357 100
2 436 93
436 2 95
8 436 87
436 8 100
74 436 100
436 74 97
4 437 96
437 4 88
429 437 84
437 429 98
87 437 96
437 87 94
55 438 96
438 55 100
197 438 98
438 197 100
5 438 89
438 5 84
4 439 87
439 4 86
55 439 100
439 55 96
145 439 95
439 145 100
38 440 93
440 38 94
340 440 96
440 340 95
6 440 88
440 6 71
8 441 95
441 8 96
3 441 95
441 3 88
270 441 95
441 270 100
46 442 94
442 46 97
0 442 100
442 0 100
84 442 95
442 84 97
239 443 99
443 239 100
161 443 98
443 161 100
45 443 95
443 45 100
13 444 93
444 13 95
22 444 94
444 22 97
64 444 100
444 64 100
91 445 97
445 91 95
147 445 92
445 147 99
60 445 97
445 60 95
74 446 94
446 74 100
26 446 94
446 26 100
354 446 100
446 354 90
99 447 92
447 99 100
32 447 99
447 32 100
152 447 100
447 152 93
21 448 100
448 21 100
96 448 100
448 96 98
21 448 92
448 21 100
38 449 93
449 38 94
85 449 100
449 85 100
247 449 87
449 247 100
28 450 97
450 28 98
3 450 89
450 3 95
22 450 100
450 22 95
4 451 83
451 4 76
38 451 94
451 38 91
111 451 91
451 111 100
256 452 94
452 256 92
61 452 78
452 61 100
298 452 100
452 298 95
1 453 89
453 1 100
20 453 92
453 20 95
72 453 100
453 72 93
12 454 96
454 12 94
190 454 96
454 190 100
279 454 97
454 279 94
4 455 83
455 4 98
57 455 100
455 57 98
79 455 100
455 79 98
65 456 100
456 65 97
38 456 99
456 38 100
40 456 100
456 40 96
16 457 97
457 16 99
5 457 91
457 5 100
221 457 100
457 221 92
8 458 98
458 8 85
116 458 93
458 116 95
375 458 96
458 375 93
37 459 100
459 37 100
174 459 95
459 174 100
2 459 97
459 2 91
41 460 89
460 41 95
327 460 98
460 327 97
111 460 100
460 111 94
327 461 100
461 327 100
22 461 93
461 22 96
61 461 96
461 61 100
20 462 95
462 20 100
187 462 100
462 187 99
191 462 96
462 191 95
50 463 81
463 50 89
382 463 96
463 382 100
185 463 92
463 185 94
2 464 92
464 2 98
74 464 100
464 74 98
189 464 100
464 189 100
46 465 95
465 46 100
7 465 96
465 7 94
219 465 92
465 219 93
5 466 90
466 5 78
189 466 90
466 189 96
206 466 100
466 206 100
322 467 97
467 322 100
413 467 100
467 413 100
272 467 93
467 272 88
327 468 98
468 327 98
413 468 93
468 413 100
135 468 98
468 135 89
42 469 97
469 42 95
132 469 99
469 132 95
267 469 99
469 267 96
453 470 96
470 453 100
265 470 95
470 265 98
421 470 96
470 421 100
444 471 97
471 444 99
345 471 93
471 345 100
55 471 91
471 55 84
101 472 100
472 101 94
340 472 93
472 340 100
199 472 100
472 199 93
104 473 97
473 104 100
7 473 87
473 7 99
97 473 95
473 97 92
7 474 99
474 7 96
191 474 95
474 191 100
360 474 100
474 360 100
1 475 91
475 1 100
23 475 92
475 23 100
105 475 97
475 105 95
4 476 91
476 4 100
8 476 95
476 8 100
122 476 100
476 122 96
13 477 96
477 13 96
54 477 97
477 54 90
64 477 100
477 64 95
84 478 98
478 84 100
391 478 95
478 391 100
13 478 85
478 13 90
49 479 92
479 49 100
13 479 94
479 13 99
228 479 100
479 228 97
160 480 100
480 160 100
16 480 100
480 16 100
26 480 97
480 26 92
5 481 91
481 5 95
33 481 92
481 33 100
426 481 95
481 426 100
372 482 94
482 372 98
170 482 89
482 170 84
242 482 88
482 242 94
18 483 94
483 18 91
232 483 95
483 232 100
301 483 100
483 301 99
110 484 93
484 110 95
58 484 100
484 58 100
58 484 97
484 58 96
2 485 96
485 2 99
21 485 100
485 21 96
54 485 93
485 54 100
21 486 94
486 21 100
13 486 96
486 13 92
87 486 91
486 87 97
4 487 88
487 4 88
307 487 100
487 307 98
264 487 97
487 264 96
26 488 96
488 26 100
318 488 96
488 318 96
7 488 100
488 7 89
117 489 88
489 117 100
124 489 96
489 124 98
245 489 100
489 245 100
61 490 95
490 61 86
90 490 91
490 90 98
30 490 89
490 30 81
73 491 99
491 73 96
115 491 100
491 115 100
1 491 92
491 1 96
39 492 96
492 39 96
3 492 87
492 3 95
358 492 95
492 358 100
34 493 87
493 34 100
69 493 100
493 69 84
165 493 96
493 165 98
4 494 89
494 4 95
434 494 100
494 434 100
6 494 99
494 6 95
2 495 89
495 2 77
91 495 89
495 91 96
148 495 93
495 148 100
28 496 94
496 28 100
17 496 100
496 17 99
87 496 95
496 87 98
112 497 95
497 112 89
13 497 83
497 13 87
428 497 95
497 428 97
307 498 98
498 307 100
176 498 96
498 176 94
4 498 86
498 4 89
261 499 100
499 261 100
136 499 100
499 136 100
384 499 100
499 384 85
2 500 98
500 2 95
4 500 79
500 4 90
17 500 98
500 17 100
107 501 91
501 107 94
236 501 100
501 236 95
459 501 100
501 459 95
123 502 100
502 123 100
312 502 99
502 312 100
3 502 98
502 3 84
161 503 100
503 161 92
30 503 89
503 30 92
58 503 82
503 58 89
473 504 96
504 473 96
73 504 100
504 73 95
124 504 91
504 124 90
54 505 95
505 54 100
98 505 97
505 98 94
491 505 100
505 491 94
44 506 96
506 44 95
34 506 97
506 34 89
238 506 100
506 238 99
278 507 100
507 278 97
285 507 100
507 285 100
40 507 95
507 40 94
88 508 89
508 88 96
96 508 100
508 96 100
3 508 91
508 3 84
1 509 97
509 1 94
185 509 94
509 185 100
197 509 89
509 197 98
121 510 100
510 121 93
140 510 100
510 140 100
148 510 100
510 148 95
116 511 92
511 116 95
189 511 100
511 189 91
157 511 96
511 157 90
170 512 100
512 170 100
292 512 99
512 292 100
337 512 92
512 337 97
131 513 98
513 131 100
3 513 92
513 3 96
58 513 98
513 58 94
11 514 93
514 11 100
81 514 95
514 81 92
228 514 100
514 228 97
75 515 100
515 75 98
5 515 84
515 5 81
9 515 99
515 9 98
39 516 82
516 39 98
50 516 94
516 50 97
37 516 100
516 37 96
42 517 100
517 42 90
128 517 95
517 128 88
339 517 99
517 339 95
497 518 97
518 497 96
24 518 97
518 24 83
59 518 97
518 59 98
50 519 90
519 50 95
111 519 100
519 111 92
459 519 97
519 459 100
91 520 97
520 91 95
314 520 93
520 314 95
375 520 99
520 375 96
74 521 100
521 74 100
79 521 100
521 79 100
5 521 94
521 5 87
304 522 100
522 304 100
3 522 96
522 3 94
307 522 96
522 307 100
58 523 100
523 58 97
18 523 98
523 18 88
519 523 97
523 519 95
16 524 100
524 16 100
117 524 96
524 117 95
85 524 93
524 85 91
30 525 95
525 30 91
157 525 100
525 157 87
355 525 83
525 355 100
20 526 99
526 20 96
67 526 97
526 67 95
475 526 100
526 475 100
5 527 92
527 5 75
491 527 95
527 491 99
0 527 96
527 0 99
27 528 99
528 27 95
98 528 98
528 98 96
401 528 100
528 401 100
107 529 100
529 107 100
402 529 90
529 402 100
5 529 88
529 5 90
349 530 95
530 349 98
235 530 97
530 235 99
279 530 90
530 279 90
99 531 93
531 99 100
289 531 100
531 289 100
35 531 94
531 35 95
50 532 100
532 50 95
459 532 99
532 459 100
279 532 100
532 279 99
5 533 89
533 5 68
497 533 88
533 497 99
99 533 85
533 99 94
7 534 100
534 7 99
138 534 100
534 138 100
165 534 97
534 165 86
44 535 96
535 44 99
227 535 95
535 227 100
4 535 75
535 4 92
139 536 95
536 139 100
30 536 93
536 30 92
40 536 97
536 40 100
327 537 91
537 327 99
356 537 97
537 356 96
152 537 95
537 152 100
72 538 98
538 72 96
356 538 99
538 356 97
35 538 91
538 35 99
246 539 96
539 246 96
115 539 96
539 115 96
121 539 92
539 121 92
13 540 100
540 13 100
34 540 100
540 34 95
3 540 91
540 3 86
67 541 100
541 67 97
375 541 93
541 375 100
21 541 94
541 21 90
427 542 100
542 427 100
11 542 100
542 11 92
33 542 89
542 33 90
154 543 92
543 154 100
517 543 100
543 517 90
518 543 99
543 518 98
427 544 98
544 427 100
4 544 91
544 4 92
5 544 98
544 5 77
5 545 88
545 5 94
297 545 100
545 297 100
26 545 93
545 26 89
141 546 100
546 141 97
376 546 97
546 376 96
196 546 98
546 196 100
32 547 100
547 32 100
348 547 97
547 348 100
12 547 93
547 12 91
56 548 90
548 56 84
146 548 94
548 146 94
318 548 100
548 318 100
89 549 95
549 89 97
69 549 97
549 69 93
74 549 96
549 74 97
50 550 96
550 50 98
3 550 97
550 3 93
311 550 98
550 311 100
23 551 100
551 23 95
272 551 96
551 272 97
17 551 93
551 17 95
34 552 100
552 34 96
107 552 97
552 107 94
356 552 98
552 356 98
107 553 95
553 107 100
101 553 100
553 101 94
507 553 100
553 507 92
65 554 100
554 65 100
87 554 99
554 87 100
434 554 92
554 434 91
6 555 96
555 6 100
71 555 100
555 71 99
515 555 95
555 515 96
64 556 100
556 64 100
110 556 100
556 110 98
14 556 95
556 14 94
301 557 99
557 301 100
535 557 98
557 535 100
119 557 92
557 119 90
13 558 90
558 13 100
484 558 98
558 484 90
72 558 95
558 72 91
13 559 96
559 13 87
40 559 84
559 40 96
147 559 100
559 147 92
493 560 100
560 493 100
107 560 95
560 107 99
34 560 99
560 34 92
31 561 100
561 31 100
161 561 100
561 161 100
51 561 97
561 51 97
94 562 88
562 94 100
1 562 87
562 1 86
16 562 100
562 16 86
512 563 95
563 512 100
332 563 88
563 332 100
379 563 99
563 379 96
36 564 100
564 36 100
79 564 83
564 79 95
277 564 100
564 277 100
125 565 100
565 125 99
43 565 97
565 43 100
274 565 97
565 274 86
44 566 95
566 44 92
477 566 100
566 477 100
335 566 92
566 335 93
3 567 92
567 3 100
8 567 94
567 8 100
46 567 96
567 46 100
24 568 95
568 24 100
27 568 93
568 27 91
34 568 88
568 34 89
98 569 99
569 98 100
451 569 92
569 451 98
552 569 99
569 552 95
26 570 89
570 26 100
45 570 96
570 45 89
455 570 100
570 455 96
300 571 77
571 300 95
347 571 100
571 347 95
443 571 100
571 443 88
9 572 92
572 9 100
161 572 94
572 161 100
14 572 88
572 14 94
328 573 99
573 328 90
89 573 94
573 89 86
289 573 97
573 289 93
246 574 100
574 246 100
48 574 88
574 48 95
208 574 100
574 208 93
8 575 100
575 8 100
373 575 100
575 373 100
8 575 95
575 8 96
52 576 97
576 52 95
4 576 95
576 4 94
43 576 100
576 43 96
291 577 95
577 291 98
475 577 90
577 475 100
49 577 90
577 49 96
5 578 90
578 5 91
340 578 98
578 340 100
40 578 99
578 40 98
400 579 96
579 400 100
426 579 100
579 426 100
26 579 96
579 26 88
452 580 90
580 452 94
393 580 96
580 393 97
3 580 86
580 3 75
191 581 100
581 191 92
5 581 83
581 5 67
194 581 87
581 194 89
84 582 99
582 84 100
282 582 98
582 282 99
5 582 87
582 5 93
114 583 96
583 114 99
425 583 100
583 425 99
504 583 90
583 504 88
408 584 96
584 408 97
528 584 92
584 528 96
220 584 99
584 220 100
72 585 95
585 72 97
176 585 98
585 176 100
342 585 96
585 342 97
22 586 88
586 22 91
94 586 99
586 94 100
98 586 93
586 98 100
3 587 87
587 3 81
97 587 95
587 97 92
288 587 91
587 288 100
36 588 98
588 36 98
103 588 96
588 103 95
106 588 81
588 106 100
300 589 100
589 300 100
515 589 95
589 515 90
528 589 100
589 528 96
574 590 92
590 574 100
25 590 97
590 25 100
132 590 97
590 132 97
331 591 100
591 331 100
2 591 92
591 2 95
48 591 99
591 48 97
453 592 96
592 453 100
144 592 97
592 144 94
146 592 85
592 146 88
98 593 90
593 98 92
79 593 94
593 79 96
30 593 88
593 30 85
4 594 91
594 4 85
109 594 100
594 109 97
171 594 92
594 171 96
125 595 100
595 125 100
3 595 91
595 3 97
85 595 93
595 85 90
87 596 97
596 87 100
95 596 99
596 95 100
203 596 98
596 203 100
148 597 96
597 148 95
201 597 97
597 201 100
5 597 69
597 5 86
56 598 98
598 56 100
3 598 93
598 3 76
71 598 100
598 71 94
3 599 85
599 3 94
48 599 90
599 48 86
145 599 95
599 145 82
5 600 93
600 5 93
117 600 100
600 117 98
265 600 100
600 265 95
122 601 100
601 122 100
39 601 93
601 39 100
71 601 95
601 71 90
203 602 85
602 203 100
594 602 100
602 594 100
5 602 97
602 5 77
7 603 97
603 7 100
8 603 94
603 8 94
61 603 100
603 61 88
221 604 90
604 221 96
497 604 100
604 497 100
60 604 94
604 60 100
128 605 100
605 128 96
9 605 85
605 9 90
319 605 100
605 319 100
84 606 100
606 84 100
56 606 97
606 56 98
543 606 96
606 543 95
38 607 100
607 38 100
52 607 99
607 52 100
16 607 90
607 16 91
2 608 86
608 2 91
54 608 88
608 54 96
168 608 95
608 168 95
5 609 71
609 5 79
410 609 97
609 410 92
517 609 84
609 517 87
219 610 100
610 219 100
33 610 100
610 33 86
61 610 100
610 61 98
145 611 100
611 145 100
67 611 91
611 67 100
12 611 92
611 12 87
75 612 100
612 75 99
18 612 98
612 18 91
443 612 89
612 443 100
399 613 100
613 399 98
525 613 96
613 525 100
34 613 89
613 34 90
117 614 100
614 117 100
74 614 94
614 74 100
240 614 100
614 240 97
369 615 100
615 369 100
107 615 80
615 107 95
49 615 80
615 49 88
114 616 92
616 114 96
327 616 100
616 327 95
32 616 93
616 32 82
31 617 98
617 31 99
199 617 97
617 199 96
361 617 98
617 361 94
20 618 92
618 20 88
55 618 95
618 55 96
62 618 95
618 62 98
6 619 91
619 6 92
572 619 93
619 572 100
287 619 100
619 287 100
5 620 79
620 5 69
43 620 100
620 43 100
111 620 93
620 111 98
342 621 100
621 342 96
34 621 96
621 34 100
5 621 86
621 5 97
1 622 91
622 1 83
443 622 94
622 443 100
504 622 94
622 504 99
237 623 99
623 237 100
272 623 91
623 272 95
6 623 95
623 6 89
4 624 94
624 4 92
97 624 99
624 97 100
17 624 96
624 17 97
48 625 96
625 48 100
4 625 92
625 4 94
25 625 100
625 25 99
10 626 94
626 10 96
130 626 99
626 130 100
3 626 90
626 3 97
51 627 95
627 51 96
290 627 96
627 290 95
36 627 100
627 36 96
7 628 88
628 7 99
247 628 100
628 247 97
6 628 94
628 6 95
26 629 86
629 26 98
74 629 96
629 74 91
114 629 99
629 114 86
24 630 87
630 24 93
159 630 100
630 159 97
5 630 88
630 5 85
407 631 100
631 407 100
121 631 100
631 121 100
282 631 100
631 282 99
13 632 95
632 13 100
47 632 100
632 47 100
285 632 100
632 285 97
135 633 100
633 135 100
35 633 97
633 35 97
192 633 95
633 192 91
597 634 90
634 597 98
455 634 100
634 455 100
1 634 95
634 1 89
72 635 98
635 72 95
109 635 100
635 109 100
142 635 99
635 142 90
383 636 100
636 383 100
54 636 96
636 54 94
23 636 89
636 23 90
56 637 100
637 56 93
39 637 97
637 39 95
206 637 97
637 206 94
13 638 92
638 13 86
17 638 99
638 17 95
21 638 86
638 21 87
238 639 94
639 238 100
15 639 96
639 15 96
349 639 100
639 349 100
170 640 100
640 170 95
5 640 87
640 5 81
125 640 95
640 125 96
608 641 100
641 608 94
69 641 97
641 69 96
356 641 100
641 356 100
5 642 87
642 5 90
88 642 86
642 88 94
40 642 100
642 40 96
279 643 99
643 279 96
302 643 100
643 302 99
44 643 93
643 44 95
607 644 96
644 607 100
536 644 97
644 536 100
14 644 91
644 14 97
58 645 98
645 58 99
64 645 95
645 64 95
117 645 96
645 117 86
538 646 100
646 538 97
561 646 100
646 561 100
4 646 95
646 4 92
34 647 93
647 34 89
543 647 96
647 543 95
124 647 100
647 124 96
451 648 100
648 451 100
285 648 95
648 285 100
4 648 90
648 4 74
122 649 95
649 122 100
113 649 96
649 113 100
375 649 100
649 375 99
81 650 100
650 81 100
8 650 87
650 8 100
184 650 96
650 184 99
1 651 100
651 1 100
21 651 83
651 21 98
439 651 100
651 439 95
61 652 95
652 61 88
138 652 83
652 138 95
449 652 100
652 449 96
13 653 100
653 13 100
13 653 100
653 13 97
34 653 94
653 34 90
426 654 95
654 426 100
93 654 100
654 93 100
402 654 93
654 402 94
435 655 98
655 435 100
12 655 99
655 12 88
58 655 97
655 58 95
235 656 100
656 235 100
422 656 98
656 422 92
517 656 92
656 517 88
145 657 88
657 145 100
552 657 93
657 552 89
292 657 97
657 292 100
531 658 98
658 531 98
563 658 97
658 563 100
114 658 98
658 114 100
84 659 94
659 84 96
560 659 95
659 560 100
3 659 96
659 3 93
5 660 92
660 5 79
36 660 99
660 36 95
229 660 88
660 229 100
2 661 88
661 2 96
399 661 100
661 399 96
539 661 96
661 539 96
12 662 91
662 12 94
457 662 95
662 457 100
101 662 100
662 101 71
115 663 95
663 115 100
171 663 100
663 171 100
3 663 100
663 3 98
79 664 100
664 79 100
110 664 100
664 110 98
117 664 97
664 117 100
5 665 86
665 5 87
202 665 100
665 202 100
450 665 97
665 450 98
20 666 94
666 20 100
518 666 100
666 518 84
265 666 90
666 265 97
21 667 98
667 21 91
121 667 96
667 121 100
55 667 100
667 55 95
116 668 100
668 116 96
182 668 96
668 182 93
56 668 96
668 56 92
97 669 89
669 97 100
366 669 98
669 366 99
21 669 99
669 21 82
97 670 99
670 97 95
11 670 86
670 11 96
50 670 86
670 50 95
21 671 99
671 21 100
2 671 98
671 2 99
63 671 100
671 63 94
108 672 100
672 108 99
5 672 97
672 5 94
8 672 99
672 8 100
111 673 100
673 111 96
85 673 100
673 85 99
637 673 100
673 637 95
108 674 99
674 108 91
329 674 98
674 329 93
422 674 100
674 422 100
111 675 95
675 111 100
450 675 98
675 450 100
94 675 92
675 94 97
32 676 98
676 32 97
312 676 90
676 312 91
493 676 100
676 493 94
155 677 98
677 155 100
279 677 90
677 279 100
492 677 97
677 492 100
24 678 96
678 24 96
94 678 97
678 94 94
579 678 99
678 579 96
435 679 94
679 435 100
5 679 77
679 5 80
43 679 87
679 43 87
25 680 100
680 25 98
81 680 100
680 81 97
30 680 98
680 30 100
318 681 94
681 318 95
5 681 87
681 5 87
121 681 100
681 121 97
504 682 88
682 504 100
5 682 89
682 5 74
266 682 91
682 266 99
3 683 88
683 3 93
339 683 95
683 339 100
65 683 100
683 65 95
14 684 96
684 14 95
451 684 97
684 451 90
220 684 97
684 220 100
5 685 84
685 5 85
186 685 90
685 186 100
94 685 100
685 94 99
80 686 100
686 80 94
533 686 90
686 533 97
650 686 93
686 650 100
251 687 100
687 251 97
70 687 91
687 70 100
80 687 97
687 80 93
81 688 94
688 81 97
112 688 95
688 112 93
147 688 96
688 147 96
30 689 82
689 30 97
245 689 100
689 245 100
406 689 95
689 406 93
24 690 96
690 24 98
99 690 100
690 99 93
428 690 100
690 428 97
3 691 99
691 3 96
193 691 95
691 193 100
4 691 96
691 4 89
198 692 100
692 198 100
544 692 100
692 544 87
613 692 100
692 613 94
147 693 92
693 147 99
2 693 97
693 2 97
258 693 100
693 258 99
6 694 96
694 6 96
60 694 98
694 60 97
117 694 100
694 117 94
36 695 90
695 36 100
4 695 90
695 4 91
510 695 100
695 510 97
72 696 91
696 72 91
55 696 98
696 55 100
3 696 91
696 3 90
21 697 86
697 21 92
1 697 92
697 1 84
135 697 98
697 135 97
148 698 100
698 148 99
342 698 100
698 342 100
78 698 88
698 78 91
13 699 95
699 13 100
17 699 91
699 17 90
434 699 100
699 434 100
404 700 97
700 404 100
62 700 95
700 62 100
374 700 98
700 374 99
547 701 94
701 547 100
4 701 75
701 4 89
58 701 98
701 58 98
173 702 96
702 173 100
208 702 100
702 208 95
412 702 100
702 412 95
128 703 100
703 128 100
88 703 100
703 88 95
171 703 100
703 171 100
68 704 99
704 68 100
449 704 98
704 449 100
587 704 92
704 587 94
172 705 91
705 172 99
237 705 100
705 237 99
520 705 99
705 520 100
33 706 93
706 33 83
538 706 96
706 538 96
109 706 97
706 109 93
663 707 95
707 663 100
12 707 99
707 12 95
3 707 98
707 3 89
3 708 85
708 3 86
38 708 95
708 38 87
182 708 95
708 182 100
5 709 92
709 5 86
39 709 94
709 39 88
71 709 100
709 71 100
411 710 100
710 411 100
631 710 95
710 631 100
4 710 98
710 4 82
74 711 97
711 74 100
413 711 100
711 413 98
278 711 100
711 278 100
16 712 89
712 16 99
14 712 94
712 14 90
287 712 100
712 287 93
341 713 100
713 341 100
44 713 99
713 44 94
95 713 100
713 95 91
19 714 100
714 19 100
337 714 100
714 337 100
555 714 100
714 555 100
176 715 100
715 176 100
0 715 100
715 0 100
72 715 92
715 72 91
339 716 87
716 339 92
462 716 100
716 462 99
661 716 93
716 661 95
78 717 96
717 78 98
30 717 100
717 30 92
3 717 94
717 3 78
90 718 90
718 90 97
87 718 100
718 87 100
70 718 95
718 70 100
76 719 100
719 76 96
60 719 91
719 60 91
509 719 98
719 509 89
104 720 97
720 104 100
5 720 90
720 5 95
153 720 95
720 153 93
456 721 100
721 456 100
215 721 100
721 215 97
191 721 93
721 191 100
48 722 90
722 48 91
452 722 99
722 452 100
546 722 100
722 546 97
12 723 96
723 12 100
32 723 93
723 32 96
35 723 90
723 35 94
3 724 85
724 3 87
542 724 91
724 542 100
44 724 90
724 44 89
534 725 97
725 534 98
144 725 98
725 144 96
172 725 85
725 172 99
96 726 98
726 96 100
121 726 100
726 121 100
590 726 96
726 590 100
157 727 92
727 157 100
131 727 95
727 131 98
2 727 98
727 2 78
107 728 98
728 107 99
13 728 91
728 13 90
566 728 100
728 566 100
2 729 97
729 2 94
686 729 88
729 686 95
145 729 96
729 145 81
604 730 100
730 604 100
4 730 92
730 4 85
427 730 100
730 427 100
235 731 97
731 235 100
23 731 96
731 23 96
128 731 100
731 128 97
6 732 95
732 6 97
32 732 88
732 32 92
450 732 98
732 450 100
530 733 95
733 530 100
562 733 95
733 562 95
134 733 96
733 134 93
5 734 70
734 5 96
12 734 100
734 12 84
341 734 96
734 341 100
16 735 87
735 16 95
418 735 100
735 418 100
430 735 95
735 430 92
25 736 97
736 25 93
87 736 95
736 87 94
1 736 96
736 1 92
36 737 100
737 36 99
300 737 93
737 300 96
340 737 94
737 340 96
5 738 79
738 5 93
214 738 100
738 214 95
621 738 100
738 621 100
282 739 100
739 282 100
35 739 90
739 35 95
98 739 95
739 98 86
3 740 100
740 3 93
8 740 92
740 8 92
99 740 96
740 99 90
38 741 100
741 38 100
30 741 100
741 30 96
48 741 88
741 48 100
12 742 83
742 12 99
50 742 99
742 50 97
327 742 98
742 327 96
360 743 93
743 360 100
21 743 90
743 21 92
68 743 99
743 68 98
420 744 98
744 420 97
440 744 92
744 440 84
422 744 97
744 422 92
96 745 96
745 96 95
266 745 95
745 266 100
527 745 100
745 527 100
56 746 97
746 56 95
637 746 100
746 637 100
24 746 87
746 24 92
564 747 100
747 564 96
12 747 92
747 12 100
112 747 100
747 112 100
207 748 98
748 207 93
667 748 100
748 667 99
210 748 97
748 210 93
50 749 93
749 50 97
326 749 91
749 326 100
261 749 93
749 261 94
266 750 100
750 266 97
454 750 97
750 454 100
11 750 100
750 11 100
82 751 93
751 82 98
148 751 98
751 148 100
581 751 99
751 581 90
68 752 100
752 68 100
405 752 94
752 405 100
56 752 100
752 56 91
32 753 91
753 32 99
538 753 98
753 538 100
29 753 97
753 29 97
40 754 95
754 40 98
509 754 91
754 509 98
5 754 98
754 5 84
89 755 92
755 89 93
711 755 93
755 711 98
416 755 99
755 416 93
140 756 90
756 140 95
276 756 98
756 276 98
411 756 100
756 411 95
207 757 100
757 207 100
38 757 97
757 38 96
42 757 92
757 42 96
6 758 95
758 6 100
95 758 97
758 95 100
352 758 92
758 352 91
318 759 87
759 318 100
235 759 94
759 235 95
719 759 93
759 719 90
133 760 96
760 133 100
304 760 100
760 304 97
706 760 100
760 706 94
189 761 100
761 189 100
339 761 99
761 339 93
285 761 100
761 285 100
3 762 94
762 3 97
664 762 95
762 664 100
19 762 97
762 19 86
91 763 93
763 91 93
410 763 95
763 410 100
743 763 97
763 743 95
279 764 100
764 279 100
344 764 98
764 344 100
13 764 86
764 13 86
674 765 97
765 674 95
568 765 100
765 568 100
15 765 93
765 15 89
731 766 95
766 731 96
4 766 80
766 4 76
68 766 95
766 68 96
44 767 100
767 44 99
564 767 91
767 564 100
17 767 95
767 17 90
8 768 90
768 8 95
288 768 100
768 288 94
70 768 96
768 70 95
5 769 95
769 5 87
577 769 85
769 577 100
150 769 98
769 150 90
161 770 100
770 161 100
5 770 86
770 5 93
651 770 100
770 651 100
3 771 95
771 3 100
414 771 89
771 414 96
8 771 99
771 8 89
133 772 97
772 133 100
110 772 97
772 110 98
453 772 100
772 453 95
11 773 100
773 11 100
123 773 96
773 123 100
40 773 94
773 40 96
625 774 100
774 625 97
316 774 98
774 316 92
586 774 100
774 586 95
117 775 88
775 117 95
327 775 97
775 327 89
12 775 80
775 12 82
12 776 85
776 12 97
716 776 98
776 716 97
30 776 90
776 30 94
32 777 94
777 32 99
177 777 100
777 177 100
17 777 100
777 17 93
247 778 99
778 247 98
415 778 96
778 415 95
12 778 86
778 12 89
81 779 96
779 81 97
187 779 96
779 187 100
261 779 92
779 261 100
181 780 93
780 181 100
461 780 100
780 461 100
8 780 100
780 8 95
2 781 92
781 2 96
40 781 100
781 40 100
132 781 100
781 132 92
519 782 95
782 519 95
286 782 100
782 286 100
79 782 89
782 79 94
21 783 100
783 21 100
21 783 94
783 21 90
74 783 100
783 74 93
98 784 93
784 98 100
307 784 100
784 307 96
217 784 100
784 217 96
6 785 91
785 6 96
5 785 86
785 5 95
546 785 95
785 546 98
467 786 91
786 467 97
26 786 91
786 26 91
29 786 95
786 29 95
222 787 95
787 222 100
629 787 100
787 629 90
273 787 100
787 273 100
217 788 100
788 217 97
303 788 100
788 303 97
34 788 91
788 34 98
1 789 90
789 1 100
6 789 79
789 6 95
22 789 100
789 22 94
574 790 96
790 574 100
87 790 91
790 87 91
74 790 94
790 74 95
5 791 88
791 5 85
72 791 97
791 72 92
299 791 100
791 299 95
451 792 100
792 451 100
54 792 91
792 54 95
289 792 94
792 289 90
779 793 97
793 779 100
349 793 97
793 349 100
278 793 95
793 278 82
81 794 100
794 81 97
410 794 100
794 410 95
4 794 92
794 4 87
332 795 95
795 332 99
790 795 100
795 790 100
793 795 100
795 793 89
46 796 85
796 46 99
274 796 100
796 274 100
246 796 100
796 246 100
26 797 93
797 26 95
167 797 100
797 167 97
58 797 92
797 58 95
750 798 94
798 750 100
4 798 92
798 4 91
18 798 95
798 18 94
114 799 100
799 114 100
90 799 95
799 90 100
99 799 94
799 99 91
5 800 79
800 5 82
39 800 95
800 39 93
74 800 87
800 74 99
597 801 89
801 597 100
3 801 92
801 3 96
435 801 100
801 435 100
171 802 100
802 171 100
1 802 95
802 1 94
150 802 86
802 150 91
59 803 96
803 59 96
123 803 98
803 123 100
140 803 98
803 140 90
1 804 98
804 1 77
55 804 91
804 55 97
58 804 87
804 58 94
248 805 97
805 248 96
58 805 97
805 58 100
731 805 96
805 731 96
68 806 96
806 68 100
128 806 96
806 128 85
80 806 96
806 80 97
127 807 95
807 127 100
5 807 91
807 5 80
13 807 100
807 13 91
471 808 92
808 471 100
520 808 100
808 520 94
68 808 94
808 68 85
233 809 95
809 233 100
6 809 92
809 6 89
368 809 100
809 368 95
788 810 94
810 788 99
30 810 94
810 30 90
14 810 97
810 14 93
451 811 96
811 451 100
50 811 95
811 50 91
3 811 91
811 3 81
745 812 95
812 745 94
5 812 87
812 5 87
20 812 100
812 20 96
8 813 93
813 8 99
132 813 99
813 132 100
5 813 99
813 5 86
6 814 98
814 6 96
303 814 99
814 303 100
82 814 100
814 82 95
1 815 80
815 1 97
54 815 93
815 54 99
99 815 95
815 99 91
14 816 100
816 14 93
35 816 100
816 35 96
66 816 100
816 66 95
255 817 96
817 255 95
123 817 94
817 123 96
88 817 88
817 88 86
188 818 96
818 188 98
311 818 100
818 311 95
170 818 93
818 170 82
108 819 94
819 108 97
507 819 100
819 507 95
698 819 93
819 698 99
3 820 91
820 3 100
8 820 91
820 8 92
67 820 98
820 67 88
3 821 94
821 3 97
783 821 100
821 783 100
131 821 100
821 131 96
489 822 99
822 489 100
21 822 93
822 21 91
141 822 100
822 141 96
719 823 99
823 719 100
81 823 94
823 81 90
148 823 100
823 148 94
5 824 79
824 5 82
170 824 93
824 170 87
1 824 100
824 1 100
787 825 100
825 787 98
800 825 95
825 800 100
50 825 98
825 50 92
485 826 95
826 485 99
722 826 97
826 722 99
70 826 100
826 70 85
213 827 100
827 213 100
49 827 96
827 49 96
84 827 96
827 84 99
147 828 94
828 147 92
161 828 99
828 161 100
5 828 89
828 5 94
48 829 97
829 48 100
60 829 97
829 60 96
84 829 100
829 84 100
65 830 96
830 65 93
187 830 98
830 187 96
433 830 88
830 433 93
3 831 88
831 3 100
12 831 97
831 12 98
165 831 100
831 165 95
138 832 100
832 138 100
114 832 96
832 114 89
410 832 91
832 410 91
455 833 96
833 455 98
112 833 96
833 112 100
185 833 100
833 185 92
7 834 96
834 7 96
4 834 84
834 4 100
110 834 94
834 110 96
117 835 95
835 117 100
711 835 100
835 711 100
809 835 100
835 809 91
61 836 94
836 61 100
115 836 100
836 115 100
5 836 95
836 5 94
489 837 100
837 489 100
110 837 100
837 110 100
782 837 98
837 782 100
30 838 86
838 30 100
232 838 100
838 232 97
508 838 100
838 508 93
104 839 90
839 104 100
33 839 96
839 33 82
599 839 100
839 599 99
20 840 90
840 20 100
59 840 100
840 59 100
366 840 100
840 366 93
13 841 100
841 13 96
741 841 100
841 741 100
3 841 98
841 3 84
170 842 86
842 170 100
778 842 100
842 778 92
300 842 100
842 300 89
841 843 94
843 841 100
5 843 88
843 5 87
430 843 97
843 430 100
17 844 96
844 17 94
835 844 91
844 835 100
124 844 100
844 124 93
285 845 94
845 285 97
720 845 95
845 720 100
319 845 98
845 319 99
145 846 80
846 145 100
84 846 91
846 84 99
5 846 88
846 5 60
458 847 94
847 458 85
285 847 93
847 285 100
589 847 100
847 589 89
647 848 90
848 647 97
4 848 83
848 4 80
235 848 95
848 235 97
154 849 95
849 154 100
48 849 100
849 48 95
297 849 98
849 297 100
184 850 93
850 184 100
25 850 91
850 25 100
513 850 100
850 513 100
248 851 96
851 248 100
687 851 97
851 687 100
81 851 96
851 81 91
60 852 100
852 60 97
371 852 94
852 371 92
785 852 96
852 785 100
13 853 100
853 13 95
117 853 95
853 117 100
20 853 98
853 20 99
38 854 98
854 38 100
586 854 99
854 586 100
72 854 100
854 72 91
242 855 96
855 242 98
13 855 92
855 13 82
598 855 96
855 598 91
600 856 96
856 600 100
658 856 97
856 658 100
4 856 90
856 4 87
32 857 96
857 32 98
52 857 96
857 52 93
756 857 100
857 756 95
1 858 96
858 1 93
560 858 99
858 560 100
343 858 97
858 343 96
88 859 88
859 88 100
789 859 95
859 789 95
0 859 100
859 0 94
219 860 98
860 219 100
822 860 95
860 822 100
12 860 86
860 12 87
286 861 88
861 286 100
79 861 100
861 79 94
574 861 100
861 574 98
14 862 99
862 14 96
768 862 98
862 768 100
8 862 92
862 8 95
785 863 98
863 785 95
862 863 95
863 862 100
58 863 89
863 58 88
5 864 97
864 5 100
114 864 97
864 114 100
768 864 100
864 768 93
837 865 100
865 837 100
97 865 89
865 97 96
187 865 97
865 187 94
115 866 94
866 115 100
540 866 94
866 540 94
116 866 99
866 116 100
566 867 95
867 566 100
37 867 93
867 37 90
393 867 100
867 393 100
3 868 72
868 3 97
17 868 98
868 17 100
224 868 100
868 224 94
282 869 100
869 282 95
779 869 92
869 779 100
807 869 100
869 807 86
784 870 89
870 784 100
5 870 90
870 5 82
1 870 93
870 1 89
6 871 96
871 6 86
71 871 88
871 71 90
1 871 98
871 1 90
304 872 95
872 304 100
265 872 100
872 265 95
34 872 88
872 34 95
208 873 94
873 208 100
740 873 97
873 740 95
0 873 95
873 0 97
219 874 99
874 219 98
643 874 100
874 643 97
354 874 100
874 354 100
675 875 100
875 675 100
701 875 95
875 701 99
117 875 97
875 117 91
2 876 99
876 2 94
69 876 87
876 69 97
411 876 91
876 411 100
607 877 92
877 607 100
745 877 100
877 745 92
759 877 96
877 759 100
256 878 93
878 256 91
603 878 97
878 603 96
844 878 96
878 844 97
303 879 97
879 303 100
11 879 90
879 11 93
170 879 94
879 170 81
61 880 97
880 61 100
191 880 100
880 191 97
208 880 98
880 208 99
8 881 86
881 8 100
624 881 100
881 624 93
20 881 100
881 20 83
139 882 100
882 139 100
205 882 96
882 205 100
222 882 95
882 222 91
219 883 93
883 219 99
434 883 91
883 434 95
5 883 95
883 5 77
875 884 100
884 875 96
26 884 94
884 26 86
359 884 97
884 359 99
534 885 100
885 534 100
2 885 88
885 2 99
108 885 100
885 108 95
19 886 92
886 19 93
186 886 99
886 186 96
108 886 98
886 108 99
134 887 100
887 134 100
698 887 97
887 698 100
54 887 99
887 54 93
391 888 96
888 391 100
1 888 94
888 1 100
3 888 98
888 3 78
422 889 97
889 422 94
580 889 95
889 580 100
56 889 87
889 56 83
468 890 100
890 468 95
574 890 97
890 574 100
2 890 89
890 2 93
14 891 100
891 14 90
40 891 96
891 40 100
248 891 95
891 248 100
566 892 100
892 566 100
229 892 99
892 229 95
296 892 86
892 296 92
3 893 80
893 3 88
34 893 88
893 34 87
18 893 87
893 18 100
851 894 98
894 851 100
139 894 99
894 139 92
804 894 99
894 804 89
5 895 100
895 5 100
5 895 99
895 5 100
7 895 99
895 7 96
575 896 100
896 575 100
863 896 100
896 863 100
39 896 95
896 39 93
291 897 96
897 291 96
22 897 100
897 22 99
94 897 98
897 94 87
7 898 89
898 7 96
733 898 100
898 733 100
170 898 97
898 170 94
16 899 90
899 16 100
339 899 95
899 339 99
56 899 100
899 56 87
42 900 100
900 42 97
143 900 96
900 143 94
207 900 96
900 207 100
442 901 100
901 442 100
58 901 99
901 58 100
69 901 87
901 69 97
86 902 95
902 86 100
163 902 93
902 163 97
167 902 94
902 167 94
261 903 100
903 261 100
659 903 90
903 659 100
6 903 100
903 6 94
95 904 100
904 95 100
43 904 100
904 43 100
841 904 98
904 841 91
14 905 90
905 14 98
17 905 96
905 17 90
70 905 97
905 70 93
32 906 98
906 32 100
37 906 100
906 37 100
63 906 95
906 63 100
91 907 95
907 91 100
570 907 100
907 570 97
171 907 96
907 171 100
12 908 90
908 12 96
3 908 91
908 3 90
170 908 94
908 170 91
21 909 85
909 21 92
19 909 100
909 19 100
8 909 92
909 8 88
881 910 95
910 881 100
39 910 100
910 39 95
540 910 100
910 540 90
91 911 95
911 91 100
73 911 100
911 73 95
166 911 97
911 166 100
16 912 85
912 16 80
96 912 100
912 96 98
176 912 83
912 176 96
138 913 96
913 138 100
528 913 92
913 528 94
22 913 83
913 22 90
32 914 98
914 32 95
281 914 96
914 281 94
322 914 100
914 322 96
123 915 97
915 123 100
57 915 100
915 57 99
279 915 95
915 279 87
10 916 100
916 10 100
834 916 95
916 834 100
5 916 89
916 5 86
216 917 100
917 216 100
507 917 99
917 507 100
9 917 92
917 9 99
13 918 99
918 13 87
906 918 89
918 906 100
20 918 100
918 20 90
307 919 90
919 307 98
497 919 98
919 497 100
594 919 100
919 594 90
5 920 90
920 5 85
29 920 93
920 29 97
342 920 89
920 342 94
154 921 96
921 154 86
3 921 78
921 3 84
92 921 91
921 92 86
150 922 98
922 150 100
686 922 100
922 686 100
4 922 95
922 4 90
809 923 96
923 809 100
167 923 95
923 167 100
26 923 99
923 26 86
14 924 86
924 14 98
331 924 95
924 331 94
41 924 91
924 41 97
536 925 96
925 536 100
637 925 100
925 637 98
48 925 86
925 48 99
152 926 95
926 152 98
282 926 97
926 282 95
3 926 92
926 3 91
8 927 92
927 8 73
607 927 96
927 607 100
65 927 90
927 65 95
218 928 100
928 218 100
860 928 95
928 860 100
899 928 96
928 899 96
391 929 100
929 391 100
79 929 93
929 79 100
2 929 100
929 2 90
2 930 99
930 2 90
5 930 78
930 5 77
125 930 90
930 125 95
128 931 100
931 128 99
182 931 91
931 182 98
122 931 100
931 122 100
358 932 98
932 358 100
134 932 93
932 134 98
472 932 94
932 472 100
522 933 99
933 522 100
184 933 97
933 184 96
705 933 97
933 705 100
14 934 93
934 14 91
349 934 96
934 349 99
527 934 100
934 527 89
933 935 95
935 933 100
201 935 100
935 201 100
81 935 88
935 81 97
24 936 91
936 24 86
935 936 84
936 935 100
38 936 100
936 38 93
7 937 78
937 7 96
40 937 100
937 40 84
134 937 95
937 134 98
99 938 92
938 99 96
24 938 97
938 24 88
698 938 99
938 698 89
106 939 100
939 106 99
411 939 100
939 411 97
649 939 100
939 649 100
682 940 98
940 682 100
162 940 100
940 162 97
491 940 97
940 491 96
750 941 98
941 750 100
412 941 93
941 412 100
222 941 94
941 222 89
26 942 95
942 26 93
283 942 100
942 283 98
317 942 92
942 317 100
174 943 95
943 174 94
20 943 95
943 20 89
149 943 93
943 149 95
5 944 84
944 5 74
165 944 92
944 165 99
348 944 90
944 348 88
61 945 93
945 61 100
91 945 95
945 91 90
210 945 98
945 210 97
46 946 100
946 46 96
768 946 97
946 768 97
203 946 100
946 203 100
454 947 96
947 454 96
76 947 96
947 76 94
107 947 99
947 107 91
409 948 95
948 409 97
670 948 100
948 670 100
709 948 96
948 709 93
209 949 92
949 209 100
606 949 100
949 606 100
48 949 99
949 48 85
425 950 100
950 425 100
409 950 100
950 409 100
539 950 96
950 539 99
725 951 96
951 725 100
484 951 91
951 484 96
896 951 96
951 896 98
17 952 98
952 17 97
369 952 95
952 369 93
5 952 89
952 5 85
2 953 87
953 2 79
539 953 97
953 539 100
512 953 97
953 512 92
434 954 98
954 434 88
530 954 97
954 530 96
378 954 87
954 378 96
394 955 97
955 394 95
516 955 96
955 516 100
118 955 93
955 118 95
4 956 92
956 4 92
25 956 100
956 25 100
707 956 99
956 707 98
62 957 98
957 62 100
92 957 93
957 92 100
146 957 95
957 146 98
648 958 95
958 648 100
12 958 81
958 12 86
304 958 97
958 304 92
13 959 89
959 13 96
154 959 100
959 154 92
918 959 95
959 918 98
723 960 99
960 723 98
871 960 96
960 871 91
842 960 98
960 842 95
5 961 88
961 5 100
300 961 100
961 300 100
368 961 100
961 368 97
287 962 96
962 287 100
139 962 96
962 139 96
233 962 96
962 233 96
311 963 97
963 311 100
577 963 97
963 577 100
281 963 95
963 281 87
385 964 88
964 385 100
427 964 100
964 427 100
415 964 95
964 415 97
747 965 100
965 747 100
61 965 93
965 61 100
142 965 95
965 142 98
5 966 89
966 5 81
731 966 93
966 731 94
680 966 95
966 680 99
633 967 99
967 633 100
8 967 92
967 8 89
333 967 96
967 333 94
908 968 100
968 908 100
1 968 97
968 1 96
297 968 98
968 297 86
572 969 87
969 572 100
584 969 100
969 584 100
61 969 97
969 61 98
13 970 84
970 13 92
5 970 84
970 5 81
456 970 93
970 456 100
14 971 96
971 14 100
40 971 88
971 40 90
562 971 100
971 562 99
8 972 96
972 8 92
61 972 98
972 61 100
85 972 100
972 85 94
629 973 94
973 629 100
4 973 97
973 4 86
30 973 89
973 30 95
253 974 97
974 253 100
595 974 100
974 595 100
24 974 95
974 24 95
66 975 100
975 66 100
776 975 96
975 776 99
35 975 97
975 35 98
24 976 100
976 24 100
4 976 100
976 4 100
106 976 97
976 106 100
170 977 100
977 170 100
337 977 100
977 337 97
121 977 100
977 121 100
56 978 92
978 56 97
94 978 97
978 94 94
206 978 88
978 206 85
4 979 93
979 4 91
931 979 98
979 931 100
537 979 93
979 537 98
78 980 99
980 78 100
115 980 97
980 115 100
21 980 92
980 21 95
434 981 98
981 434 95
268 981 97
981 268 100
581 981 95
981 581 94
60 982 96
982 60 100
214 982 100
982 214 100
8 982 95
982 8 86
526 983 91
983 526 100
546 983 97
983 546 91
937 983 94
983 937 97
3 984 89
984 3 92
26 984 96
984 26 96
349 984 95
984 349 91
23 985 100
985 23 94
235 985 100
985 235 100
46 985 100
985 46 93
149 986 100
986 149 100
5 986 94
986 5 90
264 986 100
986 264 100
50 987 92
987 50 94
778 987 94
987 778 100
5 987 86
987 5 85
322 988 94
988 322 95
334 988 97
988 334 100
89 988 90
988 89 87
185 989 100
989 185 96
334 989 94
989 334 95
35 989 95
989 35 94
45 990 91
990 45 96
292 990 96
990 292 100
390 990 97
990 390 95
5 991 90
991 5 77
300 991 99
991 300 99
582 991 100
991 582 100
14 992 90
992 14 85
116 992 96
992 116 92
859 992 96
992 859 100
458 993 97
993 458 100
302 993 95
993 302 98
5 993 93
993 5 85
265 994 98
994 265 100
6 994 95
994 6 90
132 994 96
994 132 89
192 995 100
995 192 100
12 995 90
995 12 100
150 995 100
995 150 90
159 996 99
996 159 100
60 996 100
996 60 100
12 996 92
996 12 99
303 997 97
997 303 100
979 997 100
997 979 100
186 997 100
997 186 92
3 998 96
998 3 89
617 998 96
998 617 100
7 998 100
998 7 95
8 999 90
999 8 96
433 999 100
999 433 94
740 999 100
999 740 94
