54 929 83
58 596 83
592 421 83
991 98 82
144 421 82
999 863 81
894 69 81
196 975 80
0 779 79
420 750 79
777 12 79
780 512 79
778 547 78
997 655 78
802 81 78
364 951 78
18 899 77
288 421 77
478 311 77
1 860 77
558 834 77
426 437 77
873 135 77
158 11 76
773 837 76
151 388 76
298 53 76
275 824 76
538 431 76
415 158 76
18 63 75
419 288 75
782 749 75
286 73 75
741 99 75
287 1 74
409 951 74
668 942 74
111 102 74
439 389 74
33 273 74
369 367 74
874 775 74
887 866 73
474 76 73
348 304 73
55 184 73
234 731 73
405 963 73
486 726 73
909 427 73
243 367 73
329 953 73
809 699 73
373 493 72
974 586 72
161 331 72
907 293 72
342 270 72
800 367 72
616 144 72
214 657 72
318 163 72
502 2 72
778 485 71
171 632 71
530 709 71
332 901 71
788 867 71
294 884 71
934 996 71
283 519 71
409 13 71
628 358 71
442 887 71
382 214 70
389 896 70
87 743 70
763 807 70
623 946 70
72 449 70
791 528 70
557 39 70
80 395 70
593 551 70
772 585 70
606 977 70
406 571 70
744 214 70
667 840 70
294 419 70
195 155 70
453 115 69
924 775 69
277 833 69
445 413 69
971 803 69
424 547 69
22 443 69
647 111 69
635 155 69
42 325 69
827 357 69
818 658 69
714 700 69
113 495 69
431 669 69
877 96 69
722 395 69
673 496 69
592 217 68
906 2 68
332 783 68
496 487 68
693 741 68
202 500 68
89 165 68
844 176 68
533 776 68
145 278 68
828 388 68
509 829 67
301 371 67
444 149 67
464 19 67
506 113 67
729 418 67
791 602 67
56 982 67
773 36 67
284 950 67
590 209 67
988 786 67
709 313 67
671 174 67
825 759 67
380 303 67
754 955 67
421 823 67
168 154 67
568 751 67
243 249 66
776 525 66
272 376 66
894 181 66
727 262 66
12 118 66
525 497 66
63 634 66
349 867 66
442 96 66
688 783 66
752 484 66
711 57 66
57 217 66
144 729 66
847 417 66
375 2 66
965 170 66
429 70 66
422 697 66
565 641 66
381 356 66
374 623 66
875 391 66
702 910 65
588 909 65
485 47 65
105 295 65
343 731 65
713 173 65
762 442 65
628 70 65
365 911 65
813 942 65
619 944 65
368 501 65
24 227 65
391 523 65
448 637 65
37 445 65
424 468 65
463 434 65
531 539 65
899 515 65
450 254 65
975 690 65
152 753 65
268 887 65
266 322 65
654 669 65
859 151 65
455 978 65
663 401 64
619 836 64
17 465 64
428 563 64
297 82 64
773 920 64
546 221 64
228 960 64
939 618 64
491 672 64
946 608 64
280 161 64
936 900 64
321 893 64
249 528 64
622 352 64
727 559 64
0 786 64
885 847 64
215 385 64
746 94 64
209 78 64
895 948 64
755 66 64
365 782 63
650 296 63
18 407 63
835 270 63
75 222 63
13 281 63
541 888 63
785 201 63
548 177 63
988 299 63
301 10 63
635 417 63
755 29 63
647 742 63
485 142 63
851 185 63
863 258 63
0 969 63
911 529 63
466 251 62
116 67 62
845 768 62
571 863 62
881 393 62
830 95 62
609 320 62
333 578 62
755 536 62
652 901 62
66 366 62
442 474 62
761 343 62
657 688 62
285 677 62
89 993 62
771 515 62
70 413 62
131 172 62
241 263 62
735 715 62
136 786 61
366 558 61
557 860 61
118 220 61
118 193 61
117 529 61
341 179 61
754 146 61
459 451 61
7 82 61
539 96 61
368 340 61
101 490 61
509 960 61
587 909 61
522 478 61
1 692 61
557 238 61
493 334 61
45 671 61
598 700 61
448 773 61
206 836 61
632 542 61
534 458 61
109 326 61
1 539 61
975 215 61
945 413 61
954 76 61
890 421 61
997 636 61
242 588 60
909 983 60
762 108 60
459 478 60
66 645 60
523 927 60
717 467 60
60 185 60
513 836 60
67 731 60
220 779 60
939 889 60
117 108 60
728 222 60
468 450 60
172 389 60
732 933 60
598 269 60
522 520 60
348 672 60
469 814 60
402 833 60
115 246 60
279 747 60
173 176 60
18 521 60
668 74 60
212 975 60
599 491 60
875 402 60
262 423 60
638 720 60
486 997 59
927 282 59
493 617 59
266 480 59
1 991 59
902 846 59
0 979 59
110 279 59
144 266 59
350 382 59
486 568 59
450 174 59
404 641 59
173 629 59
895 55 59
538 171 59
132 788 59
18 583 59
569 85 59
767 657 59
760 380 59
419 260 59
34 286 59
960 653 59
453 979 59
868 401 59
705 96 59
532 12 59
610 51 59
612 50 59
952 488 59
843 879 59
291 886 59
675 797 59
645 775 59
106 23 59
317 845 59
491 471 59
377 241 59
536 653 59
783 2 59
889 1 59
802 832 59
493 702 59
663 649 59
62 587 59
357 150 59
20 261 59
616 642 58
402 16 58
404 972 58
512 705 58
798 598 58
186 446 58
833 903 58
410 558 58
457 121 58
388 557 58
475 865 58
858 167 58
324 524 58
731 553 58
418 310 58
198 332 58
466 458 58
804 197 58
180 353 58
661 649 58
395 7 58
16 42 58
239 956 58
306 518 58
611 641 58
285 386 58
707 933 58
491 955 58
484 192 58
850 672 58
563 516 58
390 524 58
568 167 58
502 478 58
987 472 58
809 616 58
111 194 58
815 307 58
676 377 58
89 301 58
51 248 58
338 676 58
792 403 57
215 131 57
554 23 57
352 994 57
555 40 57
159 534 57
500 102 57
210 495 57
150 272 57
948 980 57
146 9 57
646 144 57
860 738 57
136 306 57
905 209 57
671 996 57
926 610 57
781 967 57
844 295 57
524 733 57
165 31 57
521 116 57
156 765 57
597 350 57
895 122 57
423 585 57
332 519 57
765 625 57
918 275 57
64 700 57
452 44 57
986 587 57
114 928 57
980 277 57
658 229 57
622 983 57
157 61 57
979 480 57
302 37 57
903 865 57
225 679 57
550 971 56
529 468 56
544 96 56
675 113 56
478 956 56
390 286 56
946 440 56
7 75 56
807 739 56
895 489 56
19 156 56
513 373 56
801 123 56
391 765 56
155 760 56
552 775 56
968 216 56
748 240 56
473 18 56
368 504 56
772 454 56
812 994 56
48 722 56
214 679 56
195 475 56
472 826 56
297 837 56
672 871 56
665 402 56
840 803 56
878 881 56
326 303 56
680 980 55
247 174 55
953 950 55
2 930 55
966 327 55
677 217 55
857 727 55
355 511 55
31 583 55
122 863 55
143 903 55
408 297 55
522 888 55
92 33 55
580 912 55
617 731 55
374 13 55
187 90 55
926 537 55
331 116 55
526 402 55
668 502 55
358 497 55
190 318 55
595 826 55
338 155 55
743 383 55
819 437 55
741 650 55
237 56 55
319 729 55
731 666 55
142 580 55
697 475 55
331 306 55
881 95 55
831 118 55
417 511 55
280 579 55
531 865 55
588 229 55
827 923 55
524 289 55
827 378 55
471 707 55
698 872 55
94 104 55
395 855 55
435 782 55
82 633 54
725 799 54
227 123 54
851 544 54
828 552 54
247 32 54
894 163 54
257 313 54
199 626 54
51 684 54
540 375 54
437 451 54
268 908 54
675 92 54
992 445 54
854 563 54
941 156 54
224 77 54
606 842 54
297 611 54
295 637 54
919 198 54
374 378 54
63 639 54
398 77 54
188 88 54
327 525 54
107 216 54
761 571 54
744 71 54
654 432 54
785 951 54
309 903 54
550 188 54
443 421 54
328 358 54
601 930 54
552 527 54
734 995 54
221 147 54
188 174 54
887 520 54
421 239 54
306 515 54
447 503 54
571 153 54
969 655 54
926 724 54
391 108 54
206 914 53
288 353 53
445 238 53
478 270 53
83 708 53
790 693 53
471 126 53
479 893 53
508 956 53
561 989 53
208 752 53
460 349 53
276 25 53
241 995 53
773 867 53
973 422 53
542 164 53
969 949 53
610 65 53
526 75 53
336 976 53
814 563 53
797 740 53
728 984 53
592 365 53
116 636 53
12 409 53
831 99 53
436 801 53
929 636 53
680 681 53
243 466 53
280 808 53
429 794 53
971 201 53
193 755 53
36 912 53
95 165 53
906 441 53
339 600 53
14 419 53
952 115 53
570 458 53
734 170 53
492 798 53
990 468 53
835 174 53
604 489 53
300 631 52
273 197 52
870 82 52
543 13 52
666 801 52
466 643 52
45 636 52
362 528 52
528 285 52
723 753 52
521 135 52
660 450 52
512 321 52
355 207 52
677 487 52
943 378 52
275 938 52
232 788 52
732 501 52
606 105 52
94 483 52
525 170 52
592 571 52
288 929 52
313 827 52
926 555 52
898 47 52
199 1 52
493 92 52
753 119 52
604 229 52
20 791 52
848 424 52
658 143 52
9 593 52
972 487 52
567 752 52
320 172 52
796 111 52
522 176 51
199 395 51
737 974 51
859 833 51
192 621 51
346 166 51
382 194 51
231 290 51
604 236 51
576 89 51
778 862 51
45 934 51
631 332 51
432 259 51
558 146 51
859 349 51
540 770 51
323 667 51
299 638 51
434 205 51
742 92 51
27 446 51
600 185 51
663 752 51
50 567 51
288 435 51
168 873 51
699 84 51
98 481 51
46 972 51
150 691 51
663 637 51
846 635 51
814 917 51
629 877 51
750 692 51
894 77 51
127 980 51
625 844 51
56 674 51
358 887 51
72 827 51
212 761 51
172 465 50
457 765 50
456 344 50
311 878 50
432 395 50
961 609 50
59 535 50
709 633 50
965 903 50
566 270 50
669 488 50
423 855 50
353 568 50
695 499 50
615 361 50
214 613 50
494 500 50
215 450 50
905 215 50
705 988 50
184 259 50
804 195 50
354 481 50
435 432 50
941 827 50
225 943 50
816 327 50
752 380 50
248 562 50
51 846 50
603 357 50
33 240 50
631 478 50
936 614 50
620 768 50
124 995 50
688 822 50
958 902 50
946 841 50
121 246 50
67 161 50
419 202 50
246 801 50
431 778 50
888 565 50
704 453 50
777 275 50
183 585 49
879 959 49
39 740 49
764 309 49
777 223 49
699 435 49
713 446 49
389 764 49
129 611 49
564 505 49
952 642 49
731 955 49
958 26 49
764 748 49
958 529 49
820 465 49
810 736 49
58 217 49
257 443 49
137 766 49
721 2 49
323 956 49
878 631 49
44 539 49
488 580 49
987 81 49
398 457 49
719 535 49
381 751 49
208 425 49
431 821 49
732 763 49
811 87 49
161 847 49
52 395 49
638 647 49
78 717 49
85 918 49
424 263 49
842 917 49
680 93 49
191 590 49
344 472 49
964 626 49
322 453 49
890 98 49
567 327 49
116 771 49
913 565 49
508 157 49
194 466 49
298 368 49
302 65 49
992 384 49
364 96 49
921 384 49
719 734 49
629 793 49
655 309 48
691 629 48
489 367 48
431 120 48
812 860 48
46 485 48
199 282 48
157 733 48
858 71 48
617 118 48
461 546 48
377 809 48
627 689 48
44 589 48
684 699 48
721 245 48
31 290 48
852 130 48
376 300 48
576 991 48
571 227 48
472 197 48
26 662 48
607 896 48
10 716 48
443 524 48
438 759 47
470 576 47
512 13 47
573 531 47
464 746 47
457 203 47
341 921 47
942 254 47
10 198 47
721 603 47
962 660 47
289 470 47
389 274 47
655 955 47
90 845 47
269 903 47
307 774 47
104 404 47
878 362 47
158 516 47
704 434 47
451 904 47
953 342 47
646 573 47
103 65 47
986 217 47
949 353 47
803 248 47
560 763 47
380 512 47
966 959 47
64 891 47
664 13 47
855 454 47
354 72 47
295 376 47
11 368 47
7 37 47
683 754 47
476 913 47
498 997 47
441 202 47
273 114 47
419 66 47
238 288 47
501 791 47
733 110 46
666 962 46
663 697 46
739 227 46
939 183 46
36 777 46
19 39 46
162 560 46
889 351 46
919 188 46
611 623 46
233 873 46
218 171 46
932 86 46
929 843 46
981 469 46
285 728 46
633 922 46
159 752 46
648 257 46
159 347 46
309 487 46
530 231 46
914 279 46
57 19 46
848 161 46
890 168 46
638 555 46
752 866 46
673 130 46
599 546 46
240 246 46
593 541 46
285 781 46
235 74 46
439 376 46
117 627 46
925 219 46
326 943 46
580 603 46
460 132 46
612 131 46
614 538 46
602 875 46
410 352 46
940 303 45
802 752 45
382 700 45
722 150 45
180 335 45
37 353 45
416 399 45
662 282 45
766 160 45
429 577 45
609 106 45
213 67 45
553 243 45
597 83 45
795 662 45
88 152 45
899 58 45
774 29 45
982 789 45
978 4 45
627 403 45
249 519 45
814 505 45
716 785 45
691 807 45
797 578 45
207 238 45
638 898 45
479 272 45
29 120 45
51 979 45
924 932 45
458 993 45
14 960 45
425 90 45
483 529 45
974 841 45
674 37 45
795 365 45
879 894 45
515 386 45
337 395 45
76 375 45
132 24 45
632 176 45
670 671 45
382 257 45
30 193 44
898 936 44
693 391 44
942 355 44
812 988 44
290 218 44
993 224 44
195 212 44
680 336 44
130 76 44
441 72 44
729 214 44
766 643 44
185 509 44
101 990 44
298 143 44
860 526 44
277 136 44
874 389 44
995 166 44
319 644 44
662 752 44
438 158 44
705 781 44
304 965 44
255 20 44
174 586 44
3 419 44
735 246 44
984 893 44
15 939 44
477 451 44
957 713 44
283 842 44
504 427 44
743 579 44
257 679 44
812 596 44
233 742 44
556 854 44
375 154 44
341 764 44
510 410 44
715 680 44
605 442 44
357 820 44
949 113 44
490 273 44
887 369 44
363 349 44
218 649 44
436 689 43
101 133 43
763 404 43
360 476 43
871 643 43
859 605 43
947 907 43
667 924 43
777 812 43
944 100 43
385 689 43
878 502 43
380 585 43
627 6 43
660 223 43
928 306 43
589 190 43
554 27 43
43 168 43
507 443 43
332 252 43
216 422 43
738 240 43
707 946 43
993 522 43
118 36 43
700 400 43
104 881 43
975 772 43
688 955 43
705 543 43
811 609 43
503 88 43
119 317 43
226 556 43
692 53 43
771 742 43
671 96 43
533 297 43
865 376 43
777 922 43
775 688 43
790 485 43
437 475 43
787 841 43
853 392 43
99 361 43
639 586 43
37 567 43
947 961 43
779 178 43
268 404 43
955 793 43
592 51 43
37 623 43
562 793 43
162 874 43
318 999 43
254 155 43
217 582 42
311 719 42
665 398 42
537 592 42
347 449 42
46 901 42
787 241 42
844 56 42
793 635 42
683 937 42
27 166 42
327 98 42
783 727 42
767 518 42
145 826 42
921 428 42
495 821 42
611 179 42
743 313 42
893 599 42
960 142 42
948 526 42
840 268 42
959 359 42
348 940 42
981 892 42
731 655 42
974 141 42
801 616 42
951 57 42
950 74 42
484 106 42
766 569 42
84 599 42
534 577 42
694 793 42
830 403 42
546 773 42
360 115 42
485 804 42
676 784 42
670 734 42
48 44 42
950 951 42
366 223 42
913 788 42
115 990 42
9 439 42
246 327 42
979 242 41
86 266 41
508 676 41
821 17 41
761 7 41
550 611 41
353 785 41
4 162 41
855 90 41
465 866 41
363 824 41
319 716 41
843 229 41
157 450 41
136 61 41
868 655 41
574 617 41
780 532 41
481 610 41
283 561 41
885 871 41
245 840 41
288 765 41
552 377 41
988 174 41
47 755 41
125 74 41
402 969 41
525 657 41
634 622 41
811 347 41
781 763 41
601 711 40
977 735 40
945 671 40
52 332 40
770 97 40
667 603 40
129 801 40
768 651 40
630 8 40
768 639 40
913 610 40
159 638 40
554 789 40
705 415 40
462 650 40
926 523 40
240 530 40
336 930 40
803 369 40
749 562 40
675 811 40
943 923 40
208 737 40
288 533 40
676 122 40
616 400 40
306 303 40
459 639 40
186 437 40
505 552 40
12 854 40
943 810 40
301 89 40
891 145 40
852 652 40
82 951 40
366 209 40
143 804 40
720 885 40
745 169 40
885 775 40
290 19 40
147 913 40
471 660 40
924 126 40
577 302 40
374 909 40
181 489 40
909 16 40
167 807 40
626 3 40
602 647 40
975 199 39
741 612 39
970 522 39
886 304 39
94 684 39
541 840 39
544 185 39
944 747 39
181 892 39
442 283 39
691 964 39
131 20 39
724 337 39
790 120 39
93 357 39
150 461 39
59 793 39
832 598 39
55 296 39
789 64 39
463 267 39
401 434 39
140 278 39
742 631 39
66 478 39
971 454 39
738 790 39
754 836 39
727 756 39
935 78 39
260 632 39
803 814 39
582 660 39
137 509 39
577 196 39
209 420 39
650 270 39
694 944 39
793 60 39
776 315 39
343 155 39
574 186 39
181 993 39
143 814 39
308 816 39
240 77 39
263 160 39
695 210 39
540 973 38
505 691 38
451 527 38
567 298 38
68 287 38
725 248 38
719 122 38
341 637 38
375 216 38
939 899 38
953 520 38
104 393 38
477 918 38
244 65 38
650 162 38
148 27 38
733 756 38
241 444 38
145 62 38
796 260 38
656 888 38
755 593 38
979 478 38
644 854 38
643 573 38
754 126 38
308 67 38
844 250 38
29 784 38
808 3 38
75 769 38
701 2 38
738 794 38
896 801 38
195 224 38
606 686 38
462 178 38
653 325 38
565 341 38
560 278 38
544 800 38
837 191 38
819 269 38
235 38 38
153 831 38
106 867 38
461 647 38
723 903 37
697 900 37
693 525 37
485 134 37
925 892 37
47 249 37
191 807 37
535 412 37
949 45 37
432 78 37
812 79 37
172 960 37
814 872 37
107 639 37
194 202 37
691 7 37
167 286 37
406 356 37
795 673 37
679 199 37
977 892 37
908 276 37
233 113 37
260 873 37
388 586 37
491 359 37
66 990 37
784 537 37
285 981 37
732 691 37
404 299 37
680 649 37
311 198 37
536 570 37
885 325 37
303 925 37
517 352 37
447 7 37
515 64 37
978 39 37
159 205 37
609 526 37
487 801 37
299 383 37
770 648 37
517 762 37
489 242 37
245 988 37
784 557 37
969 332 37
839 137 37
56 669 37
383 736 36
527 991 36
719 737 36
7 332 36
691 101 36
797 704 36
790 926 36
420 177 36
891 578 36
319 809 36
156 730 36
709 693 36
580 902 36
813 321 36
434 510 36
19 15 36
358 810 36
938 21 36
982 63 36
553 37 36
23 741 36
569 181 36
850 815 36
879 748 36
731 77 36
253 664 36
783 24 36
635 216 36
238 33 36
966 541 36
245 348 36
278 968 36
21 341 36
620 642 36
753 978 36
826 270 36
899 974 36
790 557 36
115 3 36
552 188 36
649 818 36
200 613 36
176 685 36
993 782 36
411 48 36
595 859 35
170 570 35
303 147 35
131 22 35
194 551 35
791 962 35
280 963 35
711 462 35
719 106 35
235 151 35
41 329 35
626 622 35
413 734 35
886 792 35
143 323 35
25 753 35
667 684 35
910 195 35
734 263 35
921 155 35
740 158 35
411 533 35
629 124 35
569 174 35
987 251 35
848 40 35
564 138 35
494 830 35
51 129 35
988 748 35
770 451 35
558 658 35
285 350 35
868 471 35
422 981 35
237 528 35
207 314 35
676 19 35
48 680 35
863 477 35
122 182 35
879 441 35
268 729 35
791 600 35
537 554 35
247 848 35
809 79 35
102 573 35
700 878 35
239 116 34
981 684 34
429 119 34
247 811 34
670 877 34
560 544 34
404 431 34
280 565 34
358 882 34
964 575 34
260 78 34
405 621 34
764 899 34
62 981 34
784 572 34
254 689 34
690 589 34
365 42 34
354 317 34
87 593 34
992 468 34
419 281 34
783 38 34
702 172 34
155 191 34
40 333 34
442 943 34
492 594 34
205 163 34
332 385 34
228 738 34
607 204 34
585 626 34
769 834 34
878 455 34
487 473 34
312 819 34
526 0 34
949 119 34
544 746 34
565 455 34
943 969 34
646 999 34
326 10 34
320 21 34
3 350 33
175 704 33
553 44 33
842 893 33
155 494 33
144 839 33
598 696 33
697 984 33
873 518 33
660 907 33
360 503 33
455 279 33
486 531 33
700 916 33
763 628 33
381 951 33
572 558 33
992 383 33
212 103 33
791 354 33
641 929 33
651 41 33
477 554 33
278 616 33
610 655 33
77 760 33
108 16 33
142 697 33
80 190 33
587 764 33
255 14 33
509 548 33
947 283 33
964 314 33
634 540 33
726 636 33
682 547 33
539 316 33
374 689 33
147 580 33
436 71 33
367 40 33
660 672 33
246 368 33
531 194 33
384 529 32
847 804 32
948 231 32
311 323 32
235 889 32
731 905 32
936 585 32
26 167 32
589 855 32
118 799 32
218 731 32
879 219 32
189 279 32
379 87 32
611 933 32
181 297 32
849 562 32
90 846 32
18 317 32
312 306 32
37 582 32
323 505 32
506 858 32
756 435 32
244 259 32
179 215 32
743 61 32
668 933 32
716 467 32
936 935 32
295 64 32
665 697 32
803 896 32
927 32 32
861 132 32
46 183 32
505 774 32
784 873 32
127 801 32
300 929 31
202 368 31
604 496 31
552 924 31
21 16 31
122 331 31
780 494 31
26 703 31
1 162 31
958 687 31
535 580 31
330 512 31
622 538 31
692 285 31
609 375 31
615 821 31
74 479 31
877 910 31
589 456 31
308 14 31
741 513 31
121 379 31
871 557 31
281 221 31
829 641 31
842 38 31
149 465 31
681 139 31
102 35 31
153 486 31
303 24 31
900 95 31
305 289 31
448 868 31
247 434 31
491 193 31
429 852 31
102 97 31
736 1 31
625 664 31
746 141 31
953 941 31
842 174 31
128 655 31
3 306 31
476 136 31
128 322 31
488 989 31
613 522 31
808 7 31
272 997 31
308 820 31
135 793 31
786 374 31
713 311 30
940 670 30
110 411 30
264 581 30
556 954 30
723 101 30
418 495 30
655 237 30
437 557 30
925 109 30
435 191 30
710 32 30
320 488 30
426 753 30
380 361 30
562 731 30
360 683 30
798 270 30
631 844 30
514 58 30
953 604 30
156 149 30
638 686 30
998 290 30
720 397 30
432 790 30
448 13 30
492 602 30
666 652 30
289 421 30
178 460 30
229 440 30
710 667 30
353 426 30
223 61 30
134 686 30
92 405 30
242 245 30
417 117 30
49 210 30
689 908 30
986 770 29
244 125 29
970 829 29
745 584 29
524 228 29
527 47 29
372 407 29
714 705 29
412 698 29
173 380 29
870 504 29
24 991 29
472 830 29
284 182 29
392 328 29
190 736 29
861 178 29
543 807 29
756 178 29
683 56 29
352 827 29
837 450 29
14 4 29
355 6 29
604 704 29
556 254 29
269 750 29
583 921 29
452 849 29
802 751 29
731 367 29
380 840 29
606 849 29
185 338 29
909 406 29
886 565 29
373 197 29
134 598 29
909 147 29
169 43 29
335 176 29
584 524 29
109 954 29
669 658 29
734 177 29
972 692 29
266 618 29
148 173 29
511 945 29
823 39 29
723 188 29
683 651 29
995 615 29
551 287 29
270 160 29
577 376 28
826 824 28
616 169 28
323 411 28
453 341 28
626 140 28
582 964 28
923 414 28
455 762 28
77 362 28
710 483 28
687 740 28
389 416 28
4 159 28
876 832 28
826 151 28
502 959 28
92 580 28
450 337 28
222 953 28
223 300 28
837 532 28
637 54 28
127 182 28
958 275 28
835 682 28
580 225 28
341 703 28
782 632 28
22 536 28
263 526 28
860 715 28
360 787 28
150 625 28
38 726 28
878 407 28
144 774 28
98 379 27
800 793 27
547 518 27
140 135 27
126 163 27
827 586 27
510 939 27
259 101 27
928 591 27
118 786 27
45 125 27
934 581 27
564 659 27
0 776 27
805 859 27
147 96 27
786 645 27
692 76 27
857 358 27
907 671 27
576 365 27
753 435 27
472 455 27
64 359 27
814 365 27
801 171 27
65 604 27
562 67 27
584 865 27
575 256 27
914 953 27
223 896 27
299 575 27
506 296 27
825 190 27
315 778 27
840 702 27
984 675 27
305 195 27
495 604 27
823 192 27
95 2 27
997 579 27
809 200 27
191 693 27
351 139 27
478 920 26
153 887 26
960 412 26
965 919 26
283 938 26
814 174 26
750 727 26
819 366 26
812 588 26
992 362 26
270 63 26
219 164 26
20 395 26
423 321 26
416 450 26
669 628 26
169 192 26
309 467 26
144 10 26
237 557 26
36 251 26
96 463 26
807 145 26
981 769 26
622 541 26
236 114 26
462 360 26
551 706 26
308 624 26
881 632 26
336 521 26
103 843 26
228 243 26
672 363 26
772 89 26
972 53 26
519 626 26
827 560 25
689 809 25
390 61 25
691 673 25
122 121 25
292 713 25
118 201 25
720 479 25
648 322 25
742 381 25
268 622 25
867 116 25
789 65 25
600 866 25
20 974 25
206 763 25
696 375 25
850 45 25
453 349 25
458 524 25
747 147 25
138 816 25
247 222 25
261 624 25
994 253 25
749 473 25
613 867 25
596 172 25
667 764 25
528 52 25
19 789 25
779 837 25
450 286 25
883 443 25
525 592 25
852 161 25
264 419 25
576 70 25
627 460 25
939 461 25
522 229 25
754 999 25
646 751 25
299 106 25
93 769 24
232 439 24
611 59 24
929 780 24
763 110 24
61 828 24
349 445 24
739 216 24
15 489 24
524 429 24
44 291 24
198 709 24
422 534 24
560 595 24
847 965 24
965 699 24
807 404 24
443 951 24
499 119 24
951 407 24
872 886 24
195 679 24
815 490 24
52 729 24
784 563 24
643 426 24
487 969 24
884 731 24
39 822 24
879 904 24
426 96 24
685 291 24
36 301 24
928 950 24
937 780 24
223 573 24
896 318 24
607 932 24
754 87 24
561 901 24
343 810 24
644 82 24
910 797 24
683 538 24
759 773 24
979 113 24
746 316 24
473 955 24
430 208 24
102 0 24
60 923 24
511 681 24
251 459 24
278 208 24
576 4 24
861 307 24
103 185 24
271 483 24
876 668 24
20 18 24
794 351 24
92 558 23
146 327 23
166 710 23
26 270 23
340 80 23
737 793 23
104 163 23
226 475 23
335 511 23
920 500 23
861 655 23
483 231 23
354 701 23
75 175 23
952 251 23
825 87 23
618 805 23
165 676 23
80 570 23
958 350 23
114 947 23
416 475 23
257 587 23
559 902 23
384 113 23
750 675 23
665 59 23
714 606 23
457 666 23
233 169 23
173 891 23
825 92 23
602 705 23
688 884 23
586 355 22
794 595 22
17 189 22
73 346 22
153 986 22
958 928 22
206 262 22
997 814 22
25 296 22
138 180 22
884 941 22
843 81 22
4 928 22
720 718 22
298 892 22
951 993 22
45 828 22
691 314 22
381 60 22
449 159 22
660 620 22
788 342 22
257 904 22
959 895 22
171 524 22
529 210 22
464 821 22
2 663 22
505 580 22
528 194 22
929 426 22
763 140 22
456 533 22
478 815 22
211 658 22
141 304 22
532 665 22
755 815 22
489 338 22
591 441 22
140 298 22
257 227 22
883 909 22
175 572 21
813 812 21
173 76 21
855 542 21
167 457 21
616 881 21
700 514 21
463 882 21
598 21 21
725 79 21
946 359 21
420 349 21
24 644 21
843 999 21
855 763 21
856 369 21
965 604 21
512 799 21
857 450 21
944 448 21
579 25 21
394 577 21
99 256 21
976 839 21
306 332 21
440 719 21
694 324 21
311 811 21
903 595 21
999 297 21
352 602 21
23 929 21
233 291 21
431 808 21
203 639 21
124 100 21
505 256 21
57 641 21
776 731 21
373 371 21
483 211 21
136 927 21
663 56 21
90 144 21
826 205 21
433 872 20
247 800 20
177 251 20
846 186 20
710 751 20
506 782 20
630 313 20
384 105 20
888 580 20
283 757 20
440 142 20
319 961 20
759 675 20
510 210 20
458 569 20
174 819 20
244 136 20
881 924 20
604 885 20
335 692 20
431 787 20
942 246 20
744 526 20
29 522 20
966 107 20
216 942 20
33 905 20
144 785 20
966 732 20
758 460 20
874 885 20
88 1 20
264 621 20
90 138 20
282 874 20
945 242 20
591 296 20
723 848 20
725 991 20
832 791 20
184 543 20
207 131 20
488 620 20
92 679 20
796 94 20
159 986 19
251 675 19
552 695 19
701 669 19
230 659 19
374 468 19
748 20 19
434 826 19
453 959 19
96 947 19
88 130 19
702 505 19
84 171 19
613 822 19
125 9 19
691 876 19
605 674 19
856 598 19
743 336 19
829 102 19
905 883 19
316 230 19
602 170 19
150 495 19
708 500 19
551 73 19
828 649 19
930 571 19
120 746 19
433 775 19
278 709 19
57 88 19
459 797 19
534 833 19
925 962 19
133 109 19
311 153 19
253 530 19
56 578 19
620 173 19
926 612 19
42 675 19
326 890 18
735 590 18
432 174 18
354 902 18
661 695 18
231 770 18
487 959 18
87 926 18
28 631 18
36 288 18
874 677 18
10 242 18
161 54 18
953 524 18
366 130 18
812 196 18
961 894 18
614 292 18
997 666 18
715 452 18
167 651 18
448 808 18
288 809 18
206 344 18
308 776 18
513 402 18
618 515 18
896 940 18
489 853 18
614 128 18
342 756 18
523 570 18
830 326 18
824 273 18
560 801 18
269 183 18
575 818 18
131 489 18
494 310 18
570 472 18
666 629 18
432 787 18
820 687 17
443 655 17
377 176 17
245 733 17
212 601 17
839 65 17
424 509 17
699 200 17
875 12 17
805 119 17
457 621 17
49 603 17
293 185 17
468 704 17
948 888 17
716 969 17
686 44 17
504 405 17
958 860 17
412 188 17
333 474 17
610 658 17
373 490 17
222 360 17
899 802 17
406 227 17
297 658 17
360 519 17
922 92 17
326 346 17
138 616 17
96 822 17
176 981 17
613 773 17
847 517 17
294 4 17
680 106 17
843 512 17
701 582 17
767 70 17
962 45 17
339 659 16
691 55 16
461 646 16
942 993 16
236 491 16
454 980 16
389 984 16
741 104 16
544 297 16
451 444 16
401 93 16
670 446 16
556 217 16
717 837 16
101 244 16
641 479 16
666 953 16
676 342 16
603 80 16
341 678 16
72 15 16
360 677 16
549 642 16
520 671 16
620 276 16
770 178 16
430 648 16
187 321 16
108 896 16
577 845 16
382 834 16
174 998 16
872 86 16
12 882 16
782 967 16
696 639 16
695 634 16
950 807 16
418 503 16
312 51 16
832 497 16
885 391 16
299 305 16
606 794 16
413 53 16
939 350 16
929 715 16
787 984 16
885 503 16
961 700 16
47 494 16
455 574 16
507 14 16
794 173 16
164 425 16
571 239 15
410 679 15
744 510 15
196 163 15
371 725 15
488 660 15
911 126 15
621 567 15
860 650 15
469 264 15
85 441 15
523 518 15
691 85 15
382 769 15
592 625 15
94 675 15
886 927 15
61 329 15
242 624 15
951 882 15
412 84 15
888 794 15
451 472 15
453 251 15
92 197 15
931 819 15
673 38 15
366 611 15
819 854 15
518 790 15
609 315 15
734 142 15
590 430 15
894 662 15
432 798 15
654 139 15
603 0 14
960 65 14
572 267 14
607 711 14
220 994 14
605 427 14
916 194 14
518 909 14
459 436 14
975 860 14
609 917 14
355 764 14
732 143 14
335 265 14
279 821 14
699 644 14
708 464 14
100 71 14
629 129 14
468 315 14
305 779 14
161 670 14
898 608 14
281 815 14
880 558 14
702 722 14
516 28 14
471 285 14
683 395 14
727 228 14
149 704 14
297 805 14
787 448 14
125 400 14
550 961 14
932 681 14
659 445 14
709 915 14
702 195 14
571 588 14
747 311 14
123 556 14
713 278 14
345 208 14
155 445 14
451 374 14
710 127 14
512 919 13
147 529 13
539 180 13
666 83 13
523 977 13
658 131 13
473 136 13
829 642 13
116 837 13
904 676 13
149 826 13
279 980 13
554 538 13
470 583 13
965 167 13
174 577 13
587 233 13
841 385 13
536 360 13
358 110 13
959 626 13
621 770 13
488 316 13
298 728 13
976 829 13
169 877 13
388 648 13
623 19 13
954 955 13
714 153 13
89 590 13
448 866 13
556 750 13
98 912 13
844 267 13
924 190 13
700 569 13
63 291 13
154 813 13
887 316 13
531 654 13
920 882 13
309 751 13
150 764 13
743 541 13
652 627 13
438 827 13
598 749 13
191 566 13
761 230 12
341 658 12
255 966 12
979 356 12
16 340 12
229 204 12
899 457 12
514 794 12
533 666 12
355 400 12
86 260 12
750 623 12
499 320 12
323 134 12
72 189 12
859 901 12
51 725 12
960 190 12
817 697 12
498 796 12
912 961 12
21 134 12
652 796 12
828 726 12
89 894 12
433 73 12
616 714 12
543 602 12
543 377 12
27 426 12
822 129 12
355 891 12
235 898 12
591 801 12
852 859 12
56 255 12
621 881 12
443 403 12
642 134 12
542 494 12
654 526 12
532 639 12
938 349 12
348 880 12
450 16 12
428 56 12
764 710 12
676 376 12
15 772 12
849 814 12
216 17 12
973 406 12
784 912 12
833 506 12
655 683 12
226 925 12
809 461 12
253 628 11
149 489 11
652 299 11
438 570 11
154 495 11
841 289 11
361 392 11
778 519 11
205 875 11
101 856 11
181 29 11
651 250 11
298 670 11
216 804 11
40 591 11
421 143 11
419 181 11
865 21 11
703 757 11
740 519 11
959 199 11
910 770 11
970 576 11
791 131 11
48 598 11
920 19 11
19 329 11
879 875 11
946 864 11
389 996 11
124 580 11
323 46 11
103 760 11
95 85 11
768 737 11
426 441 11
601 315 11
750 211 11
585 591 11
304 634 11
177 7 11
407 233 11
456 276 11
194 626 11
613 714 11
797 188 11
194 766 11
184 418 11
90 38 11
125 835 10
784 760 10
278 743 10
168 870 10
643 335 10
405 898 10
986 868 10
786 702 10
436 188 10
106 701 10
380 113 10
606 147 10
735 331 10
585 872 10
323 641 10
685 929 10
310 196 10
952 118 10
948 353 10
652 402 10
193 153 10
922 652 10
841 382 10
510 948 10
862 426 10
122 115 10
787 981 10
415 389 10
938 443 10
575 701 10
653 510 10
811 135 10
700 259 10
960 636 10
954 7 10
495 667 10
96 774 10
535 645 10
985 905 10
399 736 10
68 929 10
86 160 9
869 531 9
102 532 9
716 838 9
996 172 9
468 620 9
87 441 9
907 2 9
831 257 9
58 758 9
857 877 9
840 545 9
321 627 9
978 487 9
363 602 9
226 337 9
29 274 9
934 359 9
1 737 9
786 94 9
856 548 9
94 440 9
812 47 9
342 615 9
238 12 9
522 689 9
990 794 9
981 421 9
172 963 9
434 574 9
500 465 9
302 874 9
157 199 9
255 699 9
683 949 9
952 784 9
275 92 9
344 741 9
647 969 9
521 848 9
848 141 9
695 288 9
325 108 9
217 854 9
836 276 9
222 185 9
323 801 9
162 775 8
699 862 8
296 521 8
95 586 8
266 657 8
179 66 8
904 999 8
28 160 8
110 53 8
71 554 8
918 369 8
53 217 8
268 969 8
539 439 8
158 305 8
491 24 8
128 223 8
611 266 8
5 484 8
974 505 8
693 983 8
763 171 8
345 312 8
655 104 8
488 947 8
334 852 8
360 298 8
437 362 8
824 937 8
696 92 8
88 849 8
291 611 8
938 995 8
591 534 8
534 2 8
572 222 8
347 713 8
90 517 8
432 1 7
363 378 7
556 449 7
351 915 7
60 651 7
908 358 7
851 602 7
435 857 7
210 863 7
878 267 7
834 683 7
36 80 7
645 362 7
112 144 7
303 573 7
309 675 7
846 942 7
495 862 7
835 134 7
342 448 7
491 34 7
314 56 7
875 694 7
615 962 7
572 552 7
903 376 7
768 557 7
355 98 7
869 374 7
901 357 7
594 628 7
355 212 7
480 907 7
284 279 7
477 860 7
841 729 7
983 477 7
360 18 7
388 261 7
225 145 7
553 9 7
641 164 7
439 645 7
850 764 7
980 836 7
844 551 7
477 104 7
826 789 7
708 714 7
374 261 7
112 842 7
397 970 7
443 36 7
228 67 7
343 643 6
882 614 6
659 584 6
9 959 6
643 529 6
617 745 6
917 56 6
845 170 6
461 906 6
426 637 6
44 696 6
851 128 6
225 614 6
402 381 6
803 287 6
905 175 6
30 212 6
325 893 6
138 928 6
128 527 6
391 841 6
350 190 6
368 168 6
19 832 6
444 492 6
787 220 6
890 717 6
484 801 6
563 431 6
149 836 6
377 752 6
490 190 6
927 362 6
836 463 6
35 690 6
439 666 6
955 320 6
23 847 6
203 532 6
451 817 6
2 958 6
411 173 6
186 301 6
126 237 6
555 461 6
869 413 6
209 661 6
828 64 6
753 191 6
921 793 6
347 551 6
894 587 6
103 915 6
225 377 6
281 534 6
280 128 6
33 998 6
763 184 5
507 579 5
664 211 5
786 452 5
474 983 5
712 360 5
325 742 5
749 711 5
123 995 5
81 524 5
290 298 5
954 10 5
53 696 5
183 842 5
288 504 5
34 993 5
354 949 5
668 565 5
848 248 5
530 426 5
321 465 5
312 488 5
983 521 5
227 499 5
663 341 5
527 663 5
14 285 5
419 266 5
261 480 5
457 634 5
854 243 5
609 761 5
256 136 5
468 671 5
955 880 5
560 194 5
156 344 5
408 391 5
871 287 5
673 371 5
135 515 5
123 431 5
984 196 5
541 378 5
513 305 5
628 967 5
172 866 5
227 233 5
193 826 4
506 263 4
188 527 4
617 182 4
420 486 4
236 179 4
443 120 4
11 189 4
599 543 4
411 829 4
569 527 4
940 631 4
24 662 4
491 509 4
945 200 4
77 677 4
646 264 4
207 271 4
635 862 4
213 473 4
824 304 4
26 862 4
667 568 4
826 60 4
907 306 4
472 565 4
679 463 4
905 88 4
212 0 4
156 46 4
742 135 4
508 918 4
81 663 4
792 24 4
60 933 4
98 800 4
727 993 4
331 544 4
184 125 4
52 188 4
463 520 4
729 604 4
381 473 4
979 143 4
123 992 4
221 216 4
121 165 4
786 562 4
390 406 3
514 646 3
362 915 3
412 736 3
377 719 3
198 401 3
566 784 3
949 722 3
931 864 3
479 120 3
577 57 3
596 664 3
730 891 3
748 534 3
798 128 3
851 998 3
698 949 3
561 84 3
236 848 3
626 611 3
857 554 3
809 975 3
332 722 3
632 324 3
573 301 3
81 71 3
21 544 3
171 296 3
284 162 3
50 440 3
330 436 3
831 621 3
185 701 3
30 936 3
748 591 3
971 637 2
32 532 2
983 964 2
956 632 2
554 988 2
656 962 2
215 39 2
1 631 2
532 845 2
437 642 2
165 592 2
875 435 2
548 287 2
357 410 2
439 361 2
457 216 2
630 562 2
944 155 2
630 741 2
727 13 2
95 836 2
545 922 2
426 519 2
786 349 2
568 944 2
622 950 2
167 277 2
486 679 2
75 145 2
501 240 2
15 535 2
329 66 2
698 815 2
46 635 1
126 283 1
60 359 1
217 110 1
360 879 1
786 636 1
401 293 1
618 713 1
567 957 1
171 684 1
914 56 1
826 8 1
601 240 1
873 147 1
585 369 1
856 194 1
873 51 1
895 380 1
85 698 1
649 444 1
705 290 1
224 686 1
397 245 1
323 432 1
392 615 1
583 632 1
67 404 1
359 963 1
562 745 1
841 452 1
204 957 1
957 538 1
400 524 1
187 36 1
834 240 1
716 262 1
251 348 1
641 625 1
989 922 1
571 287 1
623 457 1
869 436 1
520 24 1
171 698 1
784 180 1
