,298,35,373|,298,305,375|,300,260,373|,300,260,307,375|,298,305,306,373|,298,35,307,375|,298,1,39,373|,298,23,37,373|,298,27,37,373|,298,89,323,371|
,104,321|,100,39,317|,100,41,319|,100,43,319|,102,45,319|,289,290,319|,289,286,39,317|,289,286,41,319|,289,286,43,319|,289,419,422,319|
,8,531|,15,531|,15,10,197,529|,15,61,71,527|,15,61,73,527|,15,243,238,529|,15,273,268,527|,15,315,310,527|,15,359,360,527|,15,483,478,527|
,364,179,427|,366,4,425|,366,13,179,427|,364,9,7,425|,364,12,4,425|,364,14,7,425|,364,143,183,427|,364,147,183,427|,364,217,214,425|,364,243,383,429|
,455,456|,455,458,351|,322,92,349|,507,502,347|,507,502,567,562|,322,92,53,351|,322,92,57,351|,322,88,11,349|,322,88,33,347|,322,90,29,347|
,238,537|,238,529,533|,240,112,535|,242,531,533|,242,531,528,537|,242,10,35,535|,242,10,197,537|,242,281,284,535|,238,196,35,535|,477,472,35,535|
,382,238,198|,382,238,196,119|,382,238,200,168|,382,242,10,119|,382,477,472,119|,384,330,250,119|,384,332,108,123|,386,330,250,119|,386,332,108,123|,386,332,108,0,119|
,292,51|,345,342|,292,77,78|,292,151,152|,294,81,78|,296,23,49|,296,27,49|,296,27,439,440|,296,23,439,440|,296,1,41,51|
,328,559|,328,353,561|,328,397,553,557|,387,429,426,551,557|,387,543,579,576,559|,385,429,426,551,557|,385,543,579,576,559|,332,106,61,71,559|,332,106,61,73,559|,332,106,93,357,561|
,516,36,453|,518,36,453|,518,34,23,453|,518,34,27,453|,516,34,23,453|,516,34,27,453|,514,187,188,453|,514,187,191,449|,514,187,191,451|,514,187,184,23,453|
,352,269|,352,127,271|,352,397,398|,356,92,273|,561,558,269|,561,558,127,271|,561,558,397,398|,561,556,552,398|,356,88,11,273|,356,90,129,271|
,134,63|,134,11,61|,134,17,59|,130,32,63|,132,106,61|,132,110,61|,145,142,61|,145,146,61|,181,178,61|,181,178,10,63|
,5,55,459|,31,347,457|,31,469,466|,85,86,459|,85,86,351,457|,31,347,350,459|,31,67,64,459|,31,67,68,459|,31,503,506,455|,31,567,562,457|
,258,148|,260,38|,407,408|,407,410,90|,260,34,1|,258,150,40|,258,150,42|,301,298,1|,301,302,28|,377,378,20|
,474,45|,474,20,41|,474,20,43|,472,1,41|,472,1,43|,472,17,45|,472,297,292|,472,17,20,41|,472,17,20,43|,472,1,21,45|
,352,397|,352,269,399|,561,556,552|,561,558,397|,561,558,269,399|,352,70,58,395|,352,72,58,395|,352,127,271,399|,352,381,378,395|,352,559,556,552|
,278,48|,278,441,438|,274,175,172|,274,142,10,23|,274,142,10,27|,274,142,139,136|,274,142,437,438|,274,144,134,23|,274,144,134,27|,274,146,10,23|
,3,23,463|,3,27,463|,3,27,497,500|,3,23,497,500|,3,1,149,465|,3,33,499,500|,3,35,36,463|,3,63,71,461|,3,63,73,461|,3,159,154,465|
,166,35,373|,166,305,375|,170,37,373|,170,37,307,375|,170,22,35,373|,170,22,305,375|,170,26,35,373|,170,26,305,375|,166,305,306,373|,166,35,307,375|
,91,357,561|,95,355,561|,129,126,559|,165,160,559|,165,160,353,561|,129,126,353,561|,129,271,268,559|,95,355,352,559|,95,363,360,559|,91,357,352,559|
,38,109|,34,1,109|,34,11,107|,34,11,111|,34,135,132|,36,137,140|,285,280,107|,285,280,111|,285,280,139,140|,285,282,1,109|
,472,1,149|,472,159,154|,474,20,149|,474,45,151|,474,45,40,149|,474,45,42,149|,474,45,51,153|,474,20,41,151|,474,20,43,151|,474,16,1,149|
,105,102|,105,100,21|,105,233,236|,52,10,17|,52,61,58|,54,3,17|,54,4,19|,56,10,17|,56,61,58|,87,82,21|
,508,34,401|,508,38,405|,510,118,401|,510,122,405|,512,34,401|,512,38,405|,512,38,0,401|,512,34,1,405|,512,36,22,401|,512,36,26,401|
,324,292|,322,90,41|,322,90,43|,326,236,45|,326,236,20,41|,326,236,20,43|,326,232,100,41|,326,232,100,43|,326,232,102,45|,326,232,289,290|
,194,71|,194,73|,192,125,126|,555,552,396|,555,557,558|,555,557,560,352|,555,552,398,268|,192,125,271,268|,192,52,61,71|,192,52,61,73|
,136,49,46|,138,9,7|,138,12,4|,138,14,7|,138,217,214|,138,573,568|,138,10,2,4|,138,10,17,18|,138,10,33,30|,138,10,251,254|
,282,33,503|,282,185,505|,282,1,29,503|,282,23,189,505|,282,27,189,505|,282,89,323,507|,282,135,130,503|,282,297,325,507|,282,299,302,503|,280,9,187,505|
,244,347|,244,567,562|,244,32,11,349|,244,67,64,351|,244,67,68,351|,244,231,228,349|,244,313,314,349|,244,469,466,456|,246,40,29,347|,246,42,29,347|
,286,95,363|,290,99,363|,290,40,95,363|,290,42,95,363|,290,77,80,361|,290,293,294,361|,286,0,11,359|,286,41,99,363|,286,43,99,363|,286,91,92,359|
,574,6,515|,576,309,306,517|,576,309,306,519|,578,538,6,515|,578,540,256,515|,578,540,260,517|,578,540,260,519|,576,309,304,35,517|,576,309,304,35,519|,576,309,375,372,517|
,322,88,23|,322,88,27|,324,296,23|,324,296,27|,337,334,172|,337,338,262|,371,372,36|,507,504,188|,507,504,184,23|,507,504,184,27|
,522,489,484|,522,58,267,264|,522,62,33,221|,520,227,230,221|,524,456,346,221|,524,458,87,223|,524,467,468,221|,524,458,65,66,221|,524,458,69,66,221|,524,458,351,346,221|
,8,315|,15,315|,7,31,313|,7,5,13,315|,7,215,216,315|,7,569,572,315|,7,575,576,311|,15,10,33,313|,15,61,71,311|,15,61,73,311|
,238,196,393|,238,200,391|,242,10,393|,477,472,393|,477,472,167,391|,477,474,16,393|,477,474,103,389|,242,10,167,391|,242,12,3,393|,242,53,105,389|
,380,361|,380,70,60,359|,380,72,60,359|,380,269,272,359|,380,311,314,359|,380,353,354,363|,380,479,482,359|,380,527,530,359|,376,256,8,359|,376,256,15,359|
,278,153|,278,50,151|,278,50,40,149|,278,50,42,149|,278,48,463,464|,278,79,76,151|,274,142,157,154|,274,146,157,154|,276,178,157,154|,276,178,9,257,258|
,484,220,313|,488,60,315|,488,71,311|,488,73,311|,488,62,11,315|,488,62,33,313|,486,392,11,315|,486,392,33,313|,486,392,1,29,313|,486,392,2,13,315|
,96,425,428|,96,539,542|,117,241,383|,96,255,331,385|,96,255,331,387|,96,575,578,542|,94,109,333,385|,94,109,333,387|,355,352,329,385|,355,352,329,387|
,312,32|,314,10|,314,12,3|,314,61,62|,314,93,88|,314,157,158|,314,281,282|,314,415,412|,312,28,0|,312,131,134|
,364,273|,366,13,273|,368,129,271|,368,129,126,269|,368,0,11,273|,368,21,395,398|,368,91,92,273|,368,109,106,273|,368,109,110,273|,368,165,160,269|
,22,63|,26,63|,26,11,61|,26,17,59|,22,11,61|,22,17,59|,37,34,63|,137,138,61|,171,166,63|,189,184,63|
,358,53,105|,358,57,105|,362,94,101|,362,94,21,103|,362,94,287,288|,362,96,19,103|,362,96,255,252|,362,98,40,101|,362,98,42,101|,362,98,44,103|
,104,65|,104,69|,100,29,67|,100,0,33,67|,100,83,86,65|,100,83,86,69|,100,129,124,65|,100,129,124,69|,104,351,346,67|,102,16,33,67|
,236,59,523|,327,455,525|,236,16,63,523|,232,102,59,523|,232,104,459,525|,234,142,61,523|,234,146,61,523|,234,146,9,115,521|,234,146,10,63,523|,234,146,14,115,521|
,214,425|,216,179,427|,216,9,7,425|,216,12,4,425|,216,14,7,425|,216,143,183,427|,216,147,183,427|,216,243,383,429|,216,573,568,425|,214,539,542,429|
,444,149|,444,41,151|,444,43,151|,442,1,149|,442,159,154|,446,128,149|,446,128,41,151|,446,128,43,151|,446,124,211,212|,446,126,461,464|
,304,17,267|,304,23,263|,304,27,263|,306,36,263|,308,479,480|,308,70,58,267|,308,72,58,267|,308,381,378,267|,308,397,394,267|,308,461,462,263|
,127,128,409|,161,164,409|,353,356,411|,381,376,407|,381,378,20,409|,353,356,90,409|,353,354,94,409|,161,164,91,411|,127,128,91,411|,127,447,444,409|
,282,197|,282,119,199|,282,167,201|,282,205,206|,280,10,197|,280,243,238|,280,531,528|,284,34,197|,284,535,536|,284,535,532,528|
,487|,392,63,489|,392,11,61,489|,392,17,59,489|,392,33,221,485|,390,166,63,489|,388,102,59,489|,388,102,16,63,489|,388,102,267,264,485|,390,166,11,61,489|
,328,527,528|,330,250,197|,385,382,238|,387,382,238|,330,250,119,199|,330,250,167,201|,330,250,205,206|,328,527,533,536|,328,70,62,197|,328,72,62,197|
,45|,20,41|,20,43|,20,95,98|,20,149,150|,20,287,290|,16,1,41|,16,1,43|,16,297,292|,18,47,50|
,336,324,345|,336,322,92,341|,334,172,49,343|,334,174,142,341|,334,174,146,341|,338,262,49,343|,338,481,482,341|,338,481,482,493,490|,338,481,482,495,490|,338,481,478,295,345|
,452,22,251|,452,26,251|,452,37,34,251|,452,49,46,255|,452,171,166,251|,452,189,184,251|,448,190,184,251|,448,192,105,253|,448,194,62,251|,448,219,214,255|
,234,175,172|,236,16,23|,236,16,27|,236,267,262|,236,545,546|,236,16,35,36|,236,16,167,170|,236,16,185,188|,236,18,47,48|,236,20,0,23|
,268,381,376|,272,9,257|,272,14,257|,272,10,35,261|,272,10,299,300|,272,93,411,406|,272,157,154,259|,272,281,284,261|,268,309,306,261|,268,461,464,259|
,22,1,369|,22,2,367|,22,11,365|,26,1,369|,26,2,367|,26,11,365|,37,38,369|,137,138,365|,439,436,365|,439,436,12,367|
,106,573|,110,573|,141,138,573|,141,136,189,571|,110,9,7,569|,110,9,187,571|,110,10,185,571|,110,12,4,569|,110,14,7,569|,110,14,187,571|
,432,196|,432,198,118|,432,200,166|,432,207,204|,430,316,34|,434,136,22|,434,136,26|,434,138,10|,434,138,12,3|,434,138,61,62|
,358|,360,70,60|,360,72,60|,360,269,272|,360,311,314|,360,479,482|,360,527,530|,362,94,0,11|,362,94,91,92|,362,94,109,106|
,275|,183,277|,142,179,277|,144,181,277|,146,179,277|,175,172,49,279|,146,341,342,279|,146,437,440,279|,142,341,342,279|,142,437,440,279|
,5,55,125|,19,20,129|,31,28,129|,85,82,129|,85,86,125|,97,94,129|,403,404,129|,575,576,127|,575,576,269,270|,403,404,445,446|
,329|,577,574,255,331|,577,578,542,384|,577,578,542,386|,527,530,107,333|,527,530,111,333|,479,482,107,333|,479,482,111,333|,361,358,107,333|,361,358,111,333|
,84,425,428|,84,539,542|,84,255,331,385|,84,255,331,387|,84,575,578,542|,82,109,333,385|,82,109,333,387|,86,52,243,383|,86,56,243,383|,86,56,107,333,385|
,526,577|,530,9,7,575|,530,12,4,575|,530,14,7,575|,530,61,71,577|,530,61,73,577|,530,217,214,575|,530,273,268,577|,530,315,310,577|,530,359,360,577|
,100,0,413|,100,91,417|,102,16,413|,104,52,415|,104,56,415|,253,250,413|,389,392,413|,389,392,11,415|,389,392,89,417|,389,390,166,413|
,22,33,67|,26,33,67|,497,498,67|,26,1,29,67|,26,2,55,65|,26,2,55,69|,26,11,53,65|,26,11,53,69|,26,11,57,65|,26,11,57,69|
,453|,189,191,449|,189,191,451|,547,548,218,449|,547,548,218,451|,26,63,195,449|,26,63,195,451|,26,185,191,449|,26,185,191,451|,22,63,195,449|
,262,171|,262,22,167|,262,26,167|,266,16,167|,266,16,23,171|,266,16,27,171|,266,16,119,169|,266,16,197,200|,266,16,393,390|,266,20,0,167|
,460,81|,462,49,79|,464,150,77|,464,152,79|,464,152,50,77|,464,150,51,79|,464,148,41,77|,464,148,43,77|,462,49,50,77|,462,439,440,79|
,508,36,453|,512,36,453|,512,34,23,453|,512,34,27,453|,508,34,23,453|,508,34,27,453|,510,118,23,453|,510,118,27,453|,510,169,170,453|,510,169,166,23,453|
,448,192,54|,450,192,54|,452,22,2|,452,26,2|,452,26,11,12|,452,22,11,12|,452,37,34,2|,452,49,46,5|,452,137,138,12|,452,171,166,2|
,250,89,323|,250,297,325|,252,233,327|,252,100,91,323|,252,102,237,327|,252,104,459,454|,250,1,91,323|,250,11,93,323|,250,17,237,327|,250,33,503,506|
,309,306|,309,304,35|,309,375,372|,70,62,35|,72,62,35|,127,128,39|,161,164,39|,295,296,35|,381,376,260|,461,462,37|
,460,70,60,493|,460,70,60,495|,460,72,60,493|,460,72,60,495|,460,269,272,493|,460,269,272,495|,460,295,345,491|,460,311,314,493|,460,311,314,495|,460,361,358,493|
,418,286,123|,422,40,123|,422,42,123|,422,42,0,119|,422,40,0,119|,422,44,16,119|,422,44,20,123|,422,99,94,123|,422,151,148,123|,422,291,286,123|
,80,353|,80,559,560|,76,99,355|,76,40,91,357|,76,40,95,355|,76,42,91,357|,76,42,95,355|,76,293,294,353|,80,361,362,355|,78,46,97,355|
,396,527|,398,268,527|,398,272,531|,398,270,126,527|,396,70,60,531|,396,72,60,531|,396,269,272,531|,396,311,314,531|,396,361,358,531|,396,479,482,531|
,106,349|,110,349|,110,53,351|,110,57,351|,106,53,351|,106,57,351|,108,29,347|,133,130,347|,141,138,349|,141,138,53,351|
,28,91|,32,89|,32,1,91|,32,11,93|,32,413,416|,28,0,89|,28,409,410|,131,134,89|,231,228,93|,303,298,89|
,329,385,429|,329,387,429|,577,574,425|,577,578,538,425|,577,578,542,429|,329,330,254,425|,70,58,18,425|,70,60,179,427|,72,58,18,425|,72,60,179,427|
,364,10,135|,364,107,133|,364,111,133|,364,143,144|,364,147,144|,364,179,180|,366,3,135|,368,0,135|,368,29,131|,368,109,133|
,550,427|,552,394,18,425|,554,219,214,425|,557,558,329,385,429|,557,558,329,387,429|,557,558,577,574,425|,557,560,354,96,425|,554,219,216,179,427|,554,190,186,7,425|,554,190,571,568,425|
,274,142,53,459|,274,142,57,459|,274,142,349,457|,274,146,53,459|,274,146,57,459|,274,146,349,457|,274,235,327,455|,276,178,53,459|,276,178,57,459|,276,178,349,457|
,112,36,49,279|,114,7,47,279|,114,8,143,275|,114,8,147,275|,114,8,179,277|,114,15,143,275|,114,15,147,275|,114,15,179,277|,116,96,47,279|,116,98,51,279|
,1,83|,2,4,85|,2,55,87|,11,53,87|,11,57,87|,17,18,85|,17,20,83|,33,28,83|,33,30,85|,33,221,222|
,368,203|,368,0,205|,364,10,205|,366,3,205|,366,3,1,203|,366,3,197,207|,366,13,10,205|,364,10,1,203|,364,10,197,207|,364,12,3,205|
,364,53,193|,364,57,193|,364,61,195|,364,217,218|,366,55,193|,366,3,63,195|,366,3,185,191|,366,4,215,218|,366,13,53,193|,366,13,57,193|
,91,357|,95,355|,0,89,357|,41,99,355|,43,99,355|,129,126,353|,165,160,353|,409,410,357|,165,160,559,560|,129,126,559,560|
,10,35,509|,10,35,513|,10,119,511|,281,284,509|,281,284,513|,281,282,35,509|,281,282,35,513|,281,282,119,511|,10,1,39,509|,10,1,39,513|
,408,29,231|,410,92,229|,410,88,11,229|,410,88,33,231|,410,90,29,231|,410,417,414,229|,408,0,11,229|,408,0,33,231|,408,39,113,227|,408,41,423,420|
,232,100,95|,236,18,97|,236,20,95|,236,45,99|,236,45,40,95|,236,45,42,95|,236,20,41,99|,236,20,43,99|,236,16,1,95|,236,103,100,95|
,472,185|,472,23,189|,472,27,189|,474,16,185|,474,16,23,189|,474,16,27,189|,474,18,6,187|,474,18,569,570|,474,20,0,185|,474,59,62,185|
,142,53,211|,142,57,211|,146,53,211|,146,57,211|,146,10,35,209|,146,12,55,211|,146,157,154,213|,146,281,284,209|,146,349,350,211|,142,10,35,209|
,76,40,0|,76,42,0|,76,44,16|,76,293,296|,78,48,22|,78,48,26|,80,70,62|,80,72,62|,80,295,296|,80,309,304|
,558,295,325|,560,356,323|,560,352,295,325|,558,309,375,370|,558,353,356,323|,558,309,304,89,323|,558,309,304,297,325|,558,309,306,373,370|,560,352,309,375,370|,560,356,88,297,325|
,256,187,191|,256,7,215,218|,256,8,53,193|,256,8,57,193|,256,8,61,195|,256,8,217,218|,256,15,53,193|,256,15,57,193|,256,15,61,195|,256,15,217,218|
,514,7,19,237|,514,8,143,235|,514,8,147,235|,514,15,143,235|,514,15,147,235|,516,34,17,237|,516,38,21,237|,516,38,101,233|,516,373,370,326|,518,34,17,237|
,389,487|,102,59,489|,102,16,63,489|,102,16,393,487|,102,267,264,485|,389,392,63,489|,100,0,63,489|,100,0,393,487|,100,21,59,489|,100,29,221,485|
,123|,0,119|,0,167,168|,0,197,198|,21,16,119|,29,32,119|,39,34,119|,39,509,510|,39,513,510|,91,88,119|
,542|,538,425,428|,579,574,425,428|,579,576,329,385|,579,576,329,387|,538,255,331,385|,538,255,331,387|,538,575,576,329,385|,538,575,576,329,387|,579,574,255,331,385|
,317,431|,34,197,433|,36,137,435|,535,536,433|,535,532,528,433|,36,22,197,433|,36,26,197,433|,36,171,201,433|,34,11,139,435|,34,23,137,435|
,312,245|,312,28,41,247|,312,28,43,247|,312,221,224,249|,310,81,76,247|,310,161,177,249|,310,295,292,247|,314,10,33,245|,314,143,175,249|,314,147,175,249|
,234,183,427|,236,18,425|,234,142,179,427|,234,144,181,427|,234,146,179,427|,234,275,276,427|,232,102,18,425|,232,253,254,425|,232,253,331,385,429|,232,253,331,387,429|
,274,142,53|,274,142,57|,274,146,53|,274,146,57|,276,178,53|,276,178,57|,276,178,12,55|,276,178,349,350|,276,182,142,53|,276,182,142,57|
,30,215,218|,32,63,195|,32,185,191|,67,64,193|,67,68,193|,347,350,193|,503,504,191|,347,348,53,193|,347,348,57,193|,347,348,61,195|
,29,503|,0,33,503|,0,185,505|,91,323,507|,91,88,33,503|,91,88,185,505|,0,23,189,505|,0,27,189,505|,0,89,323,507|,0,135,130,503|
,442,89|,444,91|,444,0,89|,444,409,410|,442,1,91|,442,11,93|,442,413,416|,446,128,91|,446,128,0,89|,446,128,409,410|
,352,70,489,484|,352,72,489,484|,352,161,177,225|,352,311,312,221|,352,479,480,264|,354,94,29,221|,354,94,83,223|,354,96,31,221|,354,96,85,223|,356,88,33,221|
,124,459,454|,126,295,325|,128,91,323|,128,0,89,323|,128,0,297,325|,128,21,237,327|,128,29,503,506|,128,39,373,370|,128,41,293,325|,128,43,293,325|
,180,130|,180,134,33|,178,10,33|,178,229,230|,178,315,312|,178,349,346|,182,144,130|,427,424,31|,182,144,134,33|,182,142,10,33|
,292,44,267|,294,479,480|,296,17,267|,296,23,263|,296,27,263|,325,337,338|,325,326,236,267|,296,1,21,267|,296,11,483,480|,296,33,221,265|
,118,2,4,425|,118,11,179,427|,118,17,18,425|,118,33,30,425|,118,135,181,427|,118,251,254,425|,118,401,402,425|,122,21,18,425|,122,29,30,425|,122,83,84,425|
,268,309|,270,126,309|,272,10,305|,399,396,309|,399,394,16,305|,272,10,35,307|,272,12,3,305|,272,61,62,305|,272,61,71,309|,272,61,73,309|
,1,101|,17,103|,251,252|,393,388|,17,20,101|,17,237,232|,1,21,103|,1,287,288|,2,55,105|,11,53,105|
,286,21,18|,286,29,30|,286,83,84|,286,95,96|,286,405,402|,288,102,18|,288,253,254|,290,44,18|,290,51,46|,290,99,96|
,376,301|,378,16,299|,378,16,33,303|,378,18,31,303|,378,20,0,299|,378,20,29,303|,378,59,62,299|,378,475,472,299|,376,260,34,299|,380,70,62,299|
,402,47|,400,23,49|,400,27,49|,404,41,51|,404,43,51|,404,149,152|,404,149,150,51|,404,43,77,78|,404,43,151,152|,404,41,77,78|
,456,346,499|,467,468,499|,456,563,566,499|,454,507,502,499|,458,65,66,499|,458,69,66,499|,458,351,346,499|,458,351,563,566,499|,458,52,10,23,497|,458,52,10,27,497|
,84,425,426|,86,52,179|,86,56,179|,86,56,143,183|,86,56,147,183|,86,52,143,183|,86,52,147,183|,86,54,13,179|,86,193,555,550|,86,351,348,179|
,176,164|,172,22,1|,172,26,1|,172,37,38|,225,220,28|,225,222,82|,249,244,28|,249,246,40|,249,246,42|,249,246,44,20|
,468,131,181|,470,364,179|,470,364,143,183|,470,364,147,183|,470,366,13,179|,468,131,145,183|,468,30,425,426|,468,32,11,179|,468,32,135,181|,468,231,228,179|
,463,460,559|,463,460,353,561|,22,63,71,559|,22,63,73,559|,22,89,357,561|,22,297,294,559|,22,305,308,559|,26,63,71,559|,26,63,73,559|,26,89,357,561|
,244,28,83|,244,30,85|,244,221,222|,246,40,83|,246,42,83|,248,225,222|,248,176,164,83|,246,44,18,85|,246,44,20,83|,246,51,46,85|
,408,369|,410,90,369|,410,92,365|,410,92,12,367|,410,88,1,369|,410,88,2,367|,410,88,11,365|,410,417,414,365|,408,0,2,367|,408,0,11,365|
,212|,208,38,149|,208,261,258|,210,52,157,154|,210,56,157,154|,210,87,82,149|,210,105,100,149|,210,125,128,149|,210,321,318,151|,208,38,41,151|
,142,349|,146,349|,146,53,351|,146,57,351|,142,53,351|,142,57,351|,144,130,347|,183,178,349|,183,178,53,351|,183,178,57,351|
,40,29,221|,40,83,223|,42,29,221|,42,83,223|,44,267,264|,247,244,221|,247,248,225|,44,16,33,221|,44,18,31,221|,44,18,85,223|
,76,40,369|,76,42,369|,76,44,20,369|,76,99,94,369|,76,151,148,369|,76,291,286,369|,78,46,5,367|,78,50,40,369|,78,50,42,369|,78,153,148,369|
,128,0|,447,442|,447,444,0|,128,21,16|,128,29,32|,128,39,34|,128,91,88|,128,123,118|,128,203,204|,128,405,400|
,136,22,251|,136,26,251|,138,10,251|,140,333,330|,140,106,10,251|,140,108,0,251|,140,108,101,253|,140,110,10,251|,140,133,134,251|,138,9,7,255|
,286,0,305|,286,39,307|,286,39,34,305|,286,39,373,374|,286,0,35,307|,286,21,16,305|,286,29,32,305|,286,91,88,305|,286,123,118,305|,286,129,126,309|
,58,20,149|,58,45,151|,60,157,154|,62,1,149|,62,159,154|,71,461,464|,73,461,464|,73,81,76,151|,73,81,78,153|,73,127,128,149|
,214,31,567|,216,243,565|,216,349,563|,216,349,346,567|,216,10,33,567|,216,53,351,563|,216,57,351,563|,216,229,230,567|,216,315,312,567|,214,31,347,563|
,352,81,78,279|,354,96,47,279|,354,98,51,279|,356,92,143,275|,356,92,147,275|,356,92,179,277|,561,556,550,277|,561,556,550,182,275|,561,558,81,78,279|,356,92,179,182,275|
,514,187,191|,514,7,215,218|,514,8,53,193|,514,8,57,193|,514,8,61,195|,514,8,217,218|,514,15,53,193|,514,15,57,193|,514,15,61,195|,514,15,217,218|
,190,184,1,409|,190,184,89,411|,190,186,257,407|,192,52,93,411|,192,56,93,411|,192,87,82,409|,192,105,100,409|,192,125,128,409|,194,58,20,409|,194,60,93,411|
,408,21,395|,408,0,17,395|,408,41,44,395|,408,43,44,395|,408,101,102,395|,408,129,126,397|,408,129,271,399|,408,165,160,397|,406,377,378,395|,406,377,380,397|
,388,233,234,275|,390,170,49,279|,392,11,143,275|,392,11,147,275|,392,11,179,277|,392,23,49,279|,392,27,49,279|,392,135,145,275|,392,135,181,277|,392,135,181,182,275|
,364,9,115|,364,14,115|,364,229,226|,364,243,240|,368,39,113|,368,95,117|,368,0,35,113|,368,29,231,226|,368,41,99,117|,368,43,99,117|
,492,243|,494,243|,490,340,243|,494,9,115,241|,494,10,197,239|,494,10,473,476|,494,14,115,241|,494,229,226,241|,494,349,563,564|,494,531,528,239|
,514,7,47,279|,514,8,143,275|,514,8,147,275|,514,8,179,277|,514,15,143,275|,514,15,147,275|,514,15,179,277|,516,36,49,279|,518,36,49,279|,518,36,173,174,275|
,98,319|,94,39,317|,94,41,319|,94,43,319|,117,112,317|,94,0,35,317|,94,21,45,319|,94,83,86,321|,94,101,104,321|,94,129,124,321|
,46,569|,48,189,571|,343,340,573|,441,436,573|,441,438,189,571|,343,491,492,573|,343,491,494,573|,48,22,11,573|,48,22,185,571|,48,26,11,573|
,346,32,197|,348,10,197|,348,243,238|,348,531,528|,563,564,238|,563,566,32,197|,348,531,533,536|,348,10,119,199|,348,10,167,201|,348,10,205,206|
,190,184,305|,194,62,305|,194,71,309|,194,73,309|,194,62,35,307|,194,58,16,305|,194,60,10,305|,190,184,35,307|,190,188,22,305|,190,188,26,305|
,424,19,267,339|,426,182,175,335|,426,182,235,327,337|,426,178,93,323,337|,426,178,143,175,335|,426,178,147,175,335|,426,178,483,480,339|,426,180,145,175,335|,426,277,274,175,335|,424,19,237,327,337|
,106,281|,110,281|,110,10,283|,106,10,283|,108,0,283|,108,39,285|,133,134,283|,141,138,281|,141,138,10,283|,141,136,22,283|
,124,52,415|,124,56,415|,128,0,413|,128,91,417|,271,272,415|,447,442,413|,447,442,11,415|,447,442,89,417|,447,444,0,413|,447,444,91,417|
,294,479|,296,11,483|,345,340,483|,345,491,492,483|,345,491,494,483|,296,2,13,483|,296,17,267,481|,296,23,263,481|,296,27,263,481|,296,63,60,483|
,364,573|,366,4,569|,366,13,573|,366,3,11,573|,366,3,185,571|,366,55,52,573|,366,55,56,573|,364,9,7,569|,364,9,187,571|,364,10,185,571|
,250,167|,250,23,171|,250,27,171|,250,119,169|,250,197,200|,250,393,390|,252,389,390|,252,389,392,167|,252,100,0,167|,252,100,123,169|
,334,225,220,67|,334,249,244,67|,336,455,458,65|,336,455,458,69|,336,507,502,67|,338,264,220,67|,338,264,222,86,65|,338,264,222,86,69|,338,262,22,33,67|,338,262,26,33,67|
,420,228,483|,422,44,267,481|,422,77,80,479|,422,293,294,479|,422,293,296,11,483|,422,293,345,340,483|,422,44,16,11,483|,422,44,59,60,483|,422,44,59,71,479|,422,44,59,73,479|
,272,10|,272,12,3|,272,61,62|,272,93,88|,272,157,158|,272,281,282|,272,415,412|,268,70,62|,268,72,62|,268,295,296|
,102,18,6|,104,52,9|,104,52,14|,104,56,9|,104,56,14|,253,254,6|,253,250,11,9|,253,250,11,14|,253,250,185,186|,104,54,4,6|
,500,460,559|,500,460,353,561|,496,463,460,559|,498,313,310,559|,498,313,310,353,561|,498,28,91,357,561|,498,28,95,355,561|,498,28,129,126,559|,498,28,165,160,559|,498,30,97,355,561|
,508,34,33,67|,508,38,29,67|,508,209,210,65|,508,209,210,69|,508,317,320,65|,508,317,320,69|,510,118,33,67|,510,122,29,67|,512,34,33,67|,512,38,29,67|
,0,11,437|,0,23,439|,0,27,439|,39,36,439|,41,51,441|,43,51,441|,91,92,437|,109,106,437|,109,110,437|,149,152,441|
,226,112,535|,228,531,533|,228,531,528,537|,228,10,35,535|,228,10,197,537|,228,243,238,537|,228,281,284,535|,226,241,238,537|,230,28,39,535|,230,32,35,535|
,504,188,439|,504,188,49,441|,504,184,11,437|,504,184,23,439|,504,184,27,439|,504,186,8,437|,504,186,15,437|,504,571,572,437|,502,30,47,441|,502,32,11,437|
,156,143|,156,147|,156,179,182|,158,11,143|,158,11,147|,158,135,145|,158,135,181,182|,158,11,179,182|,158,2,13,143|,158,2,13,147|
,40,0,305|,40,39,307|,42,0,305|,42,39,307|,44,16,305|,77,80,309|,293,294,309|,293,296,305|,319,316,307|,319,316,34,305|
,311,312|,70,62,33|,72,62,33|,127,128,29|,161,164,29|,295,296,33|,309,304,33|,461,501,498|,577,574,31|,577,578,538,31|
,282,33,221|,282,1,29,221|,282,1,83,223|,282,17,267,264|,282,23,173,225|,282,23,263,264|,282,27,173,225|,282,27,263,264|,282,63,489,484|,282,135,130,221|
,193,555|,52,179,551|,56,179,551|,56,61,195,555|,56,143,183,551|,56,147,183,551|,56,217,218,555|,56,273,399,553|,52,61,195,555|,52,143,183,551|
,40,29,469|,40,369,471|,42,29,469|,42,369,471|,247,244,469|,42,0,33,469|,40,0,33,469|,44,16,33,469|,44,18,31,469|,44,20,29,469|
,382,238,198,511|,382,240,112,509|,382,240,112,513|,543,540,260,509|,543,540,260,513|,382,238,196,35,509|,382,238,196,35,513|,382,238,196,119,511|,382,238,200,168,511|,382,238,537,534,509|
,384,332,133|,386,332,133|,429,426,180|,429,426,182,144|,429,424,31,131|,386,330,250,135|,384,330,250,135|,382,238,196,135|,382,242,10,135|,382,242,107,133|
,142,437|,146,437|,175,172,439|,183,178,437|,275,278,441|,275,278,48,439|,275,276,178,437|,183,277,278,441|,175,172,49,441|,146,10,23,439|
,196,1,129|,196,443,446|,198,122,129|,207,202,129|,529,526,127|,529,526,269,270|,529,530,53,125|,529,530,57,125|,529,530,273,270|,207,202,445,446|
,372,36,497|,372,36,463,501|,372,34,23,497|,372,34,27,497|,372,34,33,499|,372,38,29,499|,370,507,502,499|,374,304,23,497|,374,304,27,497|,374,304,33,499|
,188,463|,188,497,500|,184,23,463|,184,27,463|,184,27,497,500|,184,23,497,500|,184,1,149,465|,184,33,499,500|,184,35,36,463|,184,63,71,461|
,390,170,49|,392,23,49|,392,27,49|,392,27,439,440|,392,23,439,440|,392,1,41,51|,392,1,43,51|,392,1,149,152|,392,2,4,47|,392,11,341,342|
,526,269|,530,273|,526,127,271|,526,397,398|,530,53,125,271|,530,57,125,271|,530,61,71,269|,530,61,73,269|,530,315,310,269|,530,359,360,269|
,233,327|,100,91,323|,102,237,327|,104,459,454|,104,52,93,323|,104,56,93,323|,104,351,457,454|,102,16,89,323|,102,16,297,325|,102,20,91,323|
,46,5,55|,46,85,86|,50,319,320|,153,213,210|,343,340,53|,343,340,57|,441,436,53|,441,436,57|,441,436,12,55|,441,436,349,350|
,232,253,331|,232,100,109,333|,234,142,107,333|,234,142,111,333|,234,144,132,333|,234,146,107,333|,234,146,111,333|,236,16,251,331|,236,18,255,331|,236,20,109,333|
,481,478,361|,481,482,359|,262,22,11,359|,262,26,11,359|,262,137,138,359|,262,439,436,359|,262,463,460,361|,266,16,11,359|,266,18,97,363|,266,20,95,363|
,143,275|,147,275|,179,277|,179,182,275|,147,183,277|,143,183,277|,341,342,279|,437,440,279|,437,438,49,279|,179,180,145,275|
,358,483,480|,360,479,480|,360,70,58,267|,360,72,58,267|,360,381,378,267|,360,397,394,267|,360,461,462,263|,358,10,17,267|,358,10,23,263|,358,10,27,263|
,396,479|,394,267,481|,398,268,479|,398,272,483|,398,270,126,479|,394,16,11,483|,394,59,60,483|,394,59,71,479|,394,59,73,479|,394,379,380,479|
,286,149,465|,290,151,465|,290,40,149,465|,290,42,149,465|,290,51,48,463|,290,51,153,465|,290,77,80,461|,290,293,294,461|,286,0,23,463|,286,0,27,463|
,5,3,119|,19,16,119|,19,20,123|,31,28,123|,31,32,119|,85,82,123|,97,94,123|,255,250,119|,403,400,119|,403,404,123|
,112,261,377|,114,257,377|,114,7,19,379|,112,34,17,379|,112,38,21,379|,112,307,308,381|,116,94,21,379|,116,96,19,379|,116,98,44,379|,116,355,352,381|
,216,10|,216,12,3|,216,61,62|,216,93,88|,216,157,158|,216,281,282|,216,415,412|,214,5,3|,214,19,16|,214,31,32|
,262,137|,481,482,139|,481,482,107,141|,481,482,111,141|,481,478,161,162|,262,22,11,139|,262,26,11,139|,262,173,176,162|,262,439,436,139|,264,224,172,137|
,538,6,187|,538,569,570|,540,256,187|,540,260,34,185|,540,260,36,189|,540,301,298,185|,538,5,3,185|,538,19,16,185|,538,31,32,185|,538,31,503,504|
,284|,282,35|,282,1,39|,282,23,37|,282,27,37|,282,305,306|,280,10,35|,280,10,1,39|,280,10,23,37|,280,10,27,37|
,118,11,573|,118,185,571|,118,2,4,569|,118,2,13,573|,118,17,18,569|,118,23,189,571|,118,27,189,571|,118,33,30,569|,118,63,60,573|,118,89,92,573|
,220,32,283|,220,32,11,281|,220,32,35,285|,220,28,0,283|,220,28,39,285|,220,131,134,283|,220,231,228,281|,220,303,298,283|,220,313,314,281|,220,347,348,281|
,520,112,36|,522,62,23|,522,62,27|,522,62,35,36|,522,62,167,170|,522,62,185,188|,522,58,16,23|,522,58,16,27|,522,58,267,262|,522,58,545,546|
,142,61,523|,146,61,523|,146,9,115,521|,146,10,63,523|,146,14,115,521|,146,53,459,525|,146,57,459,525|,146,229,226,521|,146,243,240,521|,146,349,457,525|
,112,34,443|,112,38,445|,116,94,445|,116,94,0,443|,116,94,129,447|,116,98,40,445|,116,98,42,445|,112,38,0,443|,112,38,129,447|,112,34,1,445|
,278,48,547|,278,46,19,545|,278,46,215,549|,278,50,44,545|,278,441,438,547|,274,142,217,549|,274,146,217,549|,274,175,172,547|,274,235,236,545|,276,178,217,549|
,52,273|,56,273|,125,271|,125,126,269|,54,13,273|,351,348,273|,54,3,11,273|,54,367,364,273|,125,126,397,398|,56,61,71,269|
,282,23,497|,282,27,497|,282,33,499|,284,36,497|,284,36,463,501|,284,34,23,497|,284,34,27,497|,284,34,33,499|,284,38,29,499|,282,27,463,501|
,270,124,321|,272,53,321|,272,57,321|,272,10,35,317|,272,12,55,321|,272,139,435,430|,272,281,284,317|,272,349,350,321|,270,128,39,317|,270,128,41,319|
,456|,458,351|,458,52,349|,458,56,349|,467,468,347|,525,522,60,349|,467,468,567,562|,467,470,364,349|,454,322,92,349|,454,507,502,347|
,266,395,398|,481,478,269|,481,482,273|,481,478,127,271|,481,478,397,398|,266,395,396,269|,266,16,11,273|,266,20,129,271|,266,59,60,273|,266,59,71,269|
,286,0,135|,286,29,131|,286,109,133|,286,29,32,135|,286,0,33,131|,286,21,16,135|,286,39,34,135|,286,91,88,135|,286,123,118,135|,286,203,204,135|
,340,9,187|,340,10,185|,340,14,187|,340,573,570|,342,48,189|,344,296,185|,344,296,23,189|,344,296,27,189|,344,325,507,504|,342,48,22,185|
,520,241|,522,60,243|,522,58,475,476|,522,62,11,243|,522,62,197,239|,522,62,473,476|,520,114,8,243|,520,114,15,243|,520,227,228,243|,524,456,348,243|
,3,33,567|,4,31,567|,13,243,565|,13,349,563|,55,351,563|,55,351,346,567|,55,52,243,565|,55,52,349,563|,55,56,243,565|,55,56,349,563|
,115|,7,97,117|,8,229,226|,8,243,240|,15,229,226|,15,243,240|,257,260,113|,515,516,113|,515,518,113|,187,184,35,113|
,414,229|,412,11,229|,412,33,231|,416,92,229|,416,88,11,229|,416,88,33,231|,416,90,29,231|,412,1,29,231|,412,2,13,229|,412,35,113,227|
,320,459,467|,320,52,365,471|,320,54,367,471|,320,56,365,471|,320,65,66,469|,320,69,66,469|,320,351,346,469|,320,351,457,467|,316,34,33,469|,316,38,29,469|
,324,292,77|,324,294,81|,324,292,51,79|,324,345,342,79|,322,90,41,77|,322,90,43,77|,322,357,352,81|,326,236,45,77|,371,374,308,81|,371,372,36,49,79|
,540,377|,538,19,379|,579,576,381|,579,574,19,379|,538,6,257,377|,538,575,576,381|,542,384,328,381|,542,386,328,381|,542,382,477,474,379|,542,429,424,19,379|
,64,125|,68,125|,66,28,129|,66,28,445,446|,66,32,1,129|,66,32,443,446|,66,313,310,127|,66,347,350,125|,68,52,273,270|,68,56,273,270|
,90|,88,1|,411,408|,88,17,20|,88,33,28|,88,35,38|,88,119,122|,88,205,202|,88,401,404|,88,443,444|
,249,246|,172,49,50|,176,164,41|,176,164,43|,176,164,21,45|,176,164,95,98|,176,164,149,150|,176,164,287,290|,176,160,81,76|,176,160,295,292|
,0,63,489|,0,393,487|,21,59,489|,29,221,485|,83,223,485|,101,389,487|,101,102,59,489|,29,32,63,489|,29,32,393,487|,21,16,63,489|
,382,242,93,323,337|,382,242,143,175,335|,382,242,147,175,335|,382,242,483,480,339|,382,477,474,267,339|,384,328,161,177,335|,384,328,295,325,337|,384,328,479,480,339|,386,328,161,177,335|,386,328,295,325,337|
,576,329|,574,255,331|,578,542,384|,578,542,386|,578,538,255,331|,574,425,428,384|,574,425,428,386|,574,539,542,384|,574,539,542,386|,576,527,530,107,333|
,332,133|,330,250,135|,330,250,33,131|,330,254,31,131|,332,106,10,135|,332,106,143,144|,332,106,147,144|,332,106,179,180|,332,108,0,135|,332,108,29,131|
,58,379|,71,381|,73,381|,62,17,379|,62,1,21,379|,62,35,261,377|,62,297,294,381|,62,299,300,377|,62,305,308,381|,62,473,474,379|
,66,131|,66,32,135|,66,28,0,135|,66,28,109,133|,66,303,298,135|,64,52,10,135|,64,52,107,133|,64,52,111,133|,64,52,143,144|,64,52,147,144|
,174,183,427|,174,142,179,427|,174,144,181,427|,174,146,179,427|,174,275,276,427|,172,49,46,425|,225,220,30,425|,225,222,84,425|,249,244,30,425|,249,244,131,181,427|
,551,557|,551,552,396,559|,178,61,71,559|,178,61,73,559|,178,93,357,561|,178,273,268,559|,178,315,310,559|,178,359,360,559|,178,483,478,559|,178,531,526,559|
,336,507|,334,172,189,505|,334,225,220,503|,334,249,244,503|,338,262,189,505|,338,264,220,503|,338,262,22,33,503|,338,262,22,185,505|,338,262,26,33,503|,338,262,26,185,505|
,504,186|,502,30,6|,502,32,11,9|,502,32,11,14|,502,32,185,186|,502,231,226,114|,502,231,228,9|,502,231,228,14|,502,303,300,256|,502,313,314,9|
,17,545|,23,547|,27,547|,1,21,545|,11,217,549|,35,36,547|,63,58,545|,167,170,547|,185,188,547|,473,474,545|
,101|,21,103|,287,288|,21,237,232|,0,17,103|,0,251,252|,0,393,388|,41,44,103|,41,291,288|,43,44,103|
,442,23,173|,442,27,173|,444,165,177|,444,0,23,173|,444,0,27,173|,444,29,221,224|,444,29,245,248|,444,39,36,173|,444,41,247,248|,444,43,247,248|
,122,101|,122,21,103|,122,287,288|,118,1,101|,118,17,103|,118,251,252|,118,393,388|,169,391,388|,169,166,1,101|,169,166,17,103|
,400,11,349|,400,33,347|,402,31,347|,404,29,347|,404,29,567,562|,404,0,11,349|,404,0,33,347|,404,83,86,351|,404,91,92,349|,404,101,104,351|
,280,365,471|,282,33,469|,282,1,29,469|,282,1,369,471|,282,2,367,471|,282,11,365,471|,282,135,130,469|,282,299,302,469|,280,10,33,469|,280,12,367,471|
,78,279,276|,78,279,274,183|,78,46,425,426|,78,343,340,179|,78,441,436,179|,76,51,279,276|,80,70,60,179|,80,72,60,179|,80,269,272,179|,80,311,314,179|
,191,192,459|,505,506,455|,505,502,347,457|,505,502,469,466|,191,192,351,457|,191,194,523,524|,184,2,55,459|,184,11,53,459|,184,11,57,459|,184,11,349,457|
,555|,219,216,179,551|,194,58,395,553|,194,60,179,551|,194,71,397,553|,194,71,559,556|,194,73,397,553|,194,73,559,556|,192,52,179,551|,192,56,179,551|
,10,23,497|,10,27,497|,10,33,499|,139,136,497|,229,230,499|,315,312,499|,349,346,499|,437,438,497|,437,438,463,501|,437,440,48,497|
,432,196,159|,434,138,157|,434,138,10,159|,434,136,22,159|,434,136,26,159|,434,140,106,157|,434,140,110,157|,432,196,11,157|,432,198,118,159|,432,200,166,159|
,304,1,41,423|,304,1,43,423|,304,1,287,419|,304,11,229,421|,304,17,45,423|,304,33,231,421|,304,297,292,423|,306,38,41,423|,306,38,43,423|,306,38,287,419|
,179,551|,53,193,555|,57,193,555|,61,195,555|,143,183,551|,147,183,551|,217,218,555|,273,399,553|,273,268,397,553|,273,268,559,556|
,214,255,331|,216,107,333|,216,111,333|,216,10,251,331|,216,61,71,329|,216,61,73,329|,216,139,140,333|,216,243,383,384|,216,243,383,386|,216,273,268,329|
,364,157|,364,10,159|,366,3,159|,366,13,157|,368,0,159|,368,149,155|,368,0,11,157|,368,21,16,159|,368,29,32,159|,368,39,34,159|
,484,224,174|,488,60,143|,488,60,147|,488,60,179,182|,488,58,237,234|,488,62,11,143|,488,62,11,147|,488,62,135,145|,484,220,131,145|,486,388,233,234|
,330,254,215|,332,106,217|,332,110,217|,332,141,138,217|,330,250,11,217|,328,70,60,217|,328,70,195,219|,328,72,60,217|,328,72,195,219|,328,269,272,217|
,314,53,211|,314,57,211|,314,10,35,209|,314,12,55,211|,314,157,154,213|,314,281,284,209|,314,349,350,211|,310,127,124,211|,310,309,306,209|,310,461,464,213|
,3,159|,13,157|,13,10,159|,3,11,157|,55,52,157|,55,56,157|,367,364,157|,367,364,10,159|,367,368,0,159|,367,368,149,155|
,574,5,55,459|,574,31,347,457|,574,31,469,466|,574,85,86,459|,576,70,523,524|,576,72,523,524|,576,127,124,459|,576,295,325,455|,576,127,124,351,457|,576,72,60,53,459|
,180,130,499|,180,134,23,497|,180,134,27,497|,180,134,33,499|,178,10,23,497|,178,10,27,497|,178,10,33,499|,178,139,136,497|,178,229,230,499|,178,315,312,499|
,318,293|,316,34,297|,316,36,22,297|,316,36,26,297|,316,38,0,297|,316,38,41,293|,316,38,43,293|,316,285,282,297|,316,307,304,297|,316,307,308,295|
,541|,256,7,539|,377,378,18,539|,377,380,577,578|,301,302,30,539|,258,152,46,539|,256,7,575,578|,258,152,46,575,578|,301,302,30,575,578|,377,380,577,574,539|
,465,460|,148,129,126|,148,165,160|,150,77,80|,150,293,294|,152,79,80|,259,377,380|,259,260,307,308|,259,541,579,576|,152,46,575,576|
,82,123|,82,0,119|,82,0,167,168|,82,0,197,198|,82,21,16,119|,82,29,32,119|,82,39,34,119|,82,39,509,510|,82,39,513,510|,82,91,88,119|
,130,28,129|,132,108,129|,134,1,129|,134,443,446|,134,443,444,129|,134,1,445,446|,134,2,55,125|,134,11,53,125|,134,11,57,125|,134,11,273,270|
,270,124,211|,272,53,211|,272,57,211|,272,10,35,209|,272,12,55,211|,272,157,154,213|,272,281,284,209|,272,349,350,211|,270,128,39,209|,270,128,149,213|
,261,541|,261,256,7,539|,34,2,4,539|,34,17,18,539|,34,33,30,539|,34,251,254,539|,34,299,300,541|,34,401,402,539|,36,49,46,539|,38,21,18,539|
,572,61,523|,572,9,115,521|,572,10,63,523|,572,14,115,521|,572,53,459,525|,572,57,459,525|,572,229,226,521|,572,243,240,521|,572,349,457,525|,568,6,115,521|
,28,83|,30,85|,221,222|,32,1,83|,67,64,87|,67,68,87|,347,350,87|,347,348,53,87|,347,348,57,87|,347,457,458,87|
,184,33|,505,502|,184,1,29|,184,135,130|,184,299,302|,186,7,31|,188,22,33|,188,26,33|,188,497,498|,571,568,31|
,570,184,35|,570,188,37|,572,10,35|,572,281,284|,572,281,282,35|,572,10,1,39|,572,10,23,37|,572,10,27,37|,572,10,283,284|,572,10,305,306|
,514,8,229,421|,514,15,229,421|,514,115,227,421|,516,38,41,423|,516,38,43,423|,516,38,287,419|,516,113,227,421|,516,317,318,423|,518,38,41,423|,518,38,43,423|
,434,140,333|,434,138,107,333|,434,138,111,333|,434,163,160,329|,432,196,251,331|,432,239,383,384|,432,239,383,386|,432,529,526,329|,432,529,530,107,333|,432,529,530,111,333|
,294,397|,294,269,399|,292,44,395|,296,17,395|,296,1,21,395|,296,11,273,399|,296,63,58,395|,296,63,71,397|,296,63,73,397|,296,305,308,397|
,392,11,493|,392,11,495|,392,11,341,491|,392,2,13,493|,392,2,13,495|,392,63,60,493|,392,63,60,495|,392,89,92,493|,392,89,92,495|,392,159,156,493|
,572,143|,572,147|,572,179,182|,572,179,180,145|,572,179,277,274|,572,10,135,145|,572,107,133,145|,572,111,133,145|,568,5,13,143|,568,5,13,147|
,6,257,407|,19,20,409|,31,28,409|,85,82,409|,97,94,409|,403,404,409|,539,540,407|,403,404,91,411|,403,400,1,409|,403,400,89,411|
,28,109,333|,30,255,331|,32,251,331|,131,132,333|,313,310,329|,313,314,107,333|,313,314,111,333|,131,134,251,331|,32,1,109,333|,32,11,107,333|
,492,365|,494,365|,494,12,367|,492,12,367|,490,340,365|,490,340,12,367|,494,10,1,369|,494,10,2,367|,494,53,54,367|,494,57,54,367|
,274,142,359|,274,146,359|,276,178,359|,276,182,142,359|,276,182,146,359|,274,183,178,359|,278,46,97,363|,278,50,99,363|,278,79,80,361|,278,343,340,359|
,176,164,95|,249,246,99|,249,246,40,95|,249,246,42,95|,249,244,28,95|,249,244,30,97|,176,164,41,99|,176,164,43,99|,176,160,353,354|,176,160,361,362|
,166,2,4,425|,166,11,179,427|,166,17,18,425|,166,33,30,425|,166,135,181,427|,166,251,254,425|,166,401,402,425|,170,49,46,425|,201,239,383,429|,201,239,242,179,427|
,346,30,255|,346,32,251|,348,10,251|,350,105,253|,350,52,10,251|,350,54,3,251|,350,54,4,255|,350,56,10,251|,350,87,84,255|,348,9,7,255|
,550,178,10,443|,550,180,134,443|,552,394,16,443|,552,394,20,445|,552,396,127,447|,552,398,270,447|,554,190,184,443|,554,192,125,447|,554,194,62,443|,557,558,127,447|
,312,567|,312,347,563|,314,243,565|,314,349,563|,314,349,346,567|,314,10,33,567|,314,53,351,563|,314,57,351,563|,314,229,230,567|,310,70,60,243,565|
,172,22,89|,172,26,89|,174,142,93|,174,146,93|,176,164,91|,335,336,322|,176,164,0,89|,176,164,409,410|,176,160,353,356|,176,162,138,93|
,379,376|,16,35,261|,16,299,300|,18,6,257|,18,539,540|,20,39,261|,20,149,259|,20,409,406|,45,151,259|,45,40,39,261|
,410,92,243|,410,88,11,243|,410,88,197,239|,410,88,473,476|,410,417,414,243|,406,256,8,243|,406,256,15,243|,406,256,115,241|,406,260,113,241|,406,541,542,382|
,88,205|,90,203|,90,0,205|,88,1,203|,88,197,207|,92,10,205|,411,408,203|,417,412,205|,417,412,1,203|,417,412,197,207|
,250,35,517|,250,35,519|,254,6,515|,250,1,39,517|,250,1,39,519|,250,11,9,515|,250,11,14,515|,250,23,37,517|,250,23,37,519|,250,27,37,517|
,216,53|,216,57|,218,192|,216,12,55|,216,349,350|,214,5,55|,214,85,86|,214,5,13,53|,214,5,13,57|,214,6,8,53|
,424,5,3,297|,424,19,16,297|,424,19,45,293|,424,31,32,297|,424,47,50,293|,424,47,343,344|,424,97,98,293|,424,255,250,297|,424,403,400,297|,424,575,576,295|
,346,32,185|,346,503,504|,348,9,187|,348,10,185|,348,14,187|,348,573,570|,350,193,190|,350,52,9,187|,350,52,10,185|,350,52,14,187|
,392,11,179|,392,135,181|,392,135,145,183|,392,11,143,183|,392,11,147,183|,392,2,13,179|,392,33,131,181|,392,63,60,179|,392,89,92,179|,392,159,156,179|
,45,77|,45,51,79|,18,47,79|,20,41,77|,20,43,77|,59,71,81|,59,73,81|,379,380,81|,395,396,81|,395,398,268,81|
,216,273|,216,53,125,271|,216,57,125,271|,216,61,71,269|,216,61,73,269|,216,315,310,269|,216,359,360,269|,216,483,478,269|,216,531,526,269|,214,5,13,273|
,82,287|,82,41,291|,82,43,291|,82,101,289|,86,105,289|,86,105,100,287|,86,125,128,287|,86,321,318,291|,82,43,423,418|,82,41,423,418|
,563|,346,567|,348,243,565|,457,467,468,567|,350,52,243,565|,350,56,243,565|,350,65,66,567|,350,69,66,567|,348,10,33,567|,348,229,230,567|
,9,257|,14,257|,10,35,261|,10,299,300|,93,411,406|,157,154,259|,281,284,261|,281,282,35,261|,281,282,299,300|,157,158,35,261|
,538,19,395|,579,576,397|,579,576,269,399|,579,574,19,395|,538,575,576,397|,540,377,378,395|,540,377,380,397|,542,384,328,397|,542,386,328,397|,542,386,328,269,399|
,468,231|,470,364,229|,470,366,13,229|,470,368,29,231|,468,32,11,229|,468,313,314,229|,468,347,348,229|,466,456,346,231|,466,456,348,229|,466,458,52,229|
,178,10,35,509|,178,10,35,513|,178,10,119,511|,178,281,284,509|,178,281,284,513|,180,134,35,509|,180,134,35,513|,180,134,119,511|,180,134,1,39,509|,180,134,1,39,513|
,374|,372,307|,372,34,305|,370,322,88,305|,370,324,294,309|,370,324,296,305|,372,36,22,305|,372,36,26,305|,372,38,0,305|,372,285,282,305|
,81,76|,295,292|,81,78,50|,70,58,45|,72,58,45|,127,128,41|,127,128,43|,161,164,41|,161,164,43|,353,354,98|
,532,526,559|,532,526,353,561|,534,307,308,559|,536,529,526,559|,536,529,526,353,561|,536,196,63,71,559|,536,196,63,73,559|,536,196,89,357,561|,536,196,297,294,559|,536,196,305,308,559|
,568,19,395|,572,273,399|,572,273,268,397|,572,10,17,395|,572,61,58,395|,572,61,71,397|,572,61,73,397|,572,179,551,552|,572,315,310,397|,572,359,360,397|
,486,392,35|,488,62,35|,488,62,1,39|,488,62,23,37|,488,62,27,37|,488,62,283,284|,488,62,305,306|,488,58,16,35|,488,58,20,39|,488,60,10,35|
,100,369|,102,20,369|,104,52,365|,104,54,367|,104,56,365|,289,286,369|,289,290,40,369|,289,290,42,369|,104,56,12,367|,104,54,13,365|
,544,267,339|,546,173,335|,546,263,339|,544,237,327,337|,544,237,234,175,335|,546,263,264,224,335|,546,173,225,265,339|,546,22,17,267,339|,546,22,89,323,337|,546,22,297,325,337|
,11,359|,1,95,363|,2,13,359|,63,60,359|,63,71,361|,63,73,361|,89,92,359|,159,156,359|,283,280,359|,297,294,361|
,190,184,167|,190,188,171|,194,62,167|,449,452,171|,451,452,171|,451,452,22,167|,451,452,26,167|,449,452,22,167|,449,452,26,167|,194,62,23,171|
,364,10,393|,366,3,393|,368,0,393|,368,101,389|,368,0,167,391|,368,21,16,393|,368,21,103,389|,368,29,32,393|,368,39,34,393|,368,91,88,393|
,422,44,545|,422,40,21,545|,422,42,21,545|,422,51,48,547|,418,286,21,545|,418,288,102,545|,418,290,44,545|,420,228,217,549|,420,228,10,17,545|,420,228,10,23,547|
,328,70|,328,72|,330,250,63|,332,106,61|,332,110,61|,332,110,10,63|,332,106,10,63|,332,108,0,63|,332,108,21,59|,332,133,134,63|
,464,259|,460,381,376|,462,37,261|,462,22,35,261|,462,22,299,300|,462,26,35,261|,462,26,299,300|,462,49,153,259|,462,189,186,257|,460,309,306,261|
,60,281|,62,283|,62,11,281|,62,35,285|,60,10,283|,58,16,283|,58,16,11,281|,58,16,35,285|,58,20,0,283|,58,20,39,285|
,131|,32,135|,28,0,135|,28,109,133|,303,298,135|,503,504,184,135|,499,496,22,135|,499,496,26,135|,347,348,10,135|,347,348,107,133|
,278,48,497|,278,48,463,501|,278,46,31,499|,278,153,465,501|,278,441,438,497|,274,144,130,499|,274,175,172,497|,276,180,130,499|,276,180,134,23,497|,276,180,134,27,497|
,358,53|,358,57|,358,12,55|,358,349,350|,360,127,124|,360,70,60,53|,360,70,60,57|,360,70,195,192|,360,72,60,53|,360,72,60,57|
,118,2,55|,118,11,53|,118,11,57|,122,83,86|,122,101,104|,122,129,124|,122,0,2,55|,122,0,11,53|,122,0,11,57|,122,21,103,104|
,203|,0,205|,0,197,207|,21,16,205|,29,32,205|,39,34,205|,91,88,205|,123,118,205|,123,199,207|,405,400,205|
,220,28,405|,220,30,403|,220,32,401|,222,82,405|,222,84,403|,222,82,0,401|,220,32,1,405|,220,28,0,401|,220,131,134,401|,220,303,298,401|
,372,34,401|,372,38,405|,374,304,401|,374,304,1,405|,374,306,34,401|,374,306,38,405|,372,38,0,401|,372,34,1,405|,372,36,22,401|,372,36,26,401|
,283|,11,281|,35,285|,1,39,285|,2,13,281|,23,37,285|,27,37,285|,63,60,281|,89,92,281|,159,156,281|
,127,124,65|,127,124,69|,311,312,67|,311,314,53,65|,311,314,53,69|,311,314,57,65|,311,314,57,69|,127,128,29,67|,70,60,53,65|,70,60,53,69|
,550,178,93,411|,552,394,20,409|,557,560,356,411|,557,560,356,90,409|,557,560,354,94,409|,557,558,127,128,409|,557,558,161,164,409|,557,558,353,356,411|,557,558,381,376,407|,552,394,20,91,411|
,224,176|,220,28,165|,222,82,165|,220,32,1,165|,220,245,248,176|,220,313,310,161|,224,172,137,163|,265,262,137,163|,265,262,173,176|,265,266,20,165|
,379|,59,71,381|,59,73,381|,395,396,381|,395,398,268,381|,267,481,478,381|,45,77,80,381|,45,151,259,377|,45,293,294,381|,20,39,261,377|
,404,369|,400,1,369|,400,2,367|,400,11,365|,402,5,367|,402,5,13,365|,402,6,8,365|,402,6,15,365|,402,19,20,369|,402,31,28,369|
,408,41|,408,43|,408,21,45|,408,95,98|,408,149,150|,408,287,290|,406,258,150|,410,90,41|,410,90,43|,410,90,21,45|
,332,106,437|,332,110,437|,332,141,136,439|,332,141,138,437|,328,70,60,437|,328,72,60,437|,328,81,78,441|,328,269,272,437|,328,311,314,437|,328,361,358,437|
,220,28,95,363|,220,30,97,363|,220,32,11,359|,220,231,228,359|,220,313,310,361|,220,313,314,359|,220,347,348,359|,222,82,95,363|,222,84,97,363|,222,86,52,359|
,544,18,425,428|,544,18,539,542|,544,475,476,383|,548,214,425,428|,548,214,539,542|,548,216,243,383|,548,216,107,333,385|,548,216,107,333,387|,548,216,111,333,385|,548,216,111,333,387|
,358,10,401|,362,94,405|,362,96,403|,362,94,0,401|,362,98,40,405|,362,98,42,405|,358,10,1,405|,358,9,7,403|,358,12,3,401|,358,12,4,403|
,234,275,278|,236,18,47|,236,45,51|,236,45,77,78|,236,45,151,152|,236,16,23,49|,236,16,27,49|,236,20,41,51|,236,20,43,51|,236,20,149,152|
,572,359|,568,97,363|,568,5,13,359|,568,6,8,359|,568,6,15,359|,568,215,216,359|,568,575,576,361|,572,61,71,361|,572,61,73,361|,572,273,268,361|
,113,241|,34,11,243|,34,197,239|,34,473,476|,285,280,243|,535,536,239|,535,532,528,239|,535,532,530,243|,285,282,11,243|,285,282,197,239|
,250,63,523|,250,11,61,523|,250,17,59,523|,250,35,113,521|,252,102,59,523|,252,104,459,525|,254,6,115,521|,254,19,59,523|,254,97,117,521|,331,328,70,523|
,155,156,243|,155,158,11,243|,155,158,197,239|,155,158,473,476|,148,0,11,243|,148,0,197,239|,148,0,473,476|,148,21,475,476|,148,29,567,564|,148,39,113,241|
,228,143,175|,228,147,175|,230,221,224|,230,245,248|,230,28,165,177|,230,32,23,173|,230,32,27,173|,230,131,145,175|,230,499,496,173|,228,10,23,173|
,12|,10,2|,53,54|,57,54|,365,366|,9,7,5|,14,7,5|,61,62,2|,93,88,2|,157,158,2|
,424,97,355|,424,575,576,353|,426,178,93,357|,426,551,557,560|,428,384,328,353|,428,386,328,353|,428,386,328,559,560|,428,384,328,559,560|,428,382,240,116,355|,428,382,242,93,357|
,352,381|,561,558,381|,352,70,58,379|,352,72,58,379|,352,397,394,379|,354,94,21,379|,354,96,19,379|,354,98,44,379|,354,363,360,381|,356,88,17,379|
,522,71,559|,522,73,559|,522,73,353,561|,522,71,353,561|,522,195,555,557|,520,116,355,561|,520,116,355,352,559|,520,116,363,360,559|,520,112,307,308,559|,522,73,397,553,557|
,400,33|,402,31|,404,29|,404,0,33|,400,1,29|,400,135,130|,400,299,302|,404,0,135,130|,404,0,299,302|,404,21,16,33|
,308,577|,304,2,4,575|,304,17,18,575|,304,33,30,575|,304,63,71,577|,304,63,73,577|,304,251,254,575|,304,297,294,577|,304,401,402,575|,306,261,541,579|
,346,313|,348,315|,350,52,315|,350,56,315|,563,566,313|,563,564,242,315|,350,54,13,315|,350,65,66,313|,350,69,66,313|,350,125,126,311|
,100,0|,102,16|,253,250|,389,392|,389,390,166|,102,20,0|,102,59,62|,102,475,472|,100,21,16|,100,29,32|
,380|,378,59,71|,378,59,73|,378,395,396|,378,395,398,268|,378,16,63,71|,378,16,63,73|,378,16,297,294|,378,16,305,308|,378,18,575,576|
,370,322,92|,372,34,11|,372,285,280|,374,304,11|,374,304,2,13|,374,304,63,60|,374,304,89,92|,374,304,159,156|,374,304,283,280|,374,304,413,414|
,454,324|,454,322,88,297|,456,346,32,297|,456,348,10,297|,456,348,341,344|,458,52,10,297|,458,52,341,344|,458,54,3,297|,458,56,10,297|,458,56,341,344|
,427|,277,278,46,425|,180,130,30,425|,178,9,7,425|,178,12,4,425|,178,14,7,425|,178,217,214,425|,178,243,383,429|,178,573,568,425|,182,275,278,46,425|
,502,221,224|,502,245,248|,504,188,173|,506,337,334|,506,326,234,175|,504,184,23,173|,504,184,27,173|,502,28,165,177|,502,32,23,173|,502,32,27,173|
,548,216,229|,548,214,31,231|,544,16,11,229|,544,16,33,231|,544,18,31,231|,544,20,29,231|,544,45,423,420|,544,59,60,229|,546,22,11,229|,546,22,33,231|
,418,288,389,487|,420,228,61,489|,420,230,221,485|,422,44,59,489|,422,44,16,63,489|,422,44,16,393,487|,422,44,103,389,487|,422,44,267,264,485|,422,40,0,63,489|,422,40,0,393,487|
,34,17|,38,21|,38,0,17|,38,41,44|,38,43,44|,38,101,102|,34,1,21|,34,63,58|,34,473,474|,36,22,17|
,496,49|,496,439,440|,498,30,47|,500,462,49|,500,464,152|,500,464,150,51|,500,462,439,440|,500,460,81,78|,498,28,41,51|,498,28,43,51|
,298|,302,32|,302,28,0|,302,131,134|,300,260,34|,300,260,36,22|,300,260,36,26|,300,260,38,0|,300,260,285,282|,300,260,307,304|
,94,0,23|,94,0,27|,94,39,36|,96,47,48|,98,51,48|,117,112,36|,117,112,34,23|,117,112,34,27|,117,114,187,188|,98,51,441,438|
,382,565|,382,242,349,563|,429,424,31,567|,543,538,31,567|,543,538,31,347,563|,543,540,301,302,567|,543,579,574,31,567|,429,424,31,347,563|,429,426,178,243,565|,429,426,178,349,563|
,320,193|,320,52,61,195|,320,52,217,218|,320,56,61,195|,320,56,217,218|,316,34,63,195|,316,34,185,191|,316,36,189,191|,316,36,453,448|,316,36,453,450|
,184,11|,186,8|,186,15|,571,572|,184,2,13|,184,63,60|,184,89,92|,184,159,156|,184,283,280|,184,413,414|
,348,365|,348,12,367|,346,28,369|,346,469,470|,350,52,365|,350,54,367|,350,56,365|,457,467,470|,457,458,52,365|,457,458,54,367|
,278,50,40|,278,50,42|,278,153,148|,278,153,150,40|,278,153,150,42|,278,50,44,20|,278,50,99,94|,278,50,151,148|,278,50,291,286|,278,46,19,20|
,86,321|,82,39,317|,82,41,319|,82,43,319|,82,0,35,317|,82,21,45,319|,82,95,98,319|,82,101,104,321|,82,129,124,321|,82,149,150,319|
,458,65|,458,69|,456,346,67|,456,350,65|,456,350,69|,467,468,67|,456,348,53,65|,456,348,53,69|,456,348,57,65|,456,348,57,69|
,46,6,515|,48,37,517|,48,37,519|,48,22,35,517|,48,22,35,519|,48,26,35,517|,48,26,35,519|,48,189,186,515|,50,40,39,517|,50,40,39,519|
,220,28,203|,220,32,205|,222,82,203|,222,82,0,205|,220,32,1,203|,220,32,197,207|,220,28,0,205|,220,131,134,205|,220,303,298,205|,224,172,22,205|
,414,139|,414,107,141|,414,111,141|,412,11,139|,412,23,137|,412,27,137|,416,92,139|,416,92,107,141|,416,92,111,141|,416,88,11,139|
,376,256,8,437|,376,256,15,437|,376,258,152,441|,376,260,36,439|,378,16,11,437|,378,16,23,439|,378,16,27,439|,378,18,47,441|,378,45,51,441|,378,59,60,437|
,568,19,379|,568,6,257,377|,568,539,540,377|,568,575,576,381|,570,184,17,379|,570,186,257,377|,572,9,257,377|,572,10,17,379|,572,14,257,377|,572,61,58,379|
,94,165|,98,40,165|,98,42,165|,355,352,161|,363,360,161|,363,358,139,163|,355,356,90,165|,355,561,558,161|,98,44,20,165|,98,77,80,161|
,348,273,399|,348,273,268,397|,348,10,17,395|,348,61,58,395|,348,61,71,397|,348,61,73,397|,348,179,551,552|,348,315,310,397|,348,359,360,397|,348,483,478,397|
,472,167|,472,23,171|,472,27,171|,472,119,169|,472,197,200|,472,393,390|,474,16,167|,476,238,200|,476,238,196,167|,476,238,198,169|
,5,3,35,373|,5,3,305,375|,6,115,112,373|,6,257,260,373|,6,515,516,373|,6,515,518,373|,19,16,35,373|,19,16,305,375|,19,20,39,373|,19,237,327,371|
,117,521,524|,94,29,347,457|,94,29,469,466|,94,83,86,459|,94,91,323,455|,94,101,104,459|,94,129,124,459|,94,369,471,466|,96,5,55,459|,96,31,347,457|
,310,577|,312,30,575|,312,30,539,579|,314,9,7,575|,314,12,4,575|,314,14,7,575|,314,61,71,577|,314,61,73,577|,314,217,214,575|,314,273,268,577|
,392,63,71|,392,63,73|,392,297,294|,392,305,308|,487,488,71|,487,488,73|,392,1,129,126|,392,1,165,160|,392,11,61,71|,392,11,61,73|
,256,7,85|,258,148,83|,260,38,83|,407,408,83|,541,538,85|,541,579,574,85|,407,410,90,83|,260,34,1,83|,260,209,210,87|,260,317,320,87|
,544,237,234|,546,173,174|,548,216,143|,548,216,147|,548,216,179,182|,546,22,11,143|,546,22,11,147|,546,22,135,145|,546,26,11,143|,546,26,11,147|
,558,461,462|,558,461,501,496|,558,70,62,23|,558,70,62,27|,558,72,62,23|,558,72,62,27|,558,81,78,48|,558,161,162,136|,558,161,177,172|,558,295,296,23|
,94,21,545|,96,19,545|,96,215,549|,98,44,545|,98,40,21,545|,98,42,21,545|,98,51,48,547|,96,47,48,547|,94,0,17,545|,94,0,23,547|
,505|,184,33,503|,571,568,31,503|,188,22,33,503|,188,26,33,503|,188,497,498,503|,186,7,31,503|,184,1,29,503|,184,89,323,507|,184,135,130,503|
,47,48,453|,215,218,449|,215,218,451|,215,549,546,453|,47,441,438,453|,5,3,23,453|,5,3,27,453|,5,55,193,449|,5,55,193,451|,6,187,188,453|
,52,359|,56,359|,54,13,359|,125,126,361|,351,348,359|,125,128,95,363|,125,271,268,361|,125,271,272,359|,54,3,11,359|,54,4,97,363|
,466,456|,468,347|,468,567,562|,466,458,351|,470,364,349|,470,364,53,351|,470,364,57,351|,470,366,13,349|,470,366,55,351|,470,368,29,347|
,574,47,279|,574,425,426,277|,576,81,78,279|,578,538,47,279|,578,538,425,426,277|,578,540,258,152,279|,578,542,429,426,277|,576,81,76,51,279|,576,70,60,143,275|,576,70,60,147,275|
,550,178,483|,552,396,479|,557,558,479|,557,560,352,479|,552,394,267,481|,552,398,268,479|,552,398,272,483|,550,182,142,483|,550,182,146,483|,554,192,52,483|
,346,231,421|,348,229,421|,346,28,41,423|,346,28,43,423|,346,28,287,419|,346,245,246,423|,350,52,229,421|,350,56,229,421|,350,105,289,419|,350,321,318,423|
,340,179,551|,340,53,193,555|,340,57,193,555|,340,61,195,555|,340,143,183,551|,340,147,183,551|,340,217,218,555|,340,273,399,553|,342,279,276,551|,344,294,397,553|
,246,44,237|,248,174,235|,248,335,336,326|,246,44,103,233|,246,40,21,237|,246,40,101,233|,246,42,21,237|,246,42,101,233|,246,291,288,233|,246,293,325,326|
,412,2,4,539|,412,17,18,539|,412,33,30,539|,412,35,261,541|,412,251,254,539|,412,299,300,541|,412,401,402,539|,414,9,7,539|,414,9,257,541|,414,12,4,539|
,539|,575,578|,6,257,541|,425,428,543|,255,331,385,543|,255,331,387,543|,47,153,259,541|,31,303,300,541|,19,379,376,541|,575,576,329,385,543|
,38,287|,38,41,291|,38,43,291|,38,101,289|,34,1,287|,317,318,291|,317,318,40,287|,317,318,42,287|,317,318,423,418|,317,320,105,289|
,424,215|,426,178,217|,426,182,142,217|,426,182,146,217|,426,551,554,219|,424,5,13,217|,424,6,8,217|,424,6,15,217|,424,19,545,548|,424,569,572,217|
,330,250,205|,332,108,203|,332,108,0,205|,332,106,10,205|,332,110,10,205|,332,133,134,205|,330,250,1,203|,330,250,197,207|,330,252,100,203|,328,70,62,205|
,472,35,517|,472,35,519|,472,1,39,517|,472,1,39,519|,472,11,9,515|,472,11,14,515|,472,23,37,517|,472,23,37,519|,472,27,37,517|,472,27,37,519|
,34,11,143|,34,11,147|,34,135,145|,36,173,174|,285,280,143|,285,280,147|,285,280,179,182|,285,282,11,143|,285,282,11,147|,285,282,135,145|
,172,22,17|,172,26,17|,172,263,266|,172,547,544|,174,235,236|,176,164,21|,225,265,266|,249,246,44|,335,338,266|,335,336,326,236|
,472,11,179|,472,135,181|,476,242,179|,476,242,143,183|,476,242,147,183|,476,383,429,426|,472,135,145,183|,472,11,143,183|,472,11,147,183|,472,2,13,179|
,124,211|,128,39,209|,128,149,213|,128,0,35,209|,128,41,151,213|,128,43,151,213|,128,83,86,211|,128,101,104,211|,124,321,316,209|,126,309,306,209|
,22,1|,26,1|,37,38|,37,34,1|,26,17,20|,26,33,28|,26,35,38|,26,89,90|,26,119,122|,26,205,202|
,124,351,563|,128,29,567|,128,29,347,563|,128,0,33,567|,124,351,346,567|,124,52,243,565|,124,52,349,563|,124,56,243,565|,124,56,349,563|,124,65,66,567|
,488,58|,488,62,17|,484,265,266|,486,388,102|,486,392,17|,486,392,1,21|,486,392,63,58|,486,392,473,474|,486,388,100,21|,486,388,233,236|
,526,397,553|,526,559,556|,530,179,551|,530,53,193,555|,530,57,193,555|,530,61,195,555|,530,143,183,551|,530,147,183,551|,530,217,218,555|,530,273,399,553|
,392,11,9|,392,11,14|,392,185,186|,392,2,4,6|,392,2,13,9|,392,2,13,14|,392,17,18,6|,392,23,189,186|,392,27,189,186|,392,33,30,6|
,16,35,535|,16,197,537|,20,39,535|,20,0,35,535|,20,0,197,537|,20,123,199,537|,20,203,206,537|,16,197,529,533|,16,1,39,535|,16,11,531,533|
,184,1,129|,184,443,446|,191,192,125|,191,194,71,127|,191,194,73,127|,184,443,444,129|,184,1,445,446|,184,2,55,125|,184,11,53,125|,184,11,57,125|
,508,36|,512,36|,512,34,23|,512,34,27|,508,34,23|,508,34,27|,510,118,23|,510,118,27|,510,169,170|,510,169,166,23|
,149|,41,151|,43,151|,43,51,153|,41,51,153|,0,159,154|,21,45,151|,39,209,212|,39,261,258|,95,98,151|
,282,401|,282,1,405|,280,10,401|,284,34,401|,284,38,405|,284,38,0,401|,284,34,1,405|,284,36,22,401|,284,36,26,401|,284,307,304,401|
,466,454,326|,466,458,105,233|,468,28,21,237|,468,28,101,233|,468,30,19,237|,468,32,17,237|,468,131,145,235|,468,503,506,326|,470,364,143,235|,470,364,147,235|
,106,365|,108,369|,110,365|,110,12,367|,106,12,367|,141,138,365|,141,138,12,367|,141,163,164,369|,110,10,1,369|,110,10,2,367|
,310,461,464|,312,28,149|,314,157,154|,314,9,257,258|,314,10,1,149|,314,10,159,154|,314,14,257,258|,314,53,211,212|,314,57,211,212|,314,93,90,149|
,544,103|,544,20,101|,544,237,232|,544,20,287,288|,544,16,1,101|,544,16,251,252|,544,16,393,388|,544,18,255,252|,544,45,40,101|,544,45,42,101|
,426,182,175|,426,178,143,175|,426,178,147,175|,426,180,145,175|,426,277,274,175|,424,31,221,224|,424,31,245,248|,424,47,48,173|,424,85,223,224|,424,85,82,165,177|
,178,53,65|,178,53,69|,178,57,65|,178,57,69|,180,130,67|,180,134,33,67|,178,10,33,67|,178,12,55,65|,178,12,55,69|,178,229,230,67|
,278,48,463|,278,153,465|,278,48,497,500|,278,50,151,465|,278,79,80,461|,278,441,438,463|,274,175,172,463|,274,175,172,497,500|,274,175,176,160,461|,274,142,10,23,463|
,482,365,471|,482,10,33,469|,482,12,367,471|,482,53,459,467|,482,57,459,467|,482,229,230,469|,482,315,312,469|,482,349,346,469|,482,349,457,467|,478,311,312,469|
,190,184,89|,192,52,93|,192,56,93|,194,60,93|,194,62,89|,219,216,93|,219,216,10,89|,219,216,415,416|,194,62,1,91|,194,62,11,93|
,228,12|,228,10,2|,228,53,54|,228,57,54|,228,365,366|,230,30,5|,230,32,2|,230,32,11,12|,230,28,0,2|,230,28,369,366|
,7,85|,8,53,87|,8,57,87|,15,53,87|,15,57,87|,15,10,1,83|,15,12,4,85|,15,12,55,87|,15,93,90,83|,15,107,108,83|
,39,373|,39,307,375|,0,35,373|,0,305,375|,91,323,371|,91,88,35,373|,91,88,305,375|,0,305,306,373|,0,35,307,375|,0,23,37,373|
,58,18|,60,9,7|,60,12,4|,60,14,7|,60,217,214|,60,573,568|,62,2,4|,62,17,18|,62,33,30|,62,251,254|
,118,17,267|,118,23,263|,118,27,263|,122,21,267|,169,170,263|,169,166,17,267|,169,166,23,263|,169,166,27,263|,122,0,17,267|,122,0,23,263|
,40,109,333|,42,109,333|,77,80,329|,293,294,329|,293,296,251,331|,42,0,251,331|,42,101,253,331|,42,129,126,329|,42,165,160,329|,40,0,251,331|
,234,142,531|,234,146,531|,234,183,178,531|,232,104,52,531|,232,104,56,531|,236,16,11,531|,236,16,197,529|,236,59,60,531|,236,59,71,527|,236,59,73,527|
,550,178,229,421|,552,394,45,423|,552,394,45,291,419|,552,394,20,41,423|,552,394,20,43,423|,552,394,20,287,419|,552,394,103,289,419|,552,396,81,76,423|,552,396,295,292,423|,552,398,272,229,421|
,532,530,93|,534,34,89|,534,38,91|,536,196,89|,536,196,1,91|,536,196,11,93|,536,196,413,416|,536,198,118,89|,536,198,122,91|,536,200,166,89|
,298,11,341|,298,297,345|,298,11,493,490|,298,11,495,490|,298,2,13,341|,298,23,49,343|,298,27,49,343|,298,63,60,341|,298,89,92,341|,298,159,156,341|
,274,142,281|,274,146,281|,276,178,281|,276,178,10,283|,276,180,134,283|,276,182,142,281|,276,182,146,281|,274,146,10,283|,274,142,10,283|,274,144,134,283|
,390,170,497|,392,23,497|,392,27,497|,392,33,499|,392,27,463,501|,392,23,463,501|,392,1,29,499|,392,35,36,497|,392,135,130,499|,392,167,170,497|
,322,92,437|,322,88,11,437|,322,88,23,439|,322,88,27,439|,322,417,414,437|,324,292,51,441|,324,296,11,437|,324,296,23,439|,324,296,27,439|,324,345,340,437|
,334,174,142,359|,334,174,146,359|,334,176,160,361|,336,322,92,359|,336,324,294,361|,338,481,478,361|,338,481,482,359|,338,262,22,11,359|,338,262,26,11,359|,338,262,137,138,359|
,216,483|,216,61,71,479|,216,61,73,479|,216,273,268,479|,216,315,310,479|,216,359,360,479|,216,531,526,479|,214,5,13,483|,214,6,8,483|,214,6,15,483|
,526,329,385|,526,329,387|,528,239,383|,530,243,383|,530,107,333,385|,530,107,333,387|,530,111,333,385|,530,111,333,387|,530,179,427,428|,526,577,578,542|
,570,188,463|,570,188,497,500|,570,184,23,463|,570,184,27,463|,568,31,499,500|,568,47,48,463|,568,47,153,465|,568,575,576,461|,572,10,23,463|,572,10,27,463|
,231,421|,28,41,423|,28,43,423|,28,287,419|,245,246,423|,245,246,291,419|,28,287,290,423|,28,43,291,419|,28,41,291,419|,28,21,45,423|
,196,11|,239,242|,529,530|,196,2,13|,196,63,60|,196,89,92|,196,159,156|,196,283,280|,196,413,414|,198,118,11|
,550,178,341|,550,178,493,490|,550,178,495,490|,550,182,142,341|,550,182,146,341|,550,277,278,343|,552,396,295,345|,552,398,272,341|,554,192,52,341|,554,192,56,341|
,328,70,195,449|,328,70,195,451|,328,72,195,449|,328,72,195,451|,328,461,462,453|,330,250,23,453|,330,250,27,453|,332,141,136,453|,332,106,10,23,453|,332,106,10,27,453|
,402,97|,404,95|,404,41,99|,404,43,99|,400,1,95|,400,1,41,99|,400,1,43,99|,400,2,4,97|,400,11,359,362|,400,17,18,97|
,132,106,273|,132,110,273|,134,11,273|,145,142,273|,145,146,273|,181,178,273|,181,182,142,273|,181,182,146,273|,181,551,552,398|,145,183,178,273|
,396,461,501|,396,461,462,497|,396,311,312,499|,394,16,23,497|,394,16,27,497|,394,16,33,499|,394,18,31,499|,394,20,29,499|,394,267,262,497|,394,545,546,497|
,448,219,214,97|,450,219,214,97|,452,22,1,95|,452,26,1,95|,452,37,38,95|,452,37,113,116|,452,49,46,97|,452,49,50,99|,452,49,50,40,95|,452,49,50,42,95|
,186,115|,184,35,113|,188,37,113|,188,22,35,113|,188,26,35,113|,184,1,39,113|,184,1,95,117|,184,11,9,115|,184,11,14,115|,184,11,229,226|
,134,35,209|,134,1,39,209|,134,1,149,213|,134,2,55,211|,134,11,53,211|,134,11,57,211|,134,23,37,209|,134,27,37,209|,134,159,154,213|,134,283,284,209|
,404,129|,404,445,446|,400,1,129|,400,443,446|,400,443,444,129|,400,1,445,446|,400,2,55,125|,400,11,53,125|,400,11,57,125|,400,11,273,270|
,500,460|,496,463,460|,498,313,310|,498,28,129,126|,498,28,165,160|,498,30,575,576|,498,32,63,71|,498,32,63,73|,498,32,297,294|,498,32,305,308|
,217,549|,10,17,545|,10,23,547|,10,27,547|,61,58,545|,139,136,547|,437,438,547|,437,440,48,547|,61,62,17,545|,61,62,23,547|
,294,70,195|,294,72,195|,296,63,195|,296,185,191|,296,2,55,193|,296,11,53,193|,296,11,57,193|,296,11,61,195|,296,11,217,218|,296,17,59,195|
,302,30,425|,302,131,181,427|,298,2,4,425|,298,11,179,427|,298,17,18,425|,298,33,30,425|,298,135,181,427|,298,251,254,425|,298,401,402,425|,300,256,7,425|
,358,107|,358,111|,358,139,140|,360,329,332|,362,94,109|,362,98,40,109|,362,98,42,109|,360,70,60,107|,360,70,60,111|,360,72,60,107|
,3,35,261|,3,299,300|,4,6,257|,4,539,540|,13,9,257|,13,14,257|,13,10,35,261|,13,10,299,300|,13,93,411,406|,13,157,154,259|
,340,139,435|,340,10,197,433|,340,53,321,431|,340,57,321,431|,340,107,141,435|,340,111,141,435|,340,243,238,433|,340,531,528,433|,342,48,137,435|,342,50,319,431|
,526,479|,530,483|,530,61,71,479|,530,61,73,479|,530,273,268,479|,530,315,310,479|,530,359,360,479|,526,70,60,483|,526,72,60,483|,526,269,272,483|
,480,262,453|,478,70,195,449|,478,70,195,451|,478,72,195,449|,478,72,195,451|,478,461,462,453|,482,10,23,453|,482,10,27,453|,482,53,193,449|,482,53,193,451|
,250,33,245|,254,31,245|,254,19,45,247|,254,47,50,247|,254,97,98,247|,250,1,29,245|,250,1,41,247|,250,1,43,247|,250,17,45,247|,250,23,173,249|
,322,88,205|,322,90,203|,324,296,205|,324,296,1,203|,324,296,197,207|,324,292,40,203|,324,292,42,203|,322,90,0,205|,322,88,1,203|,322,88,197,207|
,190,188,173|,449,452,173|,451,452,173|,190,184,23,173|,190,184,27,173|,192,52,143,175|,192,52,147,175|,192,56,143,175|,192,56,147,175|,192,87,223,224|
,514,187,505|,514,7,31,503|,516,34,33,503|,516,34,185,505|,516,36,189,505|,516,38,29,503|,516,373,370,507|,518,34,33,503|,518,34,185,505|,518,36,189,505|
,366|,364,12|,364,10,2|,364,53,54|,364,57,54|,368,0,2|,471,466,458,54|,471,468,30,5|,471,468,32,2|,368,0,11,12|
,348,139|,348,107,141|,348,111,141|,350,52,139|,350,56,139|,350,56,107,141|,350,56,111,141|,350,52,107,141|,350,52,111,141|,350,54,13,139|
,502,30,47|,504,188,49|,504,188,439,440|,504,184,23,49|,504,184,27,49|,504,186,7,47|,504,571,568,47|,502,28,41,51|,502,28,43,51|,502,28,149,152|
,160,381,376|,164,39,261|,164,149,259|,164,409,406|,164,0,35,261|,164,0,299,300|,164,21,379,376|,164,29,303,300|,164,41,151,259|,164,43,151,259|
,462,137,435|,462,22,197,433|,462,26,197,433|,462,37,317,431|,462,171,201,433|,460,161,162,435|,460,527,528,433|,464,150,319,431|,501,496,137,435|,501,496,22,197,433|
,118,35,261|,118,299,300|,122,39,261|,122,149,259|,122,409,406|,511,508,261|,511,512,261|,122,0,35,261|,122,0,299,300|,122,21,379,376|
,391,388|,166,1,101|,166,17,103|,166,251,252|,166,393,388|,168,122,101|,168,122,21,103|,168,122,287,288|,168,118,1,101|,168,118,17,103|
,482,243|,482,9,115,241|,482,10,197,239|,482,10,473,476|,482,14,115,241|,482,229,226,241|,482,349,563,564|,482,531,528,239|,478,70,60,243|,478,72,60,243|
,458,193,555|,458,52,179,551|,458,56,179,551|,456,348,179,551|,456,350,193,555|,525,522,195,555|,525,522,58,395,553|,525,522,60,179,551|,525,522,71,397,553|,525,522,71,559,556|
,544,103,104|,548,216,53|,548,216,57|,548,218,192|,548,216,12,55|,548,216,349,350|,548,214,5,55|,548,214,85,86|,544,16,2,55|,544,16,11,53|
,94,39,535|,117,112,535|,117,241,238,537|,94,0,35,535|,94,0,197,537|,94,123,199,537|,94,203,206,537|,98,40,39,535|,98,42,39,535|,98,319,316,535|
,227,230,221|,112,34,33,221|,112,36,173,225|,112,36,263,264|,112,38,29,221|,112,38,83,223|,114,7,31,221|,114,7,85,223|,116,94,29,221|,116,94,83,223|
,326,234|,322,92,143|,322,92,147|,337,334,174|,322,92,179,182|,322,88,11,143|,322,88,11,147|,322,88,135,145|,322,417,414,143|,322,417,414,147|
,262,22,2|,262,26,2|,266,16,2|,266,18,5|,481,482,12|,481,482,10,2|,481,482,53,54|,481,482,57,54|,481,482,365,366|,266,16,11,12|
,544,45|,544,20,41|,544,20,43|,546,49,50|,546,49,79,76|,546,49,153,150|,546,22,1,41|,546,22,1,43|,546,22,17,45|,546,22,297,292|
,256,8,143|,256,8,147|,256,15,143|,256,15,147|,256,15,179,182|,256,8,179,182|,258,152,279,274|,258,155,156,143|,258,155,156,147|,260,34,11,143|
,183,551|,142,179,551|,144,181,551|,146,179,551|,275,276,551|,146,53,193,555|,146,57,193,555|,146,61,195,555|,146,217,218,555|,146,273,399,553|
,162,138,415|,164,0,413|,164,91,417|,164,91,88,413|,164,91,92,415|,164,0,11,415|,164,0,89,417|,164,21,16,413|,164,29,32,413|,164,39,34,413|
,66,221,265|,66,28,21,267|,66,30,19,267|,66,32,17,267|,66,32,23,263|,66,32,27,263|,66,499,496,263|,64,52,483,480|,64,56,483,480|,64,87,223,265|
,452,263,481|,452,22,11,483|,452,26,11,483|,452,137,138,483|,452,439,436,483|,452,463,460,479|,448,192,52,483|,448,192,56,483|,448,194,60,483|,448,194,71,479|
,514,7,31|,516,34,33|,516,38,29|,518,34,33|,518,38,29|,518,38,0,33|,518,34,1,29|,518,34,135,130|,518,34,299,302|,518,36,22,33|
,178,12|,178,10,2|,178,53,54|,178,57,54|,178,365,366|,180,134,2|,182,142,12|,182,146,12|,427,424,5|,182,146,10,2|
,100,29,469|,100,369,471|,104,459,467|,104,52,365,471|,104,54,367,471|,104,56,365,471|,104,65,66,469|,104,69,66,469|,104,351,346,469|,104,351,457,467|
,322,92,483|,324,294,479|,337,338,481|,324,296,11,483|,324,345,340,483|,322,88,11,483|,322,357,352,479|,322,417,414,483|,326,234,142,483|,326,234,146,483|
,40,129|,42,129|,42,445,446|,40,445,446|,44,20,129|,77,80,127|,99,94,129|,151,148,129|,291,286,129|,293,294,127|
,263,481|,22,11,483|,26,11,483|,137,138,483|,439,436,483|,463,460,479|,137,140,106,483|,137,140,110,483|,137,163,160,479|,26,2,13,483|
,498,28,369|,498,469,470|,498,30,5,367|,498,32,1,369|,498,32,2,367|,498,32,11,365|,498,231,228,365|,498,313,314,365|,498,347,348,365|,496,22,1,369|
,216,139|,216,107,141|,216,111,141|,549,546,137|,216,10,23,137|,216,10,27,137|,216,437,438,137|,214,5,13,139|,214,6,8,139|,214,6,15,139|
,481,478,353|,481,478,559,560|,481,482,93,357|,262,22,89,357|,262,26,89,357|,262,463,460,353|,266,16,89,357|,266,18,97,355|,266,20,91,357|,266,20,95,355|
,293|,40,0,297|,42,0,297|,44,16,297|,51,343,344|,77,80,295|,319,316,34,297|,291,286,0,297|,247,244,32,297|,151,148,0,297|
,202,41,51,279|,202,43,51,279|,202,149,152,279|,204,11,143,275|,204,11,147,275|,204,11,179,277|,204,23,49,279|,204,27,49,279|,204,135,145,275|,204,135,181,277|
,514,8,61|,514,15,61|,516,34,63|,518,34,63|,518,34,11,61|,518,34,17,59|,518,36,22,63|,518,36,26,63|,518,38,0,63|,518,38,21,59|
,126,461,462|,128,0,23|,128,0,27|,128,39,36|,447,442,23|,447,442,27|,447,442,35,36|,447,442,167,170|,447,442,185,188|,447,444,0,23|
,328,311,312,469|,330,250,33,469|,330,254,31,469|,332,106,365,471|,332,108,29,469|,332,108,369,471|,332,110,365,471|,332,133,130,469|,332,133,134,33,469|,332,110,10,33,469|
,112,517|,112,519|,114,515|,114,257,260,517|,114,257,260,519|,112,261,256,515|,116,94,39,517|,116,94,39,519|,116,96,6,515|,227,228,9,515|
,216,10,35,509|,216,10,35,513|,216,10,119,511|,216,281,284,509|,216,281,284,513|,549,546,37,509|,549,546,37,513|,549,546,22,35,509|,549,546,22,35,513|,549,546,22,119,511|
,248,174|,244,131,145|,244,131,181,182|,244,32,11,143|,244,32,11,147|,244,32,135,145|,244,221,224,174|,244,231,228,143|,244,231,228,147|,244,313,314,143|
,472,443|,472,1,445|,474,16,443|,474,20,445|,474,20,0,443|,474,20,129,447|,474,16,1,445|,474,45,40,445|,474,45,42,445|,474,59,62,443|
,5,3,35,509|,5,3,35,513|,5,3,119,511|,6,115,112,509|,6,115,112,513|,6,257,260,509|,6,257,260,513|,6,515,516,509|,6,515,516,513|,6,515,518,509|
,164,0,473|,164,21,475|,164,21,16,473|,164,0,17,475|,164,29,32,473|,164,39,34,473|,164,41,44,475|,164,43,44,475|,164,91,88,473|,164,101,102,475|
,80,397|,80,269,399|,76,44,395|,76,40,21,395|,76,42,21,395|,76,293,294,397|,80,70,58,395|,80,72,58,395|,80,127,271,399|,80,381,378,395|
,424,31,499|,424,47,48,497|,426,180,130,499|,426,180,134,23,497|,426,180,134,27,497|,426,180,134,33,499|,426,178,10,23,497|,426,178,10,27,497|,426,178,10,33,499|,426,178,139,136,497|
,13,229,421|,3,1,41,423|,3,1,43,423|,3,1,287,419|,3,11,229,421|,3,17,45,423|,3,33,231,421|,3,297,292,423|,4,19,45,423|,4,31,231,421|
,416,357,561|,416,357,352,559|,412,63,71,559|,412,63,73,559|,412,89,357,561|,412,297,294,559|,412,305,308,559|,414,61,71,559|,414,61,73,559|,414,93,357,561|
,370,337,338|,372,36,263|,372,34,17,267|,372,34,23,263|,372,34,27,263|,372,38,21,267|,370,326,236,267|,374,304,17,267|,374,304,23,263|,374,304,27,263|
,100,129,126|,100,165,160|,102,59,71|,102,59,73|,102,379,380|,102,395,396|,104,125,126|,253,331,328|,253,250,63,71|,253,250,63,73|
,106,61,489|,110,61,489|,110,10,63,489|,110,10,393,487|,106,10,63,489|,106,10,393,487|,108,0,63,489|,108,0,393,487|,108,21,59,489|,108,29,221,485|
,38,83|,34,1,83|,209,210,87|,317,320,87|,317,318,40,83|,317,318,42,83|,209,212,148,83|,34,2,4,85|,34,2,55,87|,34,11,53,87|
,84,47,441|,86,52,437|,86,56,437|,86,54,13,437|,86,351,348,437|,84,47,48,439|,84,5,13,437|,84,6,8,437|,84,6,15,437|,84,215,216,437|
,562,348,93|,564,242,93|,566,28,91|,566,32,89|,566,32,1,91|,566,32,11,93|,566,32,413,416|,566,28,0,89|,566,28,409,410|,566,131,134,89|
,562,348,493|,562,348,495|,564,242,493|,564,242,495|,564,242,341,491|,562,348,341,491|,562,350,52,493|,562,350,52,495|,562,350,56,493|,562,350,56,495|
,244,303|,244,32,299|,244,28,0,299|,244,131,134,299|,246,40,0,299|,246,40,29,303|,246,42,0,299|,246,42,29,303|,246,44,16,299|,246,151,259,301|
,392,443|,392,1,445|,388,100,445|,390,166,443|,390,166,1,445|,390,168,118,443|,390,168,122,445|,390,170,22,443|,390,170,26,443|,390,201,196,443|
,204,11,493|,204,11,495|,204,11,341,491|,204,2,13,493|,204,2,13,495|,204,63,60,493|,204,63,60,495|,204,89,92,493|,204,89,92,495|,204,159,156,493|
,576,381|,574,19,379|,578,540,377|,578,538,19,379|,574,6,257,377|,574,539,540,377|,576,70,58,379|,576,72,58,379|,576,397,394,379|,576,479,480,266,379|
,482,10,299|,482,10,33,303|,482,9,257,301|,482,12,3,299|,482,14,257,301|,482,61,62,299|,482,93,88,299|,482,157,158,299|,482,229,230,303|,482,281,282,299|
,454,371|,458,211,208,373|,458,321,316,373|,525,520,112,373|,525,520,112,307,375|,525,522,62,35,373|,525,522,62,305,375|,525,522,71,309,375|,525,522,73,309,375|,467,468,28,39,373|
,308,397,553|,308,559,556|,308,70,195,555|,308,72,195,555|,308,269,399,553|,308,353,561,556|,304,11,179,551|,304,17,395,553|,304,63,195,555|,304,135,181,551|
,478,353|,478,559,560|,482,93,357|,482,10,89,357|,482,61,71,353|,482,61,73,353|,482,273,268,353|,482,315,310,353|,482,359,360,353|,482,359,362,355|
,298,185|,298,23,189|,298,27,189|,300,256,187|,302,32,185|,302,503,504|,302,32,23,189|,302,32,27,189|,302,28,0,185|,302,30,6,187|
,328,70,58|,328,72,58|,328,381,378|,328,397,394|,330,250,17|,330,252,102|,330,254,19|,332,108,21|,332,108,0,17|,332,108,41,44|
,364,9,187|,364,10,185|,364,14,187|,364,573,570|,366,3,185|,368,0,185|,368,0,23,189|,368,0,27,189|,368,21,16,185|,368,29,32,185|
,32,167|,32,23,171|,32,27,171|,32,119,169|,32,197,200|,32,393,390|,28,0,167|,28,123,169|,131,134,167|,303,298,167|
,102,18,215|,102,545,548|,104,52,217|,104,56,217|,104,193,219|,253,254,215|,253,250,11,217|,104,54,4,215|,104,54,13,217|,104,87,84,215|
,334,172,22,2|,334,172,26,2|,334,174,142,12|,334,174,146,12|,336,322,88,2|,336,322,92,12|,336,324,296,2|,336,455,458,54|,338,262,22,2|,338,262,26,2|
,508,38,165|,510,122,165|,512,38,165|,512,34,1,165|,512,36,137,163|,512,36,173,176|,512,307,308,161|,510,118,1,165|,508,34,1,165|,508,36,137,163|
,309,306,517|,309,306,519|,309,304,35,517|,309,304,35,519|,309,375,372,517|,309,375,372,519|,70,60,9,515|,70,60,14,515|,70,62,35,517|,70,62,35,519|
,377,378,395|,377,380,397|,377,380,269,399|,256,7,19,395|,256,8,273,399|,256,15,273,399|,258,148,21,395|,258,150,44,395|,258,465,460,397|,260,34,17,395|
,278,79|,278,50,77|,278,153,150,77|,276,178,61,71,81|,276,178,61,73,81|,276,178,273,268,81|,276,178,315,310,81|,276,178,341,342,79|,276,178,359,360,81|,276,178,437,440,79|
,290,319,431|,286,0,197,433|,286,39,317,431|,286,41,319,431|,286,43,319,431|,286,109,141,435|,286,123,199,433|,286,165,162,435|,286,203,206,433|,288,104,321,431|
,385|,387|,332,106,243,383|,332,110,243,383|,330,254,425,428|,330,254,539,542|,328,577,578,542|,328,577,574,425,428|,328,577,574,539,542|,330,254,575,578,542|
,400,11,229|,400,33,231|,402,31,231|,404,29,231|,404,0,11,229|,404,0,33,231|,404,39,113,227|,404,41,423,420|,404,43,423,420|,404,91,92,229|
,118,305|,118,35,307|,122,0,305|,122,39,307|,169,166,305|,199,196,305|,511,508,307|,511,512,307|,511,512,34,305|,511,512,373,374|
,323,337|,88,17,267,339|,88,23,173,335|,88,23,263,339|,88,27,173,335|,88,27,263,339|,88,297,325,337|,90,21,267,339|,90,165,177,335|,92,143,175,335|
,334,172,37,535|,336,371,372,535|,338,262,37,535|,338,262,22,35,535|,338,262,22,197,537|,338,262,26,35,535|,338,262,26,197,537|,338,262,171,201,537|,338,266,16,35,535|,338,266,16,197,537|
,28,39,509|,28,39,513|,28,123,511|,32,35,509|,32,35,513|,32,119,511|,32,1,39,509|,32,1,39,513|,32,1,123,511|,32,23,37,509|
,178,9,257|,178,14,257|,178,10,35,261|,178,10,299,300|,178,93,411,406|,178,157,154,259|,178,281,284,261|,180,130,303,300|,180,134,35,261|,180,134,299,300|
,525,522|,456,348,61|,458,52,61|,458,56,61|,458,193,194|,458,56,10,63|,458,52,10,63|,458,54,3,63|,458,54,13,61|,458,105,102,59|
,520,116,355|,522,71,353|,522,73,353|,522,73,559,560|,522,71,559,560|,522,60,93,357|,522,62,89,357|,524,454,322,357|,524,454,324,294,353|,524,456,348,93,357|
,208,113,241|,210,52,243|,210,56,243|,210,54,13,243|,210,351,348,243|,210,351,563,564|,208,34,11,243|,208,34,197,239|,208,34,473,476|,208,285,280,243|
,334,225,222|,338,264,222|,338,266,18,85|,338,266,20,83|,334,176,164,83|,336,322,90,83|,336,455,458,87|,336,455,456,350,87|,336,322,88,1,83|,336,322,92,53,87|
,352,311,312,469|,354,94,29,469|,354,94,369,471|,354,96,31,469|,356,88,33,469|,356,90,29,469|,356,90,369,471|,356,92,365,471|,356,323,455,467|,356,323,507,502,469|
,502,30|,504,186,7|,504,571,568|,504,184,2,4|,504,184,17,18|,504,184,33,30|,504,184,251,254|,504,184,401,402|,504,188,49,46|,504,191,219,214|
,227|,114,8,229|,114,15,229|,241,242,229|,521,522,60,229|,241,565,566,231|,116,94,29,231|,116,96,31,231|,116,98,423,420|,116,363,358,229|
,430,318,44,18|,430,318,51,46|,430,318,99,96|,430,320,54,4|,430,320,87,84|,432,196,2,4|,432,196,17,18|,432,196,33,30|,432,196,251,254|,432,196,401,402|
,508,34,11,217|,508,36,547,548|,508,285,280,217|,510,118,11,217|,512,34,11,217|,512,36,547,548|,512,285,280,217|,512,285,282,11,217|,512,36,22,11,217|,512,36,26,11,217|
,550|,554,192,52,179|,554,192,56,179|,554,194,60,179|,554,219,216,179|,552,398,272,179|,552,398,272,143,183|,552,398,272,147,183|,554,219,216,143,183|,554,219,216,147,183|
,94,129,271|,355,352,269|,363,358,273|,363,360,269|,363,360,127,271|,363,360,397,398|,355,352,127,271|,355,352,397,398|,355,356,92,273|,355,561,558,269|
,94,109|,98,40,109|,98,42,109|,363,358,107|,363,358,111|,363,358,139,140|,363,360,329,332|,98,44,20,109|,98,151,148,109|,98,291,286,109|
,481,478,329|,481,482,107,333|,481,482,111,333|,262,22,251,331|,262,26,251,331|,262,137,140,333|,262,463,460,329|,266,16,251,331|,266,18,255,331|,266,20,109,333|
,336,322,411|,336,322,90,409|,334,176,164,409|,338,266,20,409|,338,266,20,91,411|,338,266,16,1,409|,338,266,16,89,411|,338,266,45,40,409|,338,266,45,42,409|,338,266,103,100,409|
,174,142,365|,174,146,365|,176,164,369|,176,162,138,365|,174,146,12,367|,174,142,12,367|,174,183,178,365|,172,22,1,369|,172,22,2,367|,172,22,11,365|
,348,243|,563,564|,346,567,564|,350,52,243|,350,56,243|,350,54,13,243|,346,32,11,243|,346,32,197,239|,346,32,473,476|,346,231,226,241|
,550,178,10,35,509|,550,178,10,35,513|,550,178,10,119,511|,550,178,281,284,509|,550,178,281,284,513|,550,180,134,35,509|,550,180,134,35,513|,550,180,134,119,511|,552,394,16,35,509|,552,394,16,35,513|
,370,322,357|,374,308,353|,374,308,559,560|,374,304,89,357|,370,324,294,353|,372,34,89,357|,372,38,91,357|,372,38,95,355|,372,113,116,355|,372,307,308,353|
,156,179,551|,156,53,193,555|,156,57,193,555|,156,61,195,555|,156,143,183,551|,156,147,183,551|,156,217,218,555|,156,273,399,553|,158,11,179,551|,158,17,395,553|
,406,260,307|,408,0,305|,408,39,307|,410,88,305|,410,88,35,307|,410,90,0,305|,410,90,39,307|,410,92,10,305|,410,323,371,374|,410,357,352,309|
,22,33|,26,33|,497,498|,26,1,29|,26,135,130|,26,299,302|,22,1,29|,22,135,130|,22,299,302|,37,34,33|
,251,331|,1,109,333|,11,107,333|,11,111,333|,63,71,329|,63,73,329|,135,132,333|,297,294,329|,305,308,329|,63,60,107,333|
,492,93,411|,494,93,411|,494,93,90,409|,494,9,257,407|,494,10,1,409|,494,10,89,411|,494,14,257,407|,494,107,108,409|,494,111,108,409|,494,365,368,409|
,392,473|,392,17,475|,388,102,475|,390,166,473|,390,166,17,475|,390,168,118,473|,390,170,22,473|,390,170,26,473|,390,201,196,473|,390,201,239,477|
,370,455,458,193|,370,507,504,191|,372,34,63,195|,372,34,185,191|,372,36,189,191|,372,36,453,448|,372,36,453,450|,372,209,210,193|,372,317,320,193|,374,304,63,195|
,232,100,29|,234,144,130|,236,16,33|,236,18,31|,236,20,29|,327,507,502|,327,322,88,33|,327,322,90,29|,327,324,296,33|,327,455,456,346|
,64,54|,68,54|,68,52,12|,68,56,12|,64,52,12|,64,56,12|,66,30,5|,66,32,2|,66,32,11,12|,66,28,0,2|
,304,11,341|,304,297,345|,308,295,345|,308,70,60,341|,308,72,60,341|,308,81,78,343|,308,269,272,341|,308,311,314,341|,308,361,358,341|,308,479,482,341|
,358,157,154|,360,461,464|,362,94,149|,362,98,151|,362,98,40,149|,362,98,42,149|,362,98,51,153|,362,94,41,151|,362,94,43,151|,362,96,47,153|
,474,545|,472,17,545|,472,23,547|,472,27,547|,472,1,21,545|,472,11,217,549|,472,35,36,547|,472,63,58,545|,472,167,170,547|,472,185,188,547|
,458,105,289|,458,105,100,287|,458,87,82,287|,458,125,128,287|,458,321,318,291|,454,322,90,287|,454,324,292,291|,454,326,232,289|,456,346,28,287|,456,350,105,289|
,550,178,93|,557,560,356|,557,558,353,356|,550,178,10,89|,550,178,415,416|,550,180,134,89|,550,182,142,93|,550,182,146,93|,552,394,16,89|,552,394,20,91|
,514,7,31,469|,514,8,365,471|,514,15,365,471|,516,34,33,469|,516,38,29,469|,516,38,369,471|,518,34,33,469|,518,38,29,469|,518,38,369,471|,518,38,0,33,469|
,156,9,115|,156,14,115|,156,229,226|,156,243,240|,158,35,113|,158,1,39,113|,158,1,95,117|,158,11,9,115|,158,11,14,115|,158,11,229,226|
,566,499|,562,346,499|,566,32,23,497|,566,32,27,497|,564,238,196,23,497|,564,238,196,27,497|,564,238,196,33,499|,564,238,200,170,497|,564,240,112,36,497|,564,240,227,230,499|
,204,11|,204,2,13|,204,63,60|,204,89,92|,204,159,156|,204,283,280|,204,413,414|,202,0,11|,202,91,92|,202,109,106|
,138,315|,140,106,315|,140,110,315|,163,160,311|,163,164,29,313|,140,108,29,313|,140,133,130,313|,140,333,328,311|,138,10,33,313|,138,61,71,311|
,382,242,53|,382,242,57|,382,242,12,55|,382,242,349,350|,382,565,562,350|,384,328,127,124|,384,330,252,104|,384,332,106,53|,384,332,106,57|,384,332,110,53|
,502,32,197|,504,184,197|,504,184,119,199|,504,184,167,201|,504,184,205,206|,504,188,22,197|,504,188,26,197|,504,188,171,201|,502,32,119,199|,502,32,167,201|
,496,22,443|,496,26,443|,498,28,445|,498,32,443|,498,32,1,445|,498,28,0,443|,498,28,129,447|,498,131,134,443|,498,303,298,443|,496,26,1,445|
,448,194,58,379|,448,194,71,381|,448,194,73,381|,450,194,58,379|,450,194,71,381|,450,194,73,381|,452,22,17,379|,452,26,17,379|,452,37,261,377|,452,263,266,379|
,220,32,185|,220,503,504|,224,172,189|,265,262,189|,265,262,22,185|,265,262,26,185|,265,266,16,185|,224,172,22,185|,224,172,26,185|,220,32,23,189|
,112,285|,112,34,283|,114,8,281|,114,15,281|,227,228,281|,241,242,281|,241,242,10,283|,241,238,196,283|,241,477,472,283|,227,228,10,283|
,552,394,20,287|,552,394,45,291|,552,394,103,289|,554,192,105,289|,554,192,105,100,287|,554,192,87,82,287|,554,192,125,128,287|,554,192,321,318,291|,554,190,184,1,287|,554,194,58,20,287|
,20,409|,20,91,411|,16,1,409|,16,89,411|,45,40,409|,45,42,409|,103,100,409|,379,376,407|,103,100,91,411|,103,289,286,409|
,278,48,171|,278,48,22,167|,278,48,26,167|,278,441,438,171|,274,142,10,167|,274,144,134,167|,274,146,10,167|,274,175,172,171|,276,178,10,167|,276,180,134,167|
,455,525|,322,88,63,523|,322,92,61,523|,324,294,70,523|,324,294,72,523|,324,296,63,523|,326,236,59,523|,371,372,113,521|,507,502,32,63,523|,507,502,231,226,521|
,148,369|,150,40,369|,150,42,369|,155,156,365|,155,156,12,367|,155,158,1,369|,155,158,2,367|,155,158,11,365|,150,44,20,369|,150,99,94,369|
,274,142,217|,274,146,217|,276,178,217|,278,46,215|,278,48,547,548|,278,343,340,217|,278,441,436,217|,276,182,142,217|,276,182,146,217|,276,427,424,215|
,130,67,64|,130,67,68|,130,347,350|,132,106,53|,132,106,57|,132,110,53|,132,110,57|,134,2,55|,134,11,53|,134,11,57|
,382,240,114|,382,242,9|,382,242,14|,429,424,6|,543,538,6|,543,540,256|,543,579,574,6|,429,426,178,9|,429,426,178,14|,384,330,254,6|
,82,21,237|,82,101,233|,84,19,237|,86,105,233|,86,105,102,237|,86,52,143,235|,86,52,147,235|,86,56,143,235|,86,56,147,235|,86,459,454,326|
,396,309|,394,16,305|,398,268,309|,398,270,126,309|,398,272,10,305|,394,16,35,307|,394,20,0,305|,394,20,39,307|,394,59,62,305|,394,59,71,309|
,162,136,171|,164,0,167|,164,123,169|,177,172,171|,177,172,22,167|,177,172,26,167|,164,123,118,167|,164,123,199,200|,164,0,23,171|,164,0,27,171|
,76,319|,78,50,319|,78,48,37,317|,78,153,150,319|,76,40,39,317|,76,42,39,317|,80,127,124,321|,80,295,292,319|,80,309,306,317|,80,309,304,35,317|
,520,241,238|,522,62,197|,522,62,119,199|,522,62,167,201|,522,62,205,206|,522,58,16,197|,522,60,10,197|,522,60,243,238|,522,60,531,528|,522,71,527,528|
,192,321,431|,192,52,139,435|,192,56,139,435|,190,184,197,433|,190,188,137,435|,194,60,139,435|,194,62,197,433|,219,216,139,435|,449,452,137,435|,451,452,137,435|
,142,93,357|,146,93,357|,146,10,89,357|,146,61,71,353|,146,61,73,353|,146,273,268,353|,146,315,310,353|,146,359,360,353|,146,359,362,355|,146,415,416,357|
,166,63|,166,11,61|,166,17,59|,168,118,63|,170,22,63|,170,26,63|,201,196,63|,391,392,63|,391,487,488|,391,392,11,61|
,378,16,205|,378,20,203|,378,20,0,205|,378,16,1,203|,378,16,197,207|,378,45,40,203|,378,45,42,203|,378,59,62,205|,378,103,100,203|,378,475,472,205|
,496,37,317|,496,22,35,317|,496,26,35,317|,496,49,50,319|,496,137,435,430|,498,28,39,317|,498,28,41,319|,498,28,43,319|,498,32,35,317|,498,67,64,321|
,382,242,61|,384,328,70|,384,328,72|,386,328,70|,386,328,72|,386,330,250,63|,386,332,106,61|,386,332,110,61|,384,330,250,63|,384,332,106,61|
,370,455,456|,370,455,458,351|,370,322,92,349|,370,507,502,347|,372,34,11,349|,372,34,33,347|,372,38,29,347|,372,209,210,351|,372,285,280,349|,372,317,320,351|
,290,51|,290,77,78|,290,151,152|,286,41,51|,286,43,51|,286,149,152|,419,422,51|,419,422,77,78|,419,422,151,152|,286,149,150,51|
,488,60,531|,488,71,527|,488,73,527|,488,62,11,531|,488,62,197,529|,486,390,201,529|,486,392,11,531|,486,392,197,529|,486,392,197,537,532|,486,392,2,13,531|
,268,329,385|,268,329,387|,272,243,383|,272,107,333,385|,272,107,333,387|,272,111,333,385|,272,111,333,387|,272,179,427,428|,268,577,578,542|,270,126,329,385|
,442,23,49|,442,27,49|,444,41,51|,444,43,51|,444,149,152|,444,149,150,51|,444,43,77,78|,444,43,151,152|,444,41,77,78|,444,41,151,152|
,274,142|,274,146|,276,178|,276,182,142|,276,182,146|,274,183,178|,278,343,340|,278,441,436|,278,343,491,492|,278,343,491,494|
,55|,13,53|,13,57|,13,349,350|,3,11,53|,3,11,57|,4,85,86|,367,364,53|,367,364,57|,367,364,349,350|
,214|,216,9,7|,216,12,4|,216,14,7|,216,573,568|,549,544,18|,549,546,49,46|,218,190,186,7|,218,190,571,568|,218,192,54,4|
,372,38,165|,374,308,161|,374,304,1,165|,374,306,38,165|,372,34,1,165|,372,36,137,163|,372,36,173,176|,372,307,308,161|,370,322,90,165|,370,324,294,161|
,70,523,520|,72,523,520|,309,306,113|,353,354,117|,361,362,117|,361,358,9,115|,361,358,14,115|,361,358,229,226|,361,358,243,240|,309,304,35,113|
,456,348,573|,458,52,573|,458,56,573|,458,54,4,569|,458,54,13,573|,458,87,84,569|,458,193,190,571|,458,351,348,573|,456,346,30,569|,456,350,52,573|
,221,485|,32,63,489|,32,393,487|,32,11,61,489|,32,17,59,489|,32,167,391,487|,28,0,63,489|,28,0,393,487|,28,21,59,489|,28,83,223,485|
,392,33,503|,392,185,505|,392,1,29,503|,392,23,189,505|,392,27,189,505|,392,89,323,507|,392,135,130,503|,392,297,325,507|,392,299,302,503|,388,100,29,503|
,327,337|,234,175,335|,236,267,339|,232,102,267,339|,232,100,21,267,339|,232,100,91,323,337|,232,100,165,177,335|,232,104,459,454,337|,236,267,262,173,335|,236,267,264,224,335|
,220,32,11|,220,231,228|,220,313,314|,220,347,348|,222,86,52|,222,86,56|,224,174,142|,224,174,146|,265,481,482|,485,488,60|
,134,2|,134,11,12|,130,30,5|,130,32,2|,132,106,12|,132,110,12|,145,142,12|,145,146,12|,181,178,12|,181,178,10,2|
