0 1 100
1 2 100
2 3 100
3 4 100
4 5 100
5 1 100
5 2 100
5 4 100
6 1 100
6 3 100
6 0 100
7 1 100
7 7 100
7 1 100
8 0 100
8 3 100
8 1 100
9 1 100
9 7 100
9 0 100
10 0 100
10 0 100
10 6 100
11 3 100
11 7 100
11 10 100
12 5 100
12 2 100
12 5 100
13 6 100
13 5 100
13 1 100
14 12 100
14 8 100
14 12 100
15 13 100
15 13 100
15 15 100
16 10 100
16 11 100
16 15 100
17 0 100
17 3 100
17 12 100
18 1 100
18 0 100
18 5 100
19 0 100
19 3 100
19 10 100
20 0 100
20 6 100
20 12 100
21 5 100
21 0 100
21 5 100
22 9 100
22 4 100
22 19 100
23 1 100
23 23 100
23 0 100
24 12 100
24 15 100
24 0 100
25 8 100
25 21 100
25 1 100
26 7 100
26 5 100
26 21 100
27 5 100
27 25 100
27 5 100
28 0 100
28 10 100
28 11 100
29 28 100
29 5 100
29 1 100
30 15 100
30 26 100
30 0 100
31 1 100
31 23 100
31 7 100
32 7 100
32 27 100
32 30 100
33 5 100
33 25 100
33 27 100
34 1 100
34 4 100
34 7 100
35 34 100
35 12 100
35 13 100
36 1 100
36 23 100
36 31 100
37 0 100
37 1 100
37 36 100
38 9 100
38 12 100
38 28 100
39 3 100
39 5 100
39 35 100
40 8 100
40 17 100
40 32 100
41 22 100
41 5 100
41 8 100
42 20 100
42 27 100
42 6 100
43 36 100
43 22 100
43 5 100
44 8 100
44 10 100
44 32 100
45 1 100
45 20 100
45 3 100
46 4 100
46 28 100
46 9 100
47 7 100
47 40 100
47 6 100
48 15 100
48 24 100
48 5 100
49 27 100
49 33 100
49 11 100
50 5 100
50 1 100
50 9 100
51 0 100
51 20 100
51 10 100
52 10 100
52 15 100
52 1 100
53 1 100
53 46 100
53 8 100
54 1 100
54 9 100
54 15 100
55 15 100
55 8 100
55 5 100
56 9 100
56 10 100
56 12 100
57 18 100
57 52 100
57 42 100
58 15 100
58 45 100
58 21 100
59 32 100
59 57 100
59 47 100
60 5 100
60 11 100
60 52 100
61 8 100
61 5 100
61 12 100
62 15 100
62 19 100
62 18 100
63 5 100
63 15 100
63 19 100
64 5 100
64 2 100
64 0 100
65 57 100
65 9 100
65 54 100
66 46 100
66 6 100
66 15 100
67 43 100
67 58 100
67 58 100
68 20 100
68 31 100
68 1 100
69 6 100
69 15 100
69 48 100
70 1 100
70 3 100
70 0 100
71 46 100
71 0 100
71 18 100
72 1 100
72 5 100
72 18 100
73 51 100
73 41 100
73 10 100
74 3 100
74 33 100
74 67 100
75 56 100
75 36 100
75 26 100
76 5 100
76 7 100
76 11 100
77 1 100
77 0 100
77 24 100
78 35 100
78 35 100
78 7 100
79 57 100
79 61 100
79 12 100
80 15 100
80 7 100
80 28 100
81 79 100
81 8 100
81 64 100
82 1 100
82 6 100
82 43 100
83 15 100
83 47 100
83 5 100
84 40 100
84 68 100
84 13 100
85 60 100
85 5 100
85 5 100
86 7 100
86 8 100
86 80 100
87 8 100
87 34 100
87 57 100
88 9 100
88 23 100
88 9 100
89 4 100
89 9 100
89 9 100
90 22 100
90 13 100
90 79 100
91 15 100
91 36 100
91 5 100
92 91 100
92 9 100
92 36 100
93 3 100
93 46 100
93 67 100
94 6 100
94 7 100
94 39 100
95 33 100
95 69 100
95 35 100
96 95 100
96 15 100
96 62 100
97 61 100
97 43 100
97 8 100
98 3 100
98 34 100
98 5 100
99 3 100
99 15 100
99 93 100
