53 65 100
20 56 100
4 91 100
64 74 100
57 61 100
43 92 99
67 23 99
52 11 99
58 96 99
89 78 98
62 48 98
25 13 98
3 79 97
46 0 97
82 10 97
62 69 97
49 7 97
2 80 97
31 65 97
0 96 97
9 21 97
82 28 96
12 6 96
88 70 96
57 10 96
35 15 96
26 3 96
50 87 96
44 61 95
51 63 95
99 89 95
57 7 94
90 40 94
4 55 94
43 68 94
66 63 94
49 28 94
84 55 94
19 67 93
55 1 93
64 48 93
7 13 93
63 20 93
20 14 93
42 90 93
39 74 92
77 28 92
54 47 92
15 71 92
50 36 92
68 84 92
58 36 92
6 10 91
59 60 91
78 45 91
42 7 91
48 46 91
7 64 90
21 98 90
75 1 90
63 5 90
27 49 90
3 24 89
15 58 89
17 67 89
91 99 89
20 72 89
7 14 89
7 78 89
47 31 89
80 16 88
88 78 88
78 2 88
45 57 88
15 9 88
80 85 88
73 23 88
16 62 88
69 91 88
21 61 87
8 18 87
15 74 87
64 25 87
95 74 87
49 79 87
22 49 87
1 17 87
64 37 86
64 35 86
0 62 86
5 88 86
71 41 86
42 19 86
82 34 86
27 38 86
16 1 85
96 57 85
46 35 85
89 42 85
20 84 85
0 23 84
93 67 84
9 75 84
55 44 84
42 74 83
49 12 83
8 35 83
0 87 83
77 18 83
62 40 83
24 57 82
33 8 82
52 47 82
23 74 82
48 54 82
1 20 82
51 3 81
66 53 81
70 11 80
79 86 80
17 33 79
32 0 79
81 33 79
7 96 79
44 17 78
71 64 78
38 28 78
27 61 78
10 40 78
16 64 78
24 1 78
26 45 77
51 54 77
13 28 77
39 97 77
62 49 77
89 35 76
35 71 76
71 69 76
68 49 75
64 22 75
85 43 75
89 49 75
19 56 75
11 98 75
61 36 74
35 54 74
74 59 74
21 50 74
24 72 74
52 83 73
64 98 73
45 31 73
59 14 73
73 83 73
48 1 73
20 4 73
86 96 72
88 14 72
0 76 72
41 92 72
87 76 72
29 27 71
10 54 71
15 8 71
50 40 71
12 95 71
10 81 71
67 88 71
67 25 70
27 76 70
36 24 70
65 86 70
34 80 70
68 11 70
91 48 70
20 57 69
11 12 69
42 58 69
47 63 69
5 49 69
63 47 69
69 83 68
51 80 68
3 23 68
22 66 68
39 1 68
47 26 68
93 34 67
50 9 67
23 98 67
40 50 67
90 7 67
27 90 66
22 77 66
49 94 66
12 48 65
50 86 65
48 56 65
79 61 65
47 48 65
51 25 65
60 34 65
90 43 64
2 97 64
4 22 64
72 41 64
56 81 63
57 16 63
93 66 63
14 24 63
18 0 63
32 10 63
0 84 63
67 59 62
99 58 62
58 25 62
13 66 62
14 25 62
32 74 62
33 96 62
59 87 61
87 4 61
1 94 61
0 20 61
77 32 61
23 20 61
70 61 61
50 81 60
16 33 60
34 79 60
35 95 60
5 86 60
75 29 59
54 73 59
5 95 59
39 58 59
64 29 59
84 27 59
58 39 59
55 38 59
2 29 59
99 79 59
33 86 59
56 52 58
46 93 58
28 15 58
17 23 58
25 24 58
48 38 58
9 93 58
98 90 58
8 17 58
34 8 58
98 9 58
89 73 57
75 58 57
52 69 57
68 85 57
98 27 57
3 71 57
8 58 56
85 64 56
49 63 56
32 19 56
31 74 56
61 45 56
95 77 56
55 97 56
32 18 56
6 46 55
71 43 55
18 37 55
45 89 55
39 12 54
74 52 54
61 34 54
68 33 54
6 16 54
39 48 54
17 51 54
61 97 54
5 46 54
93 69 53
81 41 53
33 88 52
65 54 52
15 10 52
92 96 52
98 69 51
84 9 51
20 64 51
94 59 51
1 63 51
35 31 51
64 68 51
73 94 51
58 13 50
80 46 50
13 50 50
8 25 50
49 86 50
63 12 49
23 12 49
0 37 49
40 70 49
65 70 49
1 50 49
15 14 49
95 71 48
40 30 48
6 66 48
70 64 47
71 10 47
58 76 47
40 63 47
94 67 46
63 70 46
42 11 46
98 63 46
9 43 46
45 90 46
28 43 45
41 32 45
5 2 45
74 62 45
62 66 45
90 96 45
70 8 44
54 99 44
61 55 44
20 1 43
66 15 43
65 5 43
79 52 43
33 74 43
87 32 43
94 41 42
73 84 42
9 6 42
86 11 42
53 1 42
19 7 42
67 97 42
56 35 42
34 5 41
61 64 41
49 0 41
17 56 41
79 14 41
11 89 40
40 37 40
72 26 40
66 76 40
98 66 40
19 30 39
61 69 39
82 31 39
3 65 39
19 79 39
55 99 39
68 15 38
46 17 38
94 27 38
96 7 38
19 94 38
34 87 38
3 78 38
12 63 37
81 61 37
99 49 37
95 83 36
61 73 36
60 95 36
44 42 36
72 93 36
3 93 36
9 51 36
74 39 35
58 37 35
82 89 35
9 27 35
32 6 35
82 33 35
24 38 35
7 0 34
24 97 34
84 6 34
91 95 34
68 4 34
6 92 33
34 24 33
88 7 33
0 28 33
50 70 33
81 42 33
21 64 32
55 28 32
94 20 32
74 32 31
33 14 31
49 80 31
83 81 31
35 18 30
41 2 30
4 17 30
0 65 30
13 3 30
23 47 30
10 58 30
42 91 30
95 73 30
92 18 30
53 60 30
49 50 30
68 86 29
57 76 29
59 63 29
39 83 29
91 67 28
98 80 28
8 73 28
36 5 28
95 60 28
58 78 28
70 19 28
25 48 27
69 86 27
78 19 27
34 22 27
25 38 27
70 24 27
86 15 27
5 94 26
52 35 26
53 74 26
63 21 26
2 46 26
60 75 26
91 83 26
83 78 25
45 44 25
57 37 25
35 32 25
89 87 25
64 2 25
61 26 25
87 11 25
30 46 25
80 75 25
23 46 25
31 20 24
83 43 24
79 95 24
94 12 24
19 92 24
22 40 24
57 27 24
47 2 24
94 10 24
46 27 24
27 95 24
30 72 24
14 47 23
78 83 23
89 8 23
33 2 23
20 81 23
57 83 23
10 24 23
7 83 23
86 64 22
39 26 22
47 62 22
10 52 22
37 49 22
89 13 22
24 7 22
58 81 22
22 89 21
39 88 21
44 27 21
82 77 20
3 88 20
30 82 20
16 69 19
74 86 19
2 73 19
72 96 19
65 47 19
20 15 19
21 84 19
9 17 19
17 76 18
97 18 18
97 85 18
44 53 18
68 77 17
37 85 17
99 66 17
83 53 17
79 65 17
54 95 17
83 62 17
53 34 17
58 6 16
64 34 16
8 31 16
20 39 15
59 2 15
88 30 15
15 89 15
46 69 15
49 16 14
51 75 14
58 67 14
70 41 14
23 54 14
18 59 14
59 92 14
8 88 14
33 46 14
79 13 13
90 62 13
38 43 13
59 17 13
62 81 13
87 3 13
22 41 12
75 3 12
88 39 12
95 33 12
19 48 12
19 21 12
47 58 12
59 71 12
32 64 11
61 43 11
95 88 11
65 62 11
29 95 11
71 54 10
7 8 10
1 58 10
85 71 10
68 82 10
65 35 10
42 8 9
14 2 9
54 60 9
63 28 9
82 94 8
79 51 8
95 18 8
89 81 8
29 22 8
97 86 7
37 5 7
26 55 7
67 12 7
87 36 6
86 77 6
78 66 6
40 34 6
22 50 6
95 51 6
6 71 5
49 31 5
57 90 5
28 64 4
49 39 4
25 12 4
67 4 4
17 42 4
69 54 4
30 31 3
16 56 3
90 36 3
35 75 3
27 62 3
31 13 3
66 37 3
86 56 3
67 13 3
65 61 3
51 11 3
84 91 2
48 67 2
77 11 2
49 5 2
2 12 1
39 3 1
65 30 1
15 22 1
79 98 1
8 84 1
68 87 1
42 59 1
40 5 1
25 2 1
