0 345 100
0 1099 100
1 1035 100
1 1063 100
1 1066 100
2 1169 100
2 1965 100
3 100 100
3 1440 100
3 1518 100
4 288 100
4 1733 100
5 165 100
5 790 100
5 1452 100
6 22 100
6 233 100
6 639 100
6 734 100
7 285 100
7 360 100
7 421 100
7 952 100
7 1571 100
7 1732 100
8 1615 100
8 1951 100
9 247 100
9 426 100
9 493 100
9 650 100
9 1613 100
10 1018 100
11 890 100
11 1225 100
11 1388 100
12 383 100
12 395 100
12 543 100
12 1647 100
13 270 100
13 1421 100
13 1691 100
14 54 100
14 324 100
14 414 100
14 633 100
14 977 100
14 1064 100
14 1988 100
15 61 100
15 85 100
15 268 100
15 1602 100
16 401 100
16 617 100
16 716 100
16 1018 100
16 1413 100
17 855 100
17 1105 100
18 1130 100
18 1639 100
18 1967 100
20 755 100
20 983 100
20 1179 100
20 1510 100
20 1729 100
20 1756 100
21 546 100
21 628 100
21 1987 100
22 164 100
22 290 100
22 1373 100
22 1701 100
22 1791 100
22 1981 100
24 69 100
24 611 100
24 693 100
24 1324 100
25 156 100
25 340 100
25 1355 100
26 208 100
26 279 100
26 434 100
26 517 100
27 17 100
27 1159 100
27 1431 100
27 1768 100
27 1789 100
28 1600 100
29 330 100
29 1240 100
29 1560 100
29 1704 100
30 133 100
30 566 100
30 1226 100
30 1259 100
32 717 100
32 735 100
32 1333 100
33 123 100
33 1310 100
33 1558 100
33 1624 100
33 1758 100
34 514 100
35 382 100
35 1034 100
35 1193 100
35 1742 100
35 1911 100
36 326 100
36 759 100
36 1125 100
37 952 100
38 410 100
38 1009 100
38 1059 100
39 318 100
39 1475 100
40 1481 100
40 1819 100
40 1994 100
41 277 100
42 1750 100
42 1825 100
43 362 100
43 1405 100
44 39 100
45 212 100
45 1572 100
46 611 100
46 1045 100
47 1614 100
47 1622 100
48 147 100
48 286 100
48 815 100
49 32 100
50 574 100
50 1688 100
50 1925 100
51 300 100
51 1670 100
52 218 100
52 1123 100
52 1157 100
52 1159 100
52 1349 100
53 333 100
53 1324 100
53 1813 100
54 221 100
54 326 100
54 455 100
54 1015 100
55 849 100
55 1012 100
55 1539 100
55 1720 100
56 593 100
56 1288 100
56 1661 100
57 1132 100
57 1852 100
58 297 100
58 1423 100
58 1875 100
59 1096 100
60 1920 100
61 1893 100
61 1909 100
62 195 100
64 570 100
65 316 100
65 380 100
65 1472 100
66 151 100
66 569 100
66 1204 100
66 1708 100
66 1975 100
67 77 100
67 1173 100
67 1285 100
67 1647 100
68 72 100
68 828 100
68 1325 100
70 356 100
70 938 100
70 1428 100
71 323 100
71 664 100
71 1062 100
72 1000 100
72 1648 100
73 1790 100
74 171 100
74 424 100
74 476 100
74 1332 100
74 1349 100
75 590 100
75 715 100
75 1501 100
75 1530 100
76 729 100
76 774 100
76 1658 100
77 65 100
78 820 100
78 1366 100
79 171 100
79 728 100
79 868 100
79 1429 100
80 54 100
80 129 100
80 572 100
80 682 100
80 700 100
82 1004 100
83 523 100
83 1785 100
84 429 100
84 535 100
84 1229 100
85 200 100
85 1295 100
86 1899 100
87 138 100
88 61 100
88 76 100
88 454 100
88 1638 100
89 1441 100
90 1034 100
90 1166 100
91 1454 100
91 1632 100
92 37 100
92 326 100
92 705 100
92 751 100
92 1024 100
92 1296 100
92 1507 100
92 1582 100
93 488 100
93 1170 100
93 1796 100
94 48 100
94 477 100
94 1619 100
95 15 100
95 1300 100
96 335 100
96 943 100
97 75 100
97 689 100
97 1091 100
97 1154 100
97 1180 100
97 1660 100
97 1761 100
98 367 100
98 1307 100
99 414 100
100 15 100
100 302 100
100 1055 100
100 1487 100
100 1610 100
101 573 100
101 705 100
101 1646 100
101 1674 100
101 1937 100
101 1997 100
102 592 100
102 882 100
102 1543 100
102 1746 100
103 581 100
103 761 100
103 1361 100
104 55 100
104 974 100
104 1159 100
104 1806 100
105 303 100
105 1315 100
106 41 100
106 779 100
106 799 100
107 1179 100
107 1690 100
107 1832 100
108 1111 100
108 1782 100
109 849 100
110 479 100
110 1008 100
110 1562 100
111 1061 100
111 1834 100
112 34 100
112 125 100
112 231 100
112 1121 100
112 1659 100
113 252 100
113 1071 100
113 1538 100
113 1577 100
113 1864 100
114 113 100
114 314 100
115 746 100
115 785 100
115 1841 100
116 194 100
116 502 100
116 1728 100
117 1796 100
119 13 100
119 533 100
120 347 100
120 638 100
120 1869 100
121 1331 100
121 1434 100
122 459 100
122 632 100
122 834 100
122 1130 100
122 1420 100
122 1921 100
123 368 100
123 1024 100
123 1668 100
123 1967 100
124 1130 100
124 1458 100
124 1527 100
125 322 100
125 366 100
125 663 100
125 1030 100
125 1671 100
125 1805 100
126 22 100
126 506 100
126 1091 100
126 1405 100
126 1415 100
126 1685 100
126 1791 100
127 1612 100
128 61 100
128 922 100
129 230 100
129 956 100
129 1102 100
130 179 100
130 201 100
130 595 100
130 849 100
130 911 100
131 1205 100
131 1535 100
132 893 100
132 1300 100
132 1950 100
133 492 100
133 1586 100
134 529 100
134 771 100
134 1168 100
134 1268 100
134 1328 100
135 89 100
135 576 100
135 1104 100
136 877 100
136 1826 100
137 164 100
137 957 100
137 1225 100
138 114 100
138 1240 100
138 1869 100
139 724 100
140 948 100
140 1934 100
141 142 100
142 1376 100
143 130 100
143 701 100
143 1231 100
143 1371 100
143 1712 100
144 371 100
144 959 100
144 1537 100
145 366 100
145 939 100
146 774 100
146 890 100
146 1142 100
146 1800 100
146 1811 100
147 140 100
147 388 100
147 512 100
147 1114 100
147 1412 100
149 3 100
149 330 100
149 1047 100
149 1867 100
149 1962 100
150 59 100
150 70 100
150 144 100
150 871 100
151 1053 100
151 1161 100
151 1732 100
151 1866 100
152 635 100
152 1662 100
153 1253 100
153 1519 100
154 247 100
154 1015 100
154 1042 100
156 70 100
156 1168 100
156 1287 100
157 460 100
159 986 100
159 1342 100
159 1900 100
160 224 100
160 389 100
160 432 100
160 687 100
160 792 100
160 1026 100
160 1346 100
160 1460 100
160 1696 100
160 1966 100
161 1678 100
162 16 100
163 1455 100
163 1637 100
163 1651 100
163 1745 100
164 179 100
164 352 100
164 473 100
164 857 100
165 257 100
165 1074 100
165 1227 100
165 1319 100
165 1760 100
166 1372 100
167 175 100
167 577 100
167 1015 100
167 1654 100
168 1688 100
168 1703 100
168 1878 100
169 49 100
169 185 100
169 959 100
169 1295 100
169 1480 100
170 1889 100
170 1906 100
172 446 100
172 669 100
172 900 100
172 920 100
172 1703 100
172 1743 100
173 409 100
174 739 100
174 871 100
175 25 100
175 293 100
175 705 100
175 1223 100
176 539 100
176 540 100
176 1829 100
177 296 100
177 1025 100
177 1852 100
178 214 100
178 625 100
178 1146 100
178 1513 100
178 1914 100
179 110 100
179 364 100
179 867 100
179 1257 100
179 1337 100
179 1630 100
181 103 100
181 999 100
181 1570 100
181 1633 100
181 1730 100
182 553 100
183 23 100
183 469 100
183 492 100
183 545 100
183 1392 100
184 138 100
184 231 100
184 639 100
184 763 100
184 1247 100
184 1249 100
185 138 100
185 378 100
185 1081 100
186 949 100
186 1021 100
186 1190 100
186 1781 100
188 587 100
188 648 100
188 795 100
189 432 100
189 517 100
189 806 100
189 1516 100
189 1592 100
189 1685 100
189 1963 100
190 324 100
190 334 100
190 1212 100
190 1262 100
190 1346 100
190 1512 100
190 1660 100
191 866 100
192 778 100
192 797 100
192 920 100
193 347 100
193 911 100
193 1948 100
194 71 100
194 1604 100
194 1833 100
195 200 100
196 385 100
196 933 100
196 1256 100
196 1453 100
196 1478 100
196 1908 100
197 1756 100
197 1792 100
198 339 100
198 1726 100
199 152 100
199 1239 100
199 1741 100
199 1890 100
199 1997 100
200 1202 100
200 1964 100
201 122 100
201 902 100
202 1298 100
203 43 100
203 135 100
203 299 100
203 336 100
203 554 100
203 932 100
203 1060 100
205 177 100
205 1604 100
206 633 100
207 1075 100
207 1105 100
208 428 100
208 792 100
208 1202 100
209 642 100
209 911 100
210 1244 100
210 1650 100
211 1257 100
211 1853 100
212 136 100
212 189 100
212 607 100
212 661 100
212 928 100
212 1016 100
213 81 100
213 249 100
213 982 100
214 311 100
214 958 100
214 1459 100
214 1911 100
215 1875 100
216 864 100
216 938 100
216 1879 100
217 52 100
217 1353 100
217 1775 100
217 1958 100
218 463 100
218 972 100
220 507 100
220 1511 100
220 1605 100
220 1731 100
221 1203 100
221 1891 100
222 306 100
222 1133 100
222 1574 100
222 1893 100
223 493 100
223 714 100
223 1637 100
224 1183 100
224 1247 100
224 1595 100
224 1961 100
225 125 100
225 581 100
225 950 100
225 1104 100
226 438 100
226 1017 100
226 1686 100
227 226 100
227 627 100
227 1862 100
227 1884 100
228 972 100
229 215 100
229 902 100
229 1905 100
230 73 100
230 950 100
230 1064 100
230 1105 100
231 99 100
231 424 100
231 782 100
231 841 100
231 1112 100
231 1404 100
232 1799 100
233 294 100
233 435 100
233 998 100
234 1008 100
235 138 100
235 616 100
235 1059 100
235 1656 100
236 520 100
237 636 100
237 907 100
237 1448 100
238 106 100
238 399 100
238 1619 100
239 527 100
239 876 100
239 1137 100
239 1414 100
239 1633 100
239 1943 100
240 8 100
240 480 100
240 663 100
240 1924 100
241 907 100
241 1086 100
242 295 100
242 373 100
242 1552 100
242 1616 100
242 1737 100
243 1611 100
243 1767 100
243 1943 100
244 416 100
244 660 100
244 994 100
244 1348 100
246 560 100
246 1934 100
247 121 100
247 466 100
247 487 100
247 919 100
247 1309 100
247 1378 100
248 413 100
248 1897 100
249 278 100
249 978 100
249 1781 100
250 837 100
251 216 100
251 1622 100
252 93 100
252 397 100
252 1055 100
252 1600 100
252 1613 100
252 1909 100
253 94 100
253 502 100
253 1923 100
253 1970 100
255 467 100
255 1801 100
256 262 100
256 1297 100
257 300 100
257 1163 100
257 1394 100
257 1538 100
258 620 100
258 1215 100
258 1315 100
258 1760 100
259 153 100
259 640 100
259 1878 100
260 250 100
260 808 100
260 1624 100
261 553 100
261 591 100
261 1492 100
261 1886 100
262 230 100
262 1068 100
262 1195 100
263 960 100
263 984 100
263 1290 100
263 1353 100
264 931 100
264 1286 100
264 1729 100
265 302 100
265 1020 100
265 1996 100
266 549 100
266 828 100
267 100 100
267 171 100
267 456 100
267 588 100
267 917 100
267 1859 100
268 114 100
268 383 100
268 1633 100
268 1803 100
268 1972 100
269 807 100
269 991 100
269 1465 100
270 335 100
270 1012 100
270 1056 100
270 1188 100
270 1281 100
270 1363 100
270 1878 100
271 1 100
271 475 100
271 839 100
272 696 100
272 799 100
272 1533 100
273 397 100
273 801 100
273 1000 100
273 1064 100
273 1531 100
274 143 100
274 242 100
274 577 100
274 1174 100
275 508 100
275 1380 100
275 1665 100
275 1891 100
276 427 100
276 491 100
276 1147 100
276 1253 100
276 1423 100
277 788 100
277 1028 100
277 1232 100
278 355 100
278 479 100
278 1049 100
278 1187 100
278 1830 100
279 331 100
279 946 100
279 1467 100
279 1751 100
279 1809 100
280 124 100
280 253 100
280 1019 100
280 1237 100
281 179 100
281 986 100
281 1870 100
282 73 100
282 627 100
282 726 100
282 1732 100
283 932 100
283 1343 100
283 1452 100
283 1781 100
284 1449 100
284 1946 100
285 453 100
285 743 100
285 901 100
285 1042 100
286 353 100
286 1009 100
286 1018 100
287 163 100
287 323 100
287 419 100
287 666 100
287 730 100
287 1225 100
287 1263 100
288 215 100
289 47 100
289 400 100
289 468 100
290 24 100
290 1586 100
291 442 100
291 1397 100
291 1746 100
291 1747 100
291 1913 100
292 430 100
292 1187 100
292 1982 100
293 112 100
293 751 100
294 849 100
294 927 100
294 1167 100
295 282 100
295 1202 100
295 1753 100
296 868 100
296 1587 100
296 1712 100
297 254 100
297 1187 100
297 1576 100
297 1991 100
298 1221 100
298 1752 100
299 70 100
299 120 100
299 241 100
299 349 100
300 107 100
300 630 100
300 758 100
300 1555 100
300 1595 100
300 1923 100
301 979 100
301 1923 100
302 223 100
302 425 100
302 919 100
302 1853 100
303 458 100
304 288 100
304 459 100
304 925 100
305 239 100
305 301 100
305 564 100
305 818 100
306 1940 100
307 198 100
307 541 100
307 579 100
307 806 100
307 920 100
308 806 100
308 935 100
308 1995 100
309 112 100
309 136 100
309 319 100
309 898 100
309 1415 100
309 1938 100
311 1893 100
312 1153 100
312 1392 100
313 303 100
313 906 100
314 735 100
314 1610 100
314 1779 100
315 1304 100
315 1685 100
316 202 100
316 257 100
316 832 100
316 1456 100
316 1781 100
316 1873 100
317 377 100
317 1195 100
317 1762 100
317 1794 100
317 1991 100
318 497 100
318 1636 100
319 166 100
319 398 100
319 1461 100
320 252 100
320 1676 100
323 2 100
323 32 100
323 384 100
323 666 100
324 160 100
324 249 100
324 250 100
324 387 100
324 424 100
325 743 100
325 1208 100
326 131 100
326 320 100
326 540 100
326 854 100
327 703 100
327 825 100
327 1464 100
328 689 100
328 773 100
328 1388 100
328 1548 100
329 303 100
329 1091 100
330 155 100
330 1597 100
330 1873 100
331 296 100
331 413 100
331 1648 100
332 136 100
332 590 100
332 847 100
332 990 100
332 1688 100
332 1689 100
333 91 100
333 493 100
333 623 100
333 1076 100
334 204 100
334 789 100
334 977 100
334 1706 100
335 425 100
335 1406 100
335 1664 100
335 1922 100
336 191 100
336 543 100
338 1926 100
339 516 100
339 547 100
339 1340 100
340 564 100
340 568 100
340 1937 100
341 284 100
342 123 100
342 628 100
342 1087 100
343 438 100
343 625 100
343 665 100
343 790 100
343 1288 100
344 330 100
344 745 100
344 961 100
344 1184 100
344 1401 100
344 1660 100
344 1825 100
345 245 100
345 419 100
345 620 100
345 1907 100
346 301 100
346 781 100
346 1230 100
346 1292 100
347 1906 100
349 1314 100
350 939 100
352 571 100
352 727 100
353 552 100
353 813 100
353 1981 100
354 265 100
355 152 100
355 1695 100
356 981 100
356 1525 100
357 765 100
357 1236 100
358 26 100
358 329 100
358 740 100
358 1409 100
358 1989 100
359 1640 100
360 733 100
361 101 100
361 1273 100
362 351 100
362 972 100
362 985 100
363 317 100
363 409 100
363 920 100
363 1057 100
364 1452 100
364 1911 100
365 199 100
365 843 100
366 182 100
366 421 100
366 962 100
367 65 100
367 1374 100
367 1610 100
368 672 100
368 1255 100
368 1896 100
369 17 100
369 27 100
369 620 100
369 1343 100
369 1380 100
369 1383 100
369 1740 100
370 933 100
371 211 100
371 392 100
372 67 100
372 406 100
372 1059 100
372 1283 100
372 1846 100
373 189 100
374 897 100
374 1065 100
374 1291 100
374 1558 100
375 605 100
375 936 100
375 995 100
375 1444 100
376 386 100
376 1345 100
376 1359 100
376 1658 100
377 321 100
377 344 100
377 958 100
377 1120 100
378 1724 100
379 557 100
379 1599 100
380 648 100
380 959 100
380 1567 100
381 1383 100
381 1571 100
382 98 100
382 147 100
382 924 100
382 1189 100
382 1461 100
383 122 100
383 995 100
383 1160 100
384 520 100
384 1288 100
384 1796 100
384 1885 100
385 431 100
385 541 100
385 1243 100
385 1507 100
385 1508 100
385 1535 100
385 1698 100
386 78 100
386 276 100
386 565 100
386 624 100
386 1387 100
387 209 100
387 1012 100
387 1576 100
388 562 100
388 1700 100
388 1901 100
389 43 100
389 1167 100
389 1491 100
390 67 100
390 551 100
390 1767 100
391 100 100
391 485 100
392 310 100
392 602 100
392 750 100
392 755 100
392 1103 100
393 608 100
393 751 100
393 1134 100
393 1613 100
393 1654 100
393 1696 100
394 64 100
394 1318 100
394 1430 100
395 35 100
395 1776 100
396 248 100
397 121 100
397 145 100
397 1331 100
397 1554 100
397 1793 100
397 1870 100
399 141 100
399 1518 100
399 1670 100
400 69 100
400 569 100
400 642 100
400 1097 100
400 1292 100
401 154 100
401 1571 100
402 309 100
402 870 100
402 1084 100
403 43 100
403 736 100
403 1537 100
403 1795 100
403 1873 100
404 41 100
404 1223 100
404 1471 100
404 1883 100
405 163 100
405 361 100
405 761 100
405 924 100
405 1485 100
405 1715 100
407 1110 100
407 1175 100
407 1572 100
408 262 100
409 362 100
409 842 100
409 1814 100
410 1142 100
411 796 100
412 402 100
412 758 100
412 1513 100
412 1655 100
412 1932 100
413 271 100
413 1329 100
414 5 100
414 656 100
414 727 100
415 93 100
415 439 100
415 551 100
415 1076 100
415 1154 100
415 1230 100
416 792 100
416 1099 100
417 1320 100
418 299 100
418 687 100
418 1018 100
419 83 100
419 285 100
419 553 100
419 1706 100
419 1901 100
420 444 100
420 1071 100
420 1129 100
420 1305 100
420 1793 100
421 718 100
421 757 100
421 1431 100
421 1853 100
422 197 100
422 1102 100
423 130 100
423 791 100
423 1379 100
424 19 100
424 270 100
424 285 100
424 1776 100
424 1864 100
424 1980 100
425 1040 100
425 1764 100
426 214 100
426 771 100
426 870 100
426 906 100
426 1019 100
426 1219 100
426 1718 100
426 1753 100
426 1964 100
427 667 100
427 944 100
427 1438 100
428 135 100
428 255 100
428 1583 100
428 1831 100
429 370 100
429 1607 100
430 701 100
430 1007 100
431 472 100
431 1182 100
431 1547 100
432 1022 100
433 1013 100
433 1224 100
433 1253 100
433 1762 100
434 863 100
434 986 100
434 1440 100
434 1665 100
435 904 100
435 1525 100
435 1688 100
436 921 100
436 971 100
436 1875 100
437 1580 100
438 1117 100
438 1251 100
438 1520 100
438 1632 100
438 1934 100
439 165 100
439 253 100
439 613 100
439 1756 100
440 163 100
440 1387 100
441 250 100
441 672 100
441 1246 100
441 1421 100
442 311 100
442 850 100
443 1269 100
444 1029 100
444 1550 100
445 58 100
445 78 100
445 80 100
445 108 100
445 111 100
446 100 100
446 717 100
446 1498 100
447 657 100
447 683 100
447 977 100
447 1284 100
447 1600 100
447 1650 100
448 613 100
449 48 100
449 1293 100
449 1733 100
449 1777 100
450 360 100
450 800 100
450 856 100
450 936 100
450 1685 100
450 1878 100
451 106 100
451 615 100
451 1032 100
451 1619 100
452 950 100
452 1909 100
453 116 100
453 226 100
453 746 100
453 1100 100
453 1530 100
453 1998 100
454 1963 100
455 683 100
455 914 100
456 235 100
456 396 100
456 1819 100
457 469 100
457 898 100
457 1038 100
457 1159 100
457 1200 100
457 1840 100
458 351 100
458 1808 100
459 859 100
459 1236 100
460 889 100
460 1068 100
460 1246 100
460 1313 100
460 1340 100
460 1374 100
460 1620 100
461 23 100
461 178 100
461 327 100
461 944 100
463 367 100
463 620 100
463 621 100
463 1109 100
464 536 100
464 589 100
464 1403 100
464 1920 100
465 526 100
465 737 100
465 1163 100
465 1994 100
466 1467 100
466 1794 100
467 241 100
467 312 100
467 356 100
467 402 100
468 195 100
468 288 100
469 372 100
469 936 100
469 1223 100
470 535 100
470 746 100
470 983 100
470 1142 100
471 1034 100
471 1391 100
471 1425 100
473 494 100
473 1060 100
473 1491 100
473 1902 100
474 68 100
474 133 100
474 665 100
475 1088 100
475 1488 100
476 471 100
476 665 100
476 1027 100
476 1083 100
476 1726 100
477 814 100
477 888 100
478 564 100
479 327 100
479 331 100
479 1300 100
479 1485 100
480 650 100
480 1039 100
480 1828 100
480 1947 100
481 598 100
481 639 100
482 892 100
482 1675 100
483 295 100
484 417 100
484 1034 100
485 762 100
485 797 100
485 1024 100
485 1749 100
486 1904 100
487 489 100
487 511 100
487 545 100
487 1430 100
487 1947 100
488 1980 100
489 293 100
489 1862 100
490 381 100
490 1446 100
491 1114 100
491 1708 100
491 1956 100
492 359 100
492 1252 100
492 1443 100
493 88 100
493 926 100
493 1201 100
493 1316 100
493 1785 100
494 1074 100
494 1657 100
495 170 100
495 934 100
495 1309 100
495 1967 100
496 318 100
496 1142 100
497 1972 100
498 65 100
498 248 100
498 1779 100
499 232 100
499 549 100
499 1339 100
500 11 100
500 57 100
500 79 100
501 63 100
502 1658 100
503 195 100
503 745 100
503 1487 100
504 608 100
504 942 100
504 950 100
504 996 100
505 500 100
505 929 100
505 1731 100
506 95 100
506 244 100
507 1038 100
507 1270 100
507 1777 100
508 433 100
508 930 100
508 1660 100
509 277 100
509 1563 100
509 1794 100
509 1969 100
510 477 100
510 591 100
510 637 100
511 496 100
511 980 100
511 1095 100
511 1305 100
511 1911 100
512 433 100
512 1365 100
512 1408 100
513 877 100
513 1291 100
513 1632 100
513 1854 100
514 300 100
514 1548 100
514 1664 100
514 1860 100
515 761 100
515 922 100
515 1008 100
516 1202 100
517 138 100
517 439 100
517 757 100
517 1052 100
517 1618 100
518 1344 100
518 1673 100
519 1997 100
520 1038 100
520 1841 100
521 243 100
521 1340 100
521 1624 100
522 1594 100
523 695 100
523 877 100
523 1411 100
524 79 100
524 539 100
524 1350 100
524 1547 100
525 1248 100
525 1824 100
526 629 100
526 677 100
526 871 100
527 405 100
527 1149 100
527 1181 100
527 1400 100
528 145 100
528 154 100
528 187 100
529 437 100
529 583 100
529 1264 100
529 1584 100
529 1627 100
530 244 100
530 492 100
530 1713 100
531 1047 100
531 1173 100
531 1945 100
532 27 100
532 703 100
532 1943 100
533 742 100
533 772 100
534 577 100
534 927 100
534 1271 100
534 1448 100
536 330 100
536 1956 100
537 746 100
538 1092 100
538 1117 100
538 1374 100
539 367 100
539 741 100
539 1074 100
539 1091 100
540 434 100
540 833 100
540 1299 100
540 1774 100
540 1886 100
541 117 100
541 243 100
541 1752 100
542 662 100
542 1870 100
542 1985 100
543 294 100
543 1267 100
543 1504 100
544 97 100
544 133 100
544 1311 100
545 11 100
546 654 100
546 1172 100
546 1202 100
546 1485 100
547 237 100
547 364 100
547 962 100
548 446 100
548 503 100
548 956 100
548 1730 100
549 702 100
549 1670 100
550 594 100
550 689 100
550 1041 100
550 1996 100
551 1208 100
552 236 100
552 791 100
552 803 100
552 811 100
552 1130 100
552 1396 100
552 1985 100
553 1263 100
553 1640 100
553 1784 100
554 921 100
554 1694 100
554 1836 100
555 702 100
556 283 100
556 1096 100
556 1118 100
556 1508 100
556 1698 100
556 1920 100
557 130 100
557 953 100
557 1257 100
558 3 100
558 735 100
558 1047 100
558 1290 100
558 1450 100
558 1516 100
558 1632 100
559 158 100
559 263 100
559 595 100
559 1028 100
559 1137 100
559 1774 100
560 1033 100
561 174 100
561 262 100
561 324 100
561 1347 100
561 1816 100
562 218 100
562 243 100
562 327 100
562 586 100
562 653 100
562 780 100
562 1502 100
563 276 100
563 811 100
563 887 100
563 1267 100
563 1455 100
564 346 100
564 741 100
564 807 100
564 909 100
564 1797 100
564 1804 100
565 167 100
565 795 100
565 1701 100
566 409 100
566 1263 100
567 707 100
567 725 100
567 1309 100
567 1763 100
568 23 100
568 437 100
568 442 100
568 1117 100
568 1826 100
569 551 100
569 1315 100
569 1736 100
570 4 100
570 108 100
571 464 100
571 920 100
571 1471 100
571 1841 100
572 239 100
572 1411 100
572 1759 100
572 1793 100
573 163 100
573 369 100
573 390 100
573 1518 100
574 179 100
574 275 100
574 982 100
574 1341 100
575 319 100
575 716 100
575 959 100
575 1284 100
576 340 100
576 1505 100
576 1541 100
576 1811 100
577 72 100
577 1256 100
577 1513 100
578 528 100
578 1389 100
578 1974 100
580 1626 100
581 177 100
581 318 100
582 432 100
583 508 100
583 662 100
583 1129 100
583 1732 100
583 1855 100
585 1101 100
585 1730 100
586 413 100
586 625 100
586 1426 100
587 39 100
588 1365 100
588 1551 100
589 34 100
589 774 100
589 1774 100
591 876 100
591 1612 100
592 18 100
592 421 100
592 613 100
592 1850 100
592 1935 100
593 1660 100
594 689 100
594 827 100
594 1583 100
595 332 100
595 946 100
596 191 100
596 539 100
596 783 100
596 1777 100
597 370 100
597 1035 100
597 1156 100
598 791 100
599 1216 100
599 1570 100
599 1842 100
600 24 100
600 359 100
601 461 100
601 1757 100
602 986 100
602 1062 100
602 1217 100
602 1486 100
602 1504 100
602 1615 100
603 218 100
603 403 100
603 1413 100
604 326 100
604 676 100
604 1023 100
604 1133 100
604 1306 100
604 1503 100
605 280 100
605 1352 100
606 986 100
606 1033 100
606 1471 100
607 471 100
607 747 100
607 1052 100
607 1909 100
608 1395 100
609 323 100
609 637 100
609 880 100
609 1563 100
609 1695 100
609 1736 100
609 1749 100
610 414 100
611 715 100
611 1048 100
611 1401 100
611 1730 100
611 1773 100
612 289 100
612 977 100
612 1292 100
612 1425 100
613 786 100
613 1312 100
613 1473 100
614 228 100
614 295 100
614 687 100
614 992 100
615 656 100
615 778 100
615 1561 100
615 1603 100
615 1817 100
616 639 100
616 1081 100
617 43 100
617 1467 100
618 189 100
618 670 100
618 1528 100
618 1551 100
618 1901 100
619 349 100
619 900 100
620 310 100
620 529 100
620 576 100
620 794 100
620 817 100
620 1434 100
621 204 100
621 1180 100
621 1263 100
621 1395 100
622 461 100
622 593 100
622 652 100
622 1443 100
623 332 100
623 1219 100
625 15 100
625 29 100
625 753 100
625 1807 100
626 140 100
627 26 100
627 587 100
628 687 100
628 964 100
629 581 100
629 860 100
629 1084 100
630 591 100
631 1029 100
631 1383 100
631 1787 100
631 1799 100
631 1892 100
631 1964 100
632 1223 100
632 1351 100
632 1903 100
633 147 100
633 996 100
633 1451 100
634 95 100
634 490 100
634 849 100
635 636 100
635 1478 100
635 1778 100
635 1803 100
636 1215 100
636 1500 100
637 350 100
637 1046 100
637 1668 100
638 79 100
638 229 100
638 1069 100
638 1280 100
639 189 100
639 682 100
639 1258 100
640 1398 100
640 1412 100
640 1732 100
640 1896 100
641 1604 100
642 530 100
642 1013 100
644 690 100
644 1032 100
644 1266 100
645 1903 100
645 1946 100
646 660 100
646 666 100
646 712 100
646 809 100
646 937 100
646 1042 100
647 745 100
647 1029 100
647 1556 100
648 207 100
649 58 100
649 108 100
649 1322 100
649 1436 100
649 1777 100
650 98 100
650 905 100
650 1583 100
651 190 100
651 322 100
651 352 100
651 1408 100
651 1458 100
651 1867 100
651 1923 100
651 1952 100
652 782 100
652 882 100
652 1012 100
653 6 100
653 1187 100
653 1598 100
654 103 100
654 386 100
654 1277 100
654 1835 100
655 878 100
655 1011 100
655 1798 100
655 1944 100
656 727 100
656 749 100
657 1263 100
657 1403 100
658 430 100
658 565 100
658 939 100
658 1660 100
658 1989 100
659 251 100
659 867 100
659 937 100
659 1316 100
660 121 100
660 535 100
660 869 100
660 1336 100
661 41 100
661 305 100
661 1837 100
662 65 100
662 136 100
662 238 100
662 277 100
663 561 100
663 953 100
663 1161 100
663 1468 100
663 1554 100
663 1597 100
664 767 100
664 1089 100
664 1157 100
665 370 100
665 604 100
666 716 100
666 1649 100
666 1738 100
667 377 100
667 703 100
667 973 100
667 1468 100
667 1700 100
668 499 100
669 60 100
669 442 100
671 271 100
671 523 100
672 783 100
672 1337 100
672 1353 100
673 503 100
673 1926 100
673 1977 100
674 413 100
674 1920 100
675 277 100
675 1529 100
675 1883 100
676 429 100
677 940 100
677 1332 100
677 1487 100
677 1801 100
677 1899 100
678 777 100
679 490 100
680 1194 100
680 1221 100
680 1561 100
681 1660 100
682 386 100
682 910 100
682 927 100
682 1245 100
682 1649 100
682 1794 100
683 202 100
683 1415 100
683 1416 100
683 1822 100
683 1860 100
683 1936 100
684 898 100
684 1181 100
684 1288 100
684 1475 100
685 250 100
685 820 100
685 943 100
686 135 100
686 210 100
686 958 100
686 1368 100
686 1465 100
686 1510 100
686 1536 100
687 130 100
687 753 100
687 1772 100
687 1910 100
688 252 100
688 1036 100
689 812 100
689 1320 100
689 1411 100
689 1984 100
690 701 100
690 1771 100
691 391 100
691 714 100
691 774 100
691 1045 100
691 1421 100
691 1554 100
691 1671 100
691 1773 100
692 44 100
692 590 100
692 1329 100
692 1935 100
693 697 100
693 1225 100
693 1432 100
694 459 100
694 555 100
694 1932 100
695 458 100
697 230 100
697 563 100
697 1469 100
697 1623 100
697 1681 100
698 530 100
698 579 100
698 660 100
698 892 100
698 1122 100
698 1284 100
698 1613 100
698 1675 100
699 183 100
699 687 100
699 989 100
699 1482 100
700 451 100
700 990 100
700 1201 100
700 1508 100
701 321 100
701 799 100
701 1546 100
701 1567 100
701 1639 100
702 1765 100
702 1965 100
703 96 100
703 416 100
703 593 100
703 701 100
703 996 100
703 1195 100
704 976 100
704 1131 100
704 1313 100
705 879 100
707 598 100
707 779 100
707 1300 100
707 1387 100
707 1987 100
708 315 100
708 865 100
709 414 100
709 468 100
709 1119 100
709 1486 100
710 256 100
710 306 100
711 241 100
711 445 100
711 777 100
711 1393 100
712 113 100
712 205 100
712 807 100
712 958 100
712 1006 100
713 6 100
713 203 100
713 936 100
713 1433 100
713 1471 100
714 218 100
714 1016 100
714 1029 100
714 1105 100
714 1288 100
715 279 100
715 1588 100
716 1146 100
716 1741 100
717 596 100
717 1524 100
718 184 100
719 144 100
719 304 100
719 649 100
719 1021 100
720 313 100
720 768 100
720 1207 100
720 1379 100
720 1434 100
720 1857 100
721 199 100
721 264 100
721 459 100
721 883 100
722 818 100
722 1860 100
722 1965 100
723 255 100
723 862 100
723 1084 100
723 1679 100
724 899 100
724 1005 100
724 1155 100
724 1302 100
725 1343 100
725 1563 100
726 74 100
726 147 100
726 1169 100
726 1449 100
726 1476 100
728 303 100
728 410 100
728 1325 100
729 874 100
729 1734 100
729 1741 100
729 1742 100
730 887 100
730 1001 100
730 1127 100
730 1357 100
730 1820 100
731 644 100
732 8 100
732 768 100
732 1306 100
732 1519 100
733 98 100
733 354 100
733 897 100
733 1053 100
733 1691 100
733 1869 100
735 228 100
735 518 100
735 837 100
735 951 100
735 1902 100
736 877 100
736 1965 100
737 1117 100
737 1241 100
738 560 100
738 578 100
738 688 100
738 813 100
739 985 100
739 1015 100
739 1375 100
739 1605 100
740 1149 100
740 1547 100
740 1954 100
741 228 100
741 754 100
741 937 100
741 1373 100
741 1399 100
741 1692 100
742 178 100
742 253 100
742 1292 100
743 771 100
743 1085 100
744 1478 100
745 18 100
746 153 100
746 155 100
746 465 100
747 313 100
747 751 100
747 1591 100
747 1889 100
748 559 100
748 1888 100
749 368 100
749 649 100
749 972 100
749 1536 100
750 84 100
750 171 100
750 175 100
750 424 100
750 1310 100
751 387 100
751 490 100
751 1191 100
751 1743 100
752 1251 100
752 1538 100
752 1610 100
753 1169 100
753 1396 100
753 1678 100
754 252 100
754 370 100
754 1415 100
754 1429 100
754 1469 100
755 675 100
755 1369 100
756 453 100
757 801 100
757 893 100
758 334 100
758 776 100
758 1755 100
759 770 100
760 1162 100
760 1429 100
761 838 100
763 771 100
763 1914 100
763 1951 100
764 596 100
764 786 100
765 1048 100
765 1177 100
765 1448 100
766 1785 100
767 1383 100
767 1845 100
767 1996 100
768 820 100
768 1130 100
768 1455 100
768 1638 100
768 1793 100
768 1976 100
769 57 100
769 82 100
769 814 100
770 9 100
770 266 100
771 464 100
771 1655 100
771 1656 100
773 1444 100
773 1950 100
774 204 100
774 289 100
775 532 100
775 1223 100
775 1346 100
775 1828 100
775 1832 100
776 552 100
776 686 100
776 912 100
776 1680 100
777 45 100
777 262 100
777 1571 100
777 1577 100
779 915 100
779 1769 100
779 1808 100
780 267 100
780 1144 100
781 641 100
781 691 100
781 981 100
782 890 100
782 1647 100
782 1731 100
782 1797 100
784 102 100
785 221 100
785 1311 100
786 1292 100
786 1408 100
787 279 100
787 1346 100
787 1370 100
787 1644 100
788 584 100
788 1035 100
788 1228 100
789 788 100
789 1256 100
789 1315 100
789 1891 100
790 467 100
790 485 100
790 717 100
790 995 100
790 1703 100
790 1791 100
791 35 100
791 614 100
791 676 100
791 1773 100
791 1972 100
792 157 100
792 887 100
792 1961 100
793 443 100
793 555 100
793 599 100
793 764 100
793 1418 100
793 1639 100
794 1436 100
794 1557 100
794 1652 100
794 1841 100
795 238 100
795 560 100
795 794 100
795 1489 100
796 415 100
796 526 100
796 1150 100
796 1232 100
796 1392 100
796 1764 100
796 1909 100
797 246 100
797 680 100
797 818 100
797 1300 100
799 397 100
799 1182 100
799 1232 100
800 133 100
800 1172 100
800 1724 100
800 1733 100
801 95 100
801 303 100
801 643 100
801 1429 100
803 1337 100
804 43 100
804 1091 100
805 393 100
805 727 100
805 1113 100
805 1546 100
805 1749 100
806 868 100
806 1174 100
806 1534 100
807 438 100
807 462 100
807 468 100
807 1579 100
808 1470 100
808 1705 100
809 968 100
809 1699 100
809 1936 100
809 1954 100
811 724 100
811 1557 100
811 1797 100
811 1918 100
811 1932 100
812 439 100
812 702 100
812 1162 100
813 489 100
813 1383 100
813 1845 100
815 301 100
816 675 100
816 886 100
816 922 100
817 159 100
817 394 100
817 507 100
817 1435 100
818 270 100
818 1587 100
819 893 100
819 1119 100
819 1215 100
819 1771 100
820 1110 100
820 1695 100
821 153 100
821 361 100
821 763 100
822 310 100
822 387 100
823 15 100
823 528 100
823 1105 100
824 71 100
824 1139 100
824 1270 100
824 1764 100
825 1079 100
826 1482 100
826 1897 100
827 498 100
828 153 100
828 1299 100
828 1871 100
828 1940 100
828 1974 100
829 22 100
829 218 100
829 1608 100
829 1982 100
830 738 100
830 855 100
830 1465 100
831 897 100
831 1284 100
831 1683 100
833 1372 100
833 1538 100
833 1622 100
834 153 100
834 1143 100
835 338 100
835 1233 100
835 1578 100
835 1875 100
835 1896 100
836 1273 100
836 1437 100
837 251 100
838 58 100
838 484 100
838 1418 100
839 177 100
839 398 100
840 175 100
840 587 100
840 768 100
840 965 100
840 1800 100
841 1082 100
841 1626 100
842 747 100
842 895 100
842 1623 100
843 1258 100
843 1531 100
843 1759 100
843 1864 100
844 1014 100
844 1421 100
844 1493 100
844 1503 100
845 1248 100
845 1833 100
846 423 100
847 873 100
847 1524 100
848 32 100
848 791 100
849 716 100
849 1367 100
849 1982 100
850 255 100
850 982 100
850 1210 100
850 1418 100
851 144 100
851 218 100
851 720 100
851 1533 100
852 173 100
852 342 100
852 402 100
852 1038 100
853 242 100
853 927 100
853 1702 100
853 1773 100
854 845 100
854 903 100
854 1478 100
854 1873 100
854 1973 100
855 0 100
855 195 100
855 893 100
855 1198 100
856 702 100
856 870 100
857 16 100
857 563 100
858 59 100
858 185 100
859 638 100
859 1535 100
859 1605 100
860 897 100
860 1086 100
860 1516 100
861 1778 100
862 68 100
862 476 100
862 599 100
862 1801 100
862 1864 100
863 191 100
863 500 100
863 1026 100
864 253 100
864 1950 100
865 558 100
866 923 100
866 1060 100
866 1713 100
867 22 100
867 172 100
868 548 100
868 616 100
869 574 100
869 938 100
869 1760 100
870 716 100
870 1392 100
870 1575 100
871 945 100
871 1604 100
873 164 100
873 927 100
873 1029 100
873 1302 100
873 1311 100
873 1731 100
873 1766 100
874 552 100
874 634 100
874 690 100
874 887 100
874 911 100
874 1627 100
874 1667 100
875 523 100
875 784 100
876 298 100
876 473 100
876 1197 100
876 1707 100
876 1908 100
877 1394 100
877 1460 100
877 1540 100
878 395 100
879 762 100
880 487 100
881 951 100
881 1585 100
882 759 100
882 1616 100
883 620 100
883 662 100
883 1051 100
884 119 100
884 922 100
885 20 100
885 1459 100
885 1523 100
885 1944 100
886 1726 100
886 1912 100
887 466 100
888 195 100
888 275 100
888 306 100
888 388 100
888 1345 100
888 1371 100
889 522 100
889 1855 100
889 1879 100
890 41 100
890 996 100
890 1101 100
891 862 100
891 1885 100
892 276 100
892 1112 100
892 1993 100
893 188 100
893 861 100
893 998 100
893 1501 100
893 1987 100
894 25 100
894 1553 100
895 413 100
895 480 100
895 484 100
895 977 100
895 1195 100
897 30 100
897 630 100
897 1765 100
898 459 100
898 674 100
899 1767 100
900 24 100
900 536 100
900 612 100
900 895 100
901 439 100
901 786 100
901 887 100
901 974 100
901 1332 100
901 1916 100
902 1604 100
903 475 100
903 495 100
903 894 100
903 1185 100
904 267 100
904 455 100
904 662 100
904 875 100
904 1216 100
905 269 100
905 493 100
907 944 100
907 1310 100
908 506 100
908 570 100
908 711 100
908 1640 100
908 1684 100
909 840 100
909 1494 100
909 1837 100
910 711 100
911 633 100
912 1582 100
912 1969 100
913 960 100
914 142 100
914 439 100
914 681 100
914 684 100
914 1442 100
914 1463 100
914 1789 100
915 1 100
915 583 100
916 399 100
916 514 100
916 1256 100
916 1274 100
917 1479 100
918 215 100
918 480 100
918 1654 100
918 1898 100
920 53 100
920 1422 100
921 20 100
921 250 100
921 1027 100
921 1754 100
921 1790 100
921 1791 100
921 1977 100
922 374 100
922 1248 100
922 1394 100
923 1329 100
924 367 100
925 999 100
925 1967 100
926 5 100
926 984 100
927 109 100
927 329 100
927 1343 100
927 1600 100
928 91 100
928 1343 100
929 776 100
930 365 100
930 1274 100
931 505 100
931 1176 100
932 1712 100
933 1075 100
933 1707 100
934 6 100
935 555 100
935 1077 100
935 1456 100
935 1753 100
936 62 100
936 472 100
936 505 100
936 620 100
936 815 100
936 1404 100
936 1801 100
937 37 100
937 1718 100
938 236 100
938 248 100
938 381 100
938 1283 100
939 88 100
939 1327 100
939 1523 100
939 1997 100
940 534 100
940 1558 100
940 1596 100
940 1629 100
941 16 100
941 1929 100
942 926 100
942 1181 100
942 1263 100
943 169 100
943 317 100
943 321 100
943 340 100
943 1174 100
944 174 100
944 370 100
944 574 100
944 701 100
944 884 100
944 1189 100
945 160 100
946 241 100
946 808 100
946 1134 100
946 1180 100
946 1395 100
946 1749 100
947 303 100
947 1624 100
947 1660 100
947 1721 100
948 18 100
948 545 100
948 1154 100
948 1865 100
949 78 100
949 245 100
949 600 100
949 689 100
949 1241 100
950 1053 100
950 1186 100
950 1237 100
951 1062 100
951 1720 100
951 1846 100
953 628 100
954 187 100
956 36 100
956 897 100
956 1317 100
956 1936 100
957 560 100
958 59 100
958 263 100
958 769 100
958 1533 100
960 1059 100
960 1496 100
960 1518 100
961 744 100
961 1881 100
962 21 100
962 139 100
963 3 100
963 777 100
963 1997 100
965 887 100
966 97 100
966 618 100
967 211 100
967 1420 100
967 1428 100
969 587 100
969 936 100
969 1992 100
970 551 100
970 1023 100
970 1073 100
970 1084 100
970 1849 100
971 354 100
971 1117 100
972 839 100
974 613 100
975 193 100
975 1010 100
975 1869 100
976 798 100
976 1703 100
976 1790 100
976 1854 100
977 897 100
977 1976 100
978 662 100
978 973 100
979 324 100
980 963 100
980 1591 100
981 222 100
981 742 100
981 823 100
981 1800 100
982 8 100
982 377 100
982 400 100
982 607 100
982 682 100
982 1143 100
982 1157 100
982 1666 100
983 394 100
983 893 100
983 990 100
983 1123 100
983 1733 100
983 1868 100
983 1949 100
984 637 100
984 1692 100
985 329 100
985 505 100
985 701 100
985 730 100
986 997 100
986 1448 100
987 260 100
987 550 100
987 698 100
987 992 100
987 1024 100
987 1720 100
988 815 100
989 306 100
989 927 100
989 976 100
990 436 100
990 1524 100
990 1608 100
991 97 100
991 566 100
991 985 100
991 1145 100
992 3 100
992 583 100
992 619 100
992 1002 100
992 1586 100
993 50 100
993 605 100
993 643 100
993 1902 100
994 849 100
994 1079 100
994 1907 100
995 715 100
995 1040 100
996 533 100
996 769 100
998 404 100
998 416 100
998 458 100
998 1505 100
998 1736 100
999 350 100
999 1837 100
1000 741 100
1001 510 100
1001 812 100
1001 1111 100
1002 1952 100
1003 272 100
1003 1087 100
1003 1343 100
1004 703 100
1004 1047 100
1004 1292 100
1004 1319 100
1004 1371 100
1004 1698 100
1005 388 100
1005 1581 100
1005 1890 100
1006 1151 100
1007 752 100
1007 776 100
1007 827 100
1008 1728 100
1008 1803 100
1008 1874 100
1008 1885 100
1009 871 100
1009 875 100
1010 384 100
1011 1117 100
1012 557 100
1012 819 100
1013 337 100
1013 477 100
1013 799 100
1013 914 100
1013 1492 100
1013 1807 100
1014 880 100
1014 1933 100
1015 1192 100
1015 1797 100
1015 1949 100
1016 113 100
1016 336 100
1016 1660 100
1017 684 100
1017 1130 100
1018 765 100
1018 1342 100
1018 1830 100
1019 404 100
1019 896 100
1019 1876 100
1020 306 100
1020 355 100
1020 848 100
1020 1147 100
1020 1198 100
1020 1215 100
1021 1590 100
1022 1405 100
1023 1554 100
1024 406 100
1024 597 100
1024 934 100
1024 1208 100
1025 75 100
1025 335 100
1025 1054 100
1025 1136 100
1026 149 100
1026 1665 100
1027 29 100
1027 560 100
1027 719 100
1027 1628 100
1028 353 100
1028 1002 100
1028 1352 100
1028 1590 100
1029 930 100
1030 280 100
1030 518 100
1030 800 100
1030 1015 100
1030 1709 100
1030 1719 100
1030 1952 100
1031 280 100
1032 100 100
1032 882 100
1032 1205 100
1032 1251 100
1033 1626 100
1034 758 100
1034 910 100
1034 1083 100
1034 1956 100
1035 41 100
1035 570 100
1035 1339 100
1036 1368 100
1036 1790 100
1037 33 100
1037 305 100
1037 882 100
1037 960 100
1037 1279 100
1037 1860 100
1038 28 100
1038 1406 100
1038 1615 100
1038 1839 100
1039 355 100
1039 376 100
1039 1612 100
1040 183 100
1042 611 100
1043 20 100
1043 622 100
1043 684 100
1043 1080 100
1044 1853 100
1044 1977 100
1045 704 100
1045 807 100
1045 894 100
1045 1305 100
1045 1805 100
1046 744 100
1046 1432 100
1047 909 100
1047 1492 100
1047 1583 100
1048 18 100
1048 129 100
1049 201 100
1051 123 100
1051 1961 100
1052 445 100
1053 884 100
1055 45 100
1055 396 100
1055 762 100
1055 1106 100
1055 1163 100
1055 1397 100
1055 1652 100
1056 560 100
1056 1315 100
1056 1879 100
1057 885 100
1057 1485 100
1057 1757 100
1058 310 100
1058 398 100
1058 1150 100
1058 1322 100
1058 1545 100
1058 1778 100
1059 84 100
1059 668 100
1059 794 100
1059 961 100
1059 1168 100
1059 1529 100
1060 1248 100
1061 300 100
1061 413 100
1061 1490 100
1061 1865 100
1062 722 100
1062 783 100
1062 999 100
1062 1361 100
1062 1447 100
1063 653 100
1063 1226 100
1063 1547 100
1063 1614 100
1064 568 100
1064 1759 100
1065 356 100
1065 1061 100
1065 1380 100
1067 140 100
1067 303 100
1067 1239 100
1067 1446 100
1067 1973 100
1068 1523 100
1069 394 100
1069 1138 100
1070 1592 100
1071 1121 100
1071 1413 100
1071 1773 100
1072 1073 100
1073 306 100
1073 794 100
1073 897 100
1073 1029 100
1073 1603 100
1073 1982 100
1074 277 100
1074 689 100
1074 937 100
1074 1371 100
1074 1557 100
1074 1767 100
1074 1815 100
1075 505 100
1075 593 100
1075 628 100
1075 847 100
1075 1138 100
1075 1356 100
1076 223 100
1076 232 100
1076 550 100
1076 1426 100
1076 1538 100
1077 825 100
1078 1250 100
1078 1510 100
1078 1941 100
1079 1392 100
1079 1518 100
1079 1561 100
1079 1727 100
1080 125 100
1080 425 100
1080 1058 100
1080 1181 100
1080 1264 100
1080 1301 100
1080 1409 100
1080 1621 100
1081 756 100
1081 1297 100
1081 1953 100
1082 0 100
1082 414 100
1082 740 100
1082 1644 100
1084 306 100
1085 404 100
1085 1115 100
1085 1303 100
1085 1885 100
1086 389 100
1086 918 100
1086 1840 100
1087 992 100
1087 1706 100
1089 24 100
1089 114 100
1089 831 100
1089 1145 100
1089 1342 100
1090 540 100
1090 1042 100
1092 165 100
1092 635 100
1092 1230 100
1092 1452 100
1093 981 100
1095 553 100
1095 604 100
1095 881 100
1095 1029 100
1096 511 100
1097 46 100
1097 471 100
1097 631 100
1097 909 100
1098 49 100
1098 1309 100
1099 212 100
1099 1870 100
1100 656 100
1100 1329 100
1100 1516 100
1101 769 100
1102 229 100
1102 307 100
1102 492 100
1102 578 100
1102 715 100
1102 1624 100
1103 270 100
1103 1208 100
1103 1384 100
1104 1415 100
1105 1610 100
1106 1085 100
1108 490 100
1109 388 100
1109 1233 100
1109 1798 100
1110 7 100
1110 26 100
1110 720 100
1110 1208 100
1110 1803 100
1111 1543 100
1113 171 100
1113 175 100
1113 1070 100
1113 1936 100
1114 425 100
1115 523 100
1116 981 100
1117 1544 100
1118 357 100
1118 1567 100
1119 954 100
1120 1392 100
1120 1711 100
1121 137 100
1121 355 100
1121 828 100
1121 1815 100
1121 1859 100
1122 154 100
1122 163 100
1122 449 100
1122 728 100
1122 1387 100
1123 79 100
1123 609 100
1123 1935 100
1124 15 100
1124 1169 100
1124 1552 100
1124 1928 100
1125 546 100
1125 772 100
1126 102 100
1127 40 100
1128 1727 100
1129 497 100
1129 1231 100
1130 177 100
1130 296 100
1130 793 100
1130 1348 100
1131 271 100
1131 1134 100
1133 958 100
1134 736 100
1134 846 100
1134 929 100
1135 1335 100
1135 1454 100
1136 318 100
1136 1017 100
1136 1989 100
1138 35 100
1138 548 100
1138 872 100
1138 906 100
1138 1445 100
1138 1918 100
1139 40 100
1139 259 100
1139 524 100
1139 1042 100
1139 1790 100
1140 760 100
1140 1421 100
1140 1649 100
1140 1926 100
1141 142 100
1141 1628 100
1142 42 100
1142 194 100
1142 1982 100
1143 1485 100
1143 1880 100
1144 1116 100
1144 1175 100
1144 1515 100
1144 1678 100
1145 1275 100
1146 373 100
1146 876 100
1148 331 100
1148 804 100
1148 1149 100
1149 479 100
1149 779 100
1149 1596 100
1150 621 100
1150 860 100
1151 191 100
1152 890 100
1152 1568 100
1153 850 100
1153 1072 100
1153 1225 100
1153 1760 100
1154 14 100
1154 735 100
1156 539 100
1156 1127 100
1156 1482 100
1156 1992 100
1157 157 100
1157 713 100
1157 1193 100
1157 1733 100
1157 1988 100
1158 437 100
1159 265 100
1159 1052 100
1159 1329 100
1159 1889 100
1160 16 100
1160 1040 100
1161 874 100
1161 974 100
1161 1523 100
1161 1603 100
1161 1705 100
1162 909 100
1162 1894 100
1163 1111 100
1163 1200 100
1164 186 100
1164 424 100
1164 618 100
1164 731 100
1164 741 100
1164 1188 100
1165 528 100
1165 1856 100
1166 255 100
1166 461 100
1166 898 100
1166 1477 100
1167 25 100
1167 1008 100
1167 1042 100
1167 1527 100
1167 1760 100
1167 1952 100
1168 1353 100
1168 1573 100
1168 1644 100
1168 1706 100
1168 1990 100
1169 1060 100
1169 1641 100
1170 1693 100
1171 207 100
1171 702 100
1172 249 100
1172 420 100
1173 41 100
1173 161 100
1173 358 100
1173 1225 100
1174 1458 100
1174 1662 100
1174 1841 100
1174 1923 100
1175 1220 100
1175 1551 100
1175 1580 100
1176 70 100
1177 1398 100
1178 27 100
1178 208 100
1178 1103 100
1178 1921 100
1179 493 100
1179 1020 100
1179 1437 100
1179 1779 100
1180 107 100
1180 540 100
1180 799 100
1180 1083 100
1181 178 100
1181 1553 100
1182 502 100
1182 525 100
1182 1708 100
1183 822 100
1183 845 100
1183 849 100
1183 1747 100
1184 1125 100
1184 1227 100
1184 1244 100
1185 80 100
1185 231 100
1185 1007 100
1186 531 100
1186 1907 100
1186 1943 100
1187 994 100
1187 1022 100
1187 1025 100
1187 1032 100
1187 1326 100
1187 1475 100
1188 1552 100
1189 785 100
1189 830 100
1189 1069 100
1190 130 100
1190 538 100
1190 726 100
1190 924 100
1190 1438 100
1190 1640 100
1190 1665 100
1191 445 100
1192 74 100
1192 818 100
1193 221 100
1193 535 100
1193 668 100
1193 929 100
1194 1162 100
1195 871 100
1195 1108 100
1196 545 100
1196 565 100
1196 943 100
1196 1232 100
1196 1261 100
1196 1712 100
1197 129 100
1197 761 100
1197 1178 100
1197 1970 100
1198 162 100
1198 910 100
1198 1495 100
1199 54 100
1199 1329 100
1199 1433 100
1200 413 100
1200 1390 100
1200 1532 100
1201 963 100
1201 1030 100
1201 1560 100
1201 1649 100
1202 217 100
1202 547 100
1202 709 100
1202 841 100
1202 1431 100
1202 1649 100
1204 1161 100
1204 1190 100
1204 1893 100
1205 284 100
1205 1937 100
1206 580 100
1206 664 100
1206 689 100
1206 770 100
1206 1226 100
1206 1565 100
1206 1610 100
1207 187 100
1209 693 100
1210 614 100
1210 993 100
1210 1356 100
1211 60 100
1211 1326 100
1211 1634 100
1212 527 100
1212 910 100
1212 1912 100
1213 76 100
1213 1919 100
1214 1565 100
1214 1632 100
1214 1796 100
1216 714 100
1216 787 100
1217 74 100
1217 294 100
1217 742 100
1217 1137 100
1217 1445 100
1218 761 100
1219 1057 100
1219 1520 100
1219 1656 100
1220 9 100
1220 984 100
1220 1586 100
1221 23 100
1221 614 100
1221 742 100
1222 1006 100
1222 1715 100
1223 804 100
1223 1499 100
1224 59 100
1224 385 100
1224 1955 100
1225 324 100
1225 688 100
1225 755 100
1225 1539 100
1225 1844 100
1226 74 100
1226 601 100
1226 1651 100
1228 1770 100
1228 1840 100
1228 1881 100
1229 1248 100
1229 1579 100
1230 1303 100
1230 1519 100
1231 455 100
1231 1382 100
1232 1496 100
1233 198 100
1233 873 100
1233 1382 100
1234 93 100
1234 712 100
1234 1942 100
1235 916 100
1235 1149 100
1236 27 100
1236 1342 100
1237 1184 100
1237 1395 100
1238 46 100
1238 1452 100
1238 1675 100
1239 123 100
1239 261 100
1239 339 100
1239 1419 100
1240 282 100
1240 317 100
1240 1444 100
1241 457 100
1241 1198 100
1242 933 100
1242 1765 100
1243 77 100
1243 274 100
1243 345 100
1243 378 100
1243 1049 100
1243 1434 100
1243 1723 100
1243 1847 100
1243 1917 100
1244 1543 100
1244 1621 100
1245 122 100
1245 1160 100
1245 1226 100
1245 1956 100
1247 1724 100
1248 104 100
1249 303 100
1249 505 100
1249 1115 100
1249 1556 100
1249 1711 100
1250 97 100
1251 1295 100
1251 1335 100
1252 239 100
1252 722 100
1252 1157 100
1252 1397 100
1252 1698 100
1252 1769 100
1252 1886 100
1253 447 100
1253 901 100
1253 1418 100
1253 1706 100
1253 1769 100
1253 1955 100
1253 1961 100
1254 1574 100
1255 387 100
1256 346 100
1256 363 100
1256 704 100
1256 842 100
1256 910 100
1256 1192 100
1256 1464 100
1258 340 100
1258 1549 100
1259 961 100
1259 1051 100
1260 186 100
1260 416 100
1260 663 100
1261 1083 100
1261 1191 100
1261 1638 100
1261 1676 100
1262 81 100
1262 92 100
1262 791 100
1263 37 100
1263 988 100
1263 1110 100
1263 1216 100
1263 1945 100
1264 19 100
1264 600 100
1264 1395 100
1264 1854 100
1265 1631 100
1266 18 100
1266 849 100
1266 966 100
1266 1311 100
1266 1768 100
1267 54 100
1268 169 100
1268 257 100
1269 314 100
1269 467 100
1269 834 100
1269 925 100
1269 971 100
1269 1512 100
1270 1045 100
1270 1785 100
1270 1948 100
1271 28 100
1271 970 100
1271 983 100
1271 1165 100
1272 187 100
1272 889 100
1272 1211 100
1272 1447 100
1272 1524 100
1272 1759 100
1273 1219 100
1273 1756 100
1273 1997 100
1274 194 100
1274 713 100
1274 1986 100
1274 1993 100
1275 244 100
1275 754 100
1275 1138 100
1275 1451 100
1275 1642 100
1275 1853 100
1276 71 100
1276 373 100
1276 1898 100
1277 96 100
1277 365 100
1278 461 100
1278 782 100
1278 1621 100
1279 157 100
1279 817 100
1281 427 100
1281 757 100
1281 822 100
1281 1561 100
1281 1650 100
1282 462 100
1282 792 100
1282 1944 100
1283 29 100
1283 1449 100
1284 1874 100
1285 128 100
1285 341 100
1285 512 100
1285 843 100
1285 1256 100
1285 1827 100
1287 500 100
1287 899 100
1287 938 100
1287 1967 100
1288 134 100
1288 486 100
1288 589 100
1288 603 100
1288 862 100
1288 1058 100
1289 1581 100
1289 1627 100
1290 91 100
1290 154 100
1290 303 100
1291 1089 100
1291 1151 100
1291 1233 100
1292 782 100
1292 1464 100
1293 1173 100
1293 1554 100
1293 1916 100
1294 1634 100
1296 139 100
1296 539 100
1297 91 100
1297 563 100
1297 1953 100
1298 268 100
1298 374 100
1298 1888 100
1298 1941 100
1299 206 100
1299 738 100
1299 851 100
1300 437 100
1300 1866 100
1301 791 100
1303 785 100
1303 1078 100
1303 1595 100
1305 1079 100
1306 1092 100
1306 1901 100
1307 461 100
1307 785 100
1308 536 100
1308 815 100
1308 954 100
1309 312 100
1310 1896 100
1311 1033 100
1311 1252 100
1312 289 100
1312 728 100
1312 1226 100
1312 1635 100
1313 1570 100
1314 347 100
1314 479 100
1314 496 100
1314 619 100
1314 956 100
1315 14 100
1315 254 100
1315 551 100
1315 556 100
1315 1786 100
1315 1932 100
1316 599 100
1316 1408 100
1317 571 100
1317 988 100
1317 1601 100
1318 400 100
1318 741 100
1318 1148 100
1319 1425 100
1320 212 100
1320 320 100
1320 364 100
1320 1321 100
1320 1804 100
1320 1929 100
1321 515 100
1321 997 100
1321 1561 100
1322 743 100
1324 43 100
1324 804 100
1324 915 100
1324 1207 100
1324 1297 100
1325 177 100
1325 1564 100
1325 1597 100
1325 1878 100
1326 48 100
1326 200 100
1326 438 100
1326 1119 100
1326 1190 100
1326 1666 100
1326 1724 100
1326 1912 100
1327 1800 100
1328 123 100
1328 1434 100
1328 1582 100
1328 1938 100
1329 1188 100
1329 1279 100
1329 1414 100
1329 1965 100
1330 134 100
1330 744 100
1331 417 100
1331 1377 100
1331 1607 100
1331 1746 100
1332 562 100
1332 610 100
1333 166 100
1333 765 100
1333 1726 100
1333 1819 100
1333 1927 100
1335 1166 100
1335 1300 100
1336 458 100
1336 550 100
1336 1429 100
1336 1826 100
1337 710 100
1337 794 100
1337 1013 100
1337 1341 100
1338 1013 100
1338 1215 100
1338 1873 100
1339 631 100
1339 1420 100
1340 38 100
1340 861 100
1340 1052 100
1340 1866 100
1341 12 100
1341 67 100
1341 270 100
1341 998 100
1341 1141 100
1341 1242 100
1342 915 100
1342 935 100
1343 692 100
1344 1766 100
1345 721 100
1345 1342 100
1345 1379 100
1345 1717 100
1345 1941 100
1346 494 100
1346 565 100
1346 950 100
1346 1210 100
1346 1269 100
1347 115 100
1347 749 100
1347 910 100
1348 856 100
1348 1410 100
1349 487 100
1350 354 100
1350 680 100
1352 641 100
1352 1059 100
1352 1902 100
1353 649 100
1353 759 100
1353 856 100
1353 1573 100
1353 1856 100
1354 209 100
1354 847 100
1354 1178 100
1354 1529 100
1354 1971 100
1355 411 100
1355 708 100
1356 919 100
1357 280 100
1357 378 100
1357 1082 100
1358 1 100
1358 200 100
1358 838 100
1358 1328 100
1358 1607 100
1358 1698 100
1358 1984 100
1359 749 100
1359 1316 100
1359 1352 100
1360 122 100
1360 825 100
1360 941 100
1361 501 100
1361 839 100
1361 1170 100
1362 1931 100
1363 51 100
1363 551 100
1363 1075 100
1363 1713 100
1364 122 100
1364 136 100
1364 268 100
1364 1593 100
1365 6 100
1365 92 100
1366 655 100
1366 1646 100
1367 1191 100
1367 1245 100
1367 1384 100
1367 1608 100
1369 459 100
1369 701 100
1369 1311 100
1369 1979 100
1370 263 100
1370 457 100
1370 758 100
1370 1580 100
1371 623 100
1371 1113 100
1371 1126 100
1371 1129 100
1371 1201 100
1371 1875 100
1372 1162 100
1372 1260 100
1372 1414 100
1373 286 100
1373 405 100
1373 690 100
1373 1259 100
1373 1515 100
1374 1534 100
1374 1554 100
1374 1809 100
1375 802 100
1375 818 100
1375 1034 100
1375 1204 100
1376 94 100
1376 579 100
1376 1677 100
1376 1748 100
1376 1901 100
1377 187 100
1377 1048 100
1377 1734 100
1378 77 100
1378 1334 100
1379 1352 100
1379 1363 100
1379 1865 100
1380 410 100
1380 596 100
1380 827 100
1380 912 100
1380 1188 100
1381 313 100
1381 876 100
1381 1186 100
1382 667 100
1382 1437 100
1382 1710 100
1382 1747 100
1383 941 100
1383 1072 100
1383 1232 100
1384 1645 100
1384 1842 100
1384 1973 100
1385 453 100
1385 793 100
1385 1439 100
1387 140 100
1387 976 100
1387 1317 100
1388 1141 100
1389 485 100
1389 984 100
1389 1171 100
1390 244 100
1390 395 100
1390 786 100
1390 953 100
1390 1243 100
1390 1962 100
1391 163 100
1391 409 100
1391 457 100
1391 1694 100
1391 1786 100
1391 1960 100
1392 643 100
1392 1036 100
1392 1626 100
1392 1709 100
1393 1268 100
1394 28 100
1394 237 100
1394 783 100
1394 789 100
1395 1901 100
1395 1972 100
1396 1019 100
1396 1827 100
1398 792 100
1399 85 100
1399 736 100
1399 1709 100
1401 1290 100
1401 1428 100
1401 1704 100
1401 1798 100
1402 554 100
1402 1353 100
1403 303 100
1403 1574 100
1404 478 100
1404 1634 100
1405 517 100
1405 1114 100
1405 1463 100
1406 1984 100
1407 88 100
1407 185 100
1407 1718 100
1408 6 100
1408 61 100
1408 368 100
1408 1651 100
1409 102 100
1409 1259 100
1409 1713 100
1410 182 100
1410 1067 100
1410 1360 100
1410 1723 100
1411 10 100
1411 695 100
1411 1821 100
1411 1823 100
1412 559 100
1413 181 100
1413 436 100
1413 623 100
1413 1084 100
1413 1088 100
1413 1579 100
1413 1652 100
1413 1754 100
1414 1617 100
1415 1653 100
1416 166 100
1416 957 100
1416 1571 100
1417 515 100
1417 1744 100
1418 97 100
1418 396 100
1418 442 100
1418 609 100
1418 821 100
1418 1168 100
1419 456 100
1419 619 100
1420 552 100
1420 1546 100
1421 395 100
1421 731 100
1421 1337 100
1421 1919 100
1422 147 100
1422 399 100
1422 1013 100
1423 153 100
1423 633 100
1423 1472 100
1423 1508 100
1423 1583 100
1424 1956 100
1425 1582 100
1426 590 100
1426 1048 100
1426 1100 100
1426 1181 100
1426 1963 100
1427 1360 100
1428 129 100
1428 1746 100
1428 1905 100
1429 8 100
1429 133 100
1429 769 100
1429 811 100
1429 1298 100
1430 1574 100
1431 1077 100
1431 1943 100
1432 1457 100
1433 202 100
1433 1465 100
1433 1849 100
1434 125 100
1435 420 100
1435 1343 100
1435 1800 100
1435 1925 100
1436 337 100
1436 520 100
1436 1098 100
1436 1124 100
1436 1724 100
1436 1986 100
1437 75 100
1437 843 100
1437 1077 100
1437 1794 100
1438 137 100
1438 1066 100
1438 1408 100
1438 1913 100
1439 366 100
1439 419 100
1439 605 100
1439 913 100
1439 947 100
1439 1229 100
1439 1631 100
1439 1962 100
1440 55 100
1440 243 100
1441 286 100
1441 1231 100
1441 1359 100
1441 1539 100
1442 500 100
1443 1215 100
1444 716 100
1444 757 100
1444 1063 100
1444 1125 100
1445 1647 100
1445 1948 100
1446 1521 100
1446 1537 100
1446 1668 100
1447 775 100
1447 1242 100
1447 1446 100
1447 1906 100
1448 196 100
1448 861 100
1448 1124 100
1448 1264 100
1448 1715 100
1448 1797 100
1449 425 100
1449 705 100
1449 897 100
1449 1234 100
1449 1402 100
1449 1531 100
1449 1662 100
1450 125 100
1450 1505 100
1451 131 100
1451 936 100
1451 1475 100
1452 686 100
1452 1596 100
1452 1701 100
1453 544 100
1453 957 100
1453 1319 100
1453 1873 100
1454 273 100
1454 1923 100
1455 459 100
1455 727 100
1455 825 100
1456 323 100
1456 398 100
1456 535 100
1456 1134 100
1456 1147 100
1456 1340 100
1456 1821 100
1457 128 100
1457 944 100
1458 654 100
1458 1169 100
1458 1742 100
1458 1900 100
1459 11 100
1459 432 100
1459 1573 100
1459 1677 100
1459 1715 100
1460 465 100
1460 469 100
1460 648 100
1460 1348 100
1461 384 100
1461 1571 100
1461 1830 100
1461 1843 100
1462 391 100
1462 535 100
1463 33 100
1463 302 100
1463 1514 100
1463 1806 100
1463 1883 100
1465 1057 100
1465 1352 100
1466 209 100
1466 1223 100
1466 1636 100
1466 1733 100
1466 1869 100
1467 869 100
1467 1047 100
1467 1321 100
1467 1430 100
1467 1610 100
1467 1976 100
1468 209 100
1468 962 100
1469 639 100
1469 1066 100
1469 1170 100
1470 1224 100
1470 1746 100
1471 6 100
1471 164 100
1471 198 100
1471 1134 100
1472 179 100
1472 791 100
1472 1043 100
1472 1238 100
1473 497 100
1473 1461 100
1473 1699 100
1474 330 100
1474 430 100
1474 1296 100
1474 1418 100
1474 1461 100
1476 373 100
1476 602 100
1476 1052 100
1476 1360 100
1477 116 100
1477 339 100
1477 419 100
1477 1176 100
1477 1198 100
1478 503 100
1479 502 100
1479 1157 100
1479 1337 100
1480 1926 100
1482 556 100
1482 604 100
1482 610 100
1482 1048 100
1483 621 100
1483 622 100
1483 1398 100
1484 536 100
1484 634 100
1484 1544 100
1485 1498 100
1486 273 100
1486 1066 100
1486 1935 100
1487 16 100
1487 408 100
1487 658 100
1487 926 100
1488 107 100
1488 1794 100
1489 1069 100
1490 113 100
1490 396 100
1490 448 100
1490 1284 100
1490 1668 100
1490 1905 100
1490 1981 100
1491 27 100
1491 374 100
1491 982 100
1491 1012 100
1492 1066 100
1492 1234 100
1492 1300 100
1493 513 100
1493 1145 100
1494 748 100
1494 1268 100
1494 1319 100
1494 1428 100
1494 1809 100
1495 57 100
1495 508 100
1495 906 100
1495 1726 100
1496 609 100
1497 121 100
1497 1303 100
1497 1408 100
1497 1438 100
1498 1729 100
1500 293 100
1501 54 100
1501 72 100
1501 120 100
1502 216 100
1502 586 100
1502 1557 100
1502 1772 100
1503 14 100
1503 305 100
1503 750 100
1503 1548 100
1503 1802 100
1503 1976 100
1504 272 100
1504 532 100
1504 1950 100
1506 1309 100
1507 105 100
1507 253 100
1507 692 100
1508 681 100
1508 1762 100
1509 217 100
1509 253 100
1509 818 100
1509 1415 100
1509 1898 100
1509 1900 100
1510 1017 100
1511 1014 100
1512 1522 100
1514 835 100
1514 1056 100
1514 1667 100
1515 1090 100
1515 1537 100
1516 1250 100
1516 1537 100
1517 862 100
1517 1364 100
1517 1561 100
1517 1771 100
1518 506 100
1519 1118 100
1519 1495 100
1519 1860 100
1520 461 100
1520 802 100
1520 1004 100
1520 1687 100
1521 702 100
1521 727 100
1522 120 100
1522 428 100
1522 862 100
1522 1554 100
1522 1863 100
1523 980 100
1523 997 100
1524 12 100
1524 431 100
1524 494 100
1524 1356 100
1524 1606 100
1525 551 100
1525 574 100
1525 660 100
1525 1427 100
1526 189 100
1526 222 100
1526 1309 100
1526 1928 100
1527 1815 100
1528 801 100
1528 1024 100
1529 1569 100
1529 1885 100
1530 415 100
1530 1868 100
1531 321 100
1532 1442 100
1532 1548 100
1532 1635 100
1533 673 100
1533 1387 100
1536 241 100
1537 243 100
1537 813 100
1537 1776 100
1538 298 100
1538 1736 100
1539 469 100
1539 528 100
1539 545 100
1539 660 100
1539 1551 100
1540 769 100
1541 252 100
1541 362 100
1541 841 100
1541 1215 100
1541 1480 100
1541 1571 100
1541 1655 100
1542 48 100
1542 136 100
1542 1846 100
1543 441 100
1543 632 100
1543 758 100
1543 874 100
1544 7 100
1544 220 100
1544 705 100
1544 1206 100
1544 1333 100
1544 1886 100
1545 511 100
1545 1911 100
1546 1130 100
1546 1415 100
1547 536 100
1547 1032 100
1547 1266 100
1548 280 100
1548 418 100
1549 1080 100
1550 417 100
1550 790 100
1550 1292 100
1550 1337 100
1551 46 100
1551 346 100
1551 442 100
1551 1597 100
1551 1720 100
1551 1734 100
1551 1875 100
1551 1938 100
1552 547 100
1552 1742 100
1552 1915 100
1553 606 100
1553 1139 100
1553 1151 100
1553 1266 100
1554 399 100
1554 1513 100
1555 438 100
1555 960 100
1555 1995 100
1556 551 100
1556 845 100
1556 1465 100
1557 513 100
1557 1406 100
1557 1612 100
1558 559 100
1558 1381 100
1558 1398 100
1558 1487 100
1558 1911 100
1559 108 100
1559 768 100
1559 981 100
1559 1866 100
1560 419 100
1560 1706 100
1561 907 100
1561 1473 100
1563 209 100
1563 1160 100
1564 1055 100
1565 893 100
1565 963 100
1565 1797 100
1566 265 100
1566 461 100
1566 1419 100
1566 1462 100
1566 1673 100
1566 1801 100
1566 1908 100
1567 60 100
1567 571 100
1567 615 100
1567 1229 100
1567 1597 100
1567 1685 100
1568 1236 100
1568 1883 100
1569 385 100
1569 608 100
1569 1146 100
1570 1184 100
1571 30 100
1571 1368 100
1572 18 100
1572 341 100
1572 406 100
1572 1356 100
1573 319 100
1573 1813 100
1574 527 100
1574 795 100
1574 1112 100
1574 1300 100
1574 1429 100
1574 1668 100
1575 83 100
1575 315 100
1576 839 100
1576 975 100
1577 643 100
1577 1354 100
1577 1368 100
1578 424 100
1580 98 100
1580 333 100
1580 748 100
1580 1024 100
1580 1056 100
1580 1815 100
1581 1632 100
1581 1985 100
1582 280 100
1583 370 100
1583 1080 100
1583 1803 100
1584 1082 100
1584 1449 100
1585 275 100
1585 1034 100
1586 870 100
1586 1382 100
1586 1859 100
1586 1860 100
1586 1945 100
1587 196 100
1587 370 100
1587 443 100
1587 543 100
1588 664 100
1589 1305 100
1589 1333 100
1589 1336 100
1589 1478 100
1589 1637 100
1589 1924 100
1590 858 100
1590 1220 100
1590 1376 100
1590 1458 100
1591 6 100
1591 514 100
1591 670 100
1591 838 100
1591 1432 100
1592 234 100
1592 330 100
1592 1133 100
1593 375 100
1593 1351 100
1593 1415 100
1593 1724 100
1593 1864 100
1594 1113 100
1595 1175 100
1596 687 100
1596 1606 100
1597 752 100
1598 547 100
1598 709 100
1598 1063 100
1598 1863 100
1599 449 100
1599 728 100
1599 1149 100
1599 1405 100
1599 1980 100
1600 944 100
1600 1391 100
1600 1536 100
1600 1701 100
1600 1764 100
1601 871 100
1601 1580 100
1601 1885 100
1601 1906 100
1602 393 100
1602 720 100
1602 939 100
1602 1368 100
1603 692 100
1603 1036 100
1604 62 100
1604 822 100
1604 834 100
1604 1360 100
1606 1056 100
1606 1794 100
1607 153 100
1607 219 100
1607 546 100
1607 798 100
1607 1070 100
1608 1775 100
1609 1174 100
1609 1255 100
1610 287 100
1610 380 100
1610 625 100
1610 809 100
1610 1402 100
1611 383 100
1611 542 100
1611 766 100
1611 1960 100
1612 561 100
1612 1452 100
1612 1606 100
1612 1957 100
1613 155 100
1613 878 100
1614 56 100
1614 1870 100
1615 393 100
1615 834 100
1615 1030 100
1615 1066 100
1615 1668 100
1616 578 100
1616 1970 100
1617 152 100
1618 128 100
1618 719 100
1618 945 100
1618 1458 100
1618 1821 100
1619 1233 100
1619 1271 100
1619 1368 100
1619 1626 100
1619 1829 100
1619 1993 100
1620 177 100
1620 498 100
1620 1259 100
1620 1641 100
1620 1847 100
1621 743 100
1621 1189 100
1621 1280 100
1621 1570 100
1621 1573 100
1622 26 100
1622 1894 100
1622 1963 100
1624 1745 100
1624 1927 100
1625 1103 100
1626 402 100
1626 578 100
1626 1101 100
1626 1284 100
1626 1612 100
1626 1863 100
1627 43 100
1627 829 100
1627 948 100
1628 393 100
1628 1122 100
1629 923 100
1629 931 100
1629 1115 100
1629 1833 100
1630 546 100
1630 861 100
1630 985 100
1630 1162 100
1631 571 100
1631 1499 100
1631 1943 100
1632 314 100
1632 873 100
1632 899 100
1632 1233 100
1632 1655 100
1633 77 100
1633 189 100
1633 468 100
1633 1900 100
1634 174 100
1634 259 100
1634 1216 100
1635 744 100
1635 1580 100
1636 1011 100
1636 1532 100
1636 1851 100
1637 165 100
1637 799 100
1637 1552 100
1638 229 100
1638 865 100
1638 905 100
1638 908 100
1638 1754 100
1639 504 100
1639 1328 100
1640 58 100
1640 824 100
1640 1218 100
1640 1297 100
1640 1682 100
1641 1721 100
1642 286 100
1642 759 100
1642 1575 100
1642 1665 100
1643 1247 100
1643 1599 100
1644 1064 100
1645 25 100
1645 1805 100
1646 1817 100
1647 51 100
1647 575 100
1647 825 100
1647 1045 100
1647 1247 100
1648 1057 100
1648 1550 100
1649 280 100
1649 407 100
1649 678 100
1649 795 100
1649 1555 100
1649 1762 100
1650 241 100
1650 1504 100
1650 1721 100
1652 664 100
1652 940 100
1652 1208 100
1653 252 100
1654 1103 100
1654 1227 100
1654 1463 100
1655 864 100
1655 1453 100
1656 413 100
1656 472 100
1656 1009 100
1656 1598 100
1657 153 100
1657 179 100
1657 205 100
1657 276 100
1657 607 100
1657 1159 100
1657 1167 100
1657 1337 100
1658 1223 100
1658 1276 100
1658 1708 100
1658 1946 100
1659 344 100
1659 434 100
1659 516 100
1659 823 100
1659 1240 100
1659 1459 100
1660 220 100
1660 289 100
1660 645 100
1661 193 100
1661 1011 100
1661 1084 100
1661 1394 100
1661 1768 100
1662 166 100
1662 198 100
1662 821 100
1662 947 100
1662 1552 100
1663 135 100
1663 256 100
1663 438 100
1664 282 100
1666 1153 100
1666 1383 100
1666 1685 100
1666 1826 100
1667 260 100
1667 1633 100
1667 1751 100
1668 414 100
1668 596 100
1668 875 100
1668 920 100
1668 1048 100
1668 1780 100
1669 657 100
1669 1166 100
1669 1566 100
1669 1884 100
1670 481 100
1670 839 100
1671 825 100
1671 1413 100
1671 1893 100
1672 1434 100
1672 1609 100
1672 1739 100
1673 707 100
1673 1854 100
1674 94 100
1674 672 100
1674 1147 100
1675 1671 100
1676 57 100
1676 85 100
1676 256 100
1676 429 100
1676 759 100
1676 1071 100
1676 1422 100
1677 18 100
1677 627 100
1677 670 100
1677 673 100
1677 1028 100
1677 1268 100
1678 90 100
1678 962 100
1678 1212 100
1679 86 100
1679 378 100
1679 627 100
1679 996 100
1679 1894 100
1680 49 100
1680 826 100
1680 963 100
1681 228 100
1681 374 100
1681 1502 100
1681 1851 100
1682 949 100
1682 1278 100
1682 1730 100
1683 661 100
1683 1364 100
1684 114 100
1684 297 100
1684 343 100
1684 1720 100
1684 1991 100
1685 399 100
1685 663 100
1685 1816 100
1686 173 100
1686 178 100
1686 403 100
1686 837 100
1686 1054 100
1686 1103 100
1687 349 100
1687 1095 100
1687 1510 100
1688 93 100
1688 670 100
1688 1215 100
1688 1496 100
1689 23 100
1689 510 100
1690 222 100
1690 529 100
1690 594 100
1690 891 100
1690 941 100
1690 1114 100
1690 1360 100
1690 1801 100
1691 72 100
1691 93 100
1691 1410 100
1691 1897 100
1692 310 100
1692 762 100
1692 1039 100
1692 1760 100
1693 1085 100
1693 1632 100
1694 650 100
1694 1461 100
1695 852 100
1695 1641 100
1696 360 100
1696 916 100
1697 323 100
1697 872 100
1697 1057 100
1697 1955 100
1698 252 100
1698 313 100
1698 813 100
1699 371 100
1699 1230 100
1699 1568 100
1700 675 100
1700 1085 100
1700 1598 100
1700 1634 100
1700 1849 100
1701 210 100
1701 1167 100
1701 1345 100
1701 1602 100
1702 1727 100
1703 685 100
1703 936 100
1703 1284 100
1703 1623 100
1703 1709 100
1704 9 100
1705 932 100
1706 718 100
1706 765 100
1706 922 100
1706 1510 100
1707 157 100
1708 168 100
1708 301 100
1708 845 100
1708 1240 100
1708 1378 100
1708 1723 100
1708 1742 100
1709 167 100
1709 389 100
1709 1057 100
1709 1492 100
1709 1800 100
1710 110 100
1710 341 100
1710 684 100
1710 950 100
1710 1070 100
1710 1935 100
1712 176 100
1712 1529 100
1713 59 100
1713 996 100
1713 1885 100
1713 1906 100
1714 172 100
1714 177 100
1714 678 100
1714 1002 100
1715 419 100
1715 991 100
1715 1123 100
1715 1283 100
1715 1677 100
1717 88 100
1717 105 100
1717 1236 100
1717 1463 100
1718 1613 100
1718 1640 100
1719 69 100
1719 627 100
1719 1240 100
1719 1946 100
1720 381 100
1720 773 100
1720 1174 100
1720 1192 100
1720 1212 100
1721 1243 100
1721 1411 100
1723 294 100
1723 400 100
1724 221 100
1724 482 100
1724 516 100
1724 527 100
1724 562 100
1724 1134 100
1724 1834 100
1725 1310 100
1726 626 100
1726 1667 100
1728 805 100
1728 838 100
1728 1192 100
1728 1764 100
1729 369 100
1729 754 100
1729 1273 100
1730 1398 100
1730 1691 100
1730 1956 100
1731 62 100
1731 159 100
1731 1046 100
1731 1073 100
1732 96 100
1732 503 100
1732 1699 100
1732 1972 100
1734 1194 100
1734 1876 100
1735 41 100
1735 267 100
1735 1020 100
1735 1289 100
1735 1985 100
1736 94 100
1736 132 100
1736 892 100
1736 1423 100
1737 275 100
1737 687 100
1737 878 100
1738 687 100
1740 1443 100
1741 420 100
1741 629 100
1742 383 100
1742 514 100
1742 1421 100
1742 1930 100
1743 208 100
1743 1670 100
1743 1810 100
1744 1112 100
1744 1721 100
1745 1432 100
1746 259 100
1746 506 100
1746 828 100
1746 1160 100
1747 287 100
1748 94 100
1748 924 100
1748 1535 100
1749 628 100
1749 1380 100
1749 1593 100
1749 1625 100
1749 1777 100
1750 41 100
1750 752 100
1750 1149 100
1750 1582 100
1750 1688 100
1750 1896 100
1750 1983 100
1751 89 100
1751 336 100
1752 92 100
1752 1009 100
1752 1289 100
1752 1542 100
1752 1662 100
1753 273 100
1753 283 100
1753 1304 100
1755 503 100
1755 768 100
1756 965 100
1756 1068 100
1756 1094 100
1756 1552 100
1756 1626 100
1756 1890 100
1758 687 100
1759 256 100
1759 583 100
1759 906 100
1759 1090 100
1760 752 100
1761 268 100
1761 743 100
1761 1991 100
1762 597 100
1762 1931 100
1763 365 100
1763 759 100
1764 743 100
1764 1155 100
1765 1414 100
1765 1649 100
1766 965 100
1767 441 100
1767 1356 100
1768 1146 100
1768 1773 100
1769 111 100
1769 1357 100
1769 1511 100
1770 20 100
1770 627 100
1770 808 100
1770 1393 100
1770 1872 100
1771 137 100
1771 229 100
1771 882 100
1772 125 100
1772 1462 100
1773 73 100
1773 228 100
1773 709 100
1774 178 100
1775 28 100
1775 893 100
1776 9 100
1776 336 100
1776 1102 100
1776 1732 100
1776 1826 100
1777 1019 100
1778 1072 100
1779 42 100
1779 673 100
1779 1075 100
1779 1270 100
1779 1317 100
1780 1003 100
1780 1125 100
1780 1360 100
1780 1845 100
1781 12 100
1781 492 100
1781 1145 100
1781 1293 100
1782 301 100
1782 413 100
1782 447 100
1782 1629 100
1783 1040 100
1783 1084 100
1783 1868 100
1784 196 100
1784 684 100
1784 1394 100
1784 1437 100
1784 1438 100
1785 96 100
1785 452 100
1785 1723 100
1786 1177 100
1786 1329 100
1786 1537 100
1787 542 100
1787 1256 100
1787 1858 100
1788 192 100
1788 1028 100
1788 1147 100
1789 674 100
1790 886 100
1791 536 100
1792 716 100
1792 1257 100
1793 448 100
1793 992 100
1793 1846 100
1794 160 100
1794 824 100
1795 20 100
1795 371 100
1795 728 100
1795 1072 100
1795 1103 100
1795 1187 100
1795 1554 100
1795 1921 100
1796 212 100
1796 377 100
1796 830 100
1796 960 100
1796 1071 100
1796 1474 100
1796 1591 100
1796 1838 100
1797 211 100
1797 650 100
1797 1201 100
1797 1540 100
1798 165 100
1798 316 100
1798 796 100
1798 1347 100
1799 1313 100
1799 1514 100
1800 437 100
1800 589 100
1800 953 100
1800 1237 100
1800 1351 100
1800 1579 100
1800 1831 100
1801 1015 100
1801 1174 100
1801 1580 100
1801 1893 100
1802 180 100
1802 725 100
1802 905 100
1802 1165 100
1802 1816 100
1802 1850 100
1802 1870 100
1803 87 100
1803 200 100
1803 236 100
1803 464 100
1803 854 100
1803 913 100
1803 1036 100
1803 1361 100
1803 1400 100
1803 1463 100
1803 1891 100
1804 546 100
1804 1376 100
1804 1817 100
1805 509 100
1805 613 100
1805 1183 100
1806 762 100
1806 1011 100
1806 1296 100
1806 1832 100
1807 30 100
1807 1140 100
1807 1231 100
1807 1846 100
1808 1446 100
1808 1875 100
1808 1929 100
1809 175 100
1809 179 100
1809 783 100
1809 958 100
1809 1157 100
1809 1307 100
1810 399 100
1810 599 100
1810 1747 100
1812 367 100
1812 373 100
1812 1428 100
1812 1496 100
1813 12 100
1813 62 100
1814 1280 100
1814 1392 100
1815 128 100
1815 1613 100
1815 1617 100
1816 476 100
1816 567 100
1816 802 100
1816 1027 100
1816 1059 100
1816 1273 100
1817 1039 100
1817 1096 100
1818 424 100
1818 746 100
1818 772 100
1818 796 100
1818 865 100
1818 1063 100
1818 1079 100
1818 1480 100
1819 1110 100
1821 130 100
1821 846 100
1821 1372 100
1822 586 100
1822 684 100
1822 733 100
1823 1083 100
1823 1831 100
1823 1937 100
1824 1786 100
1825 55 100
1825 177 100
1825 1125 100
1826 282 100
1826 422 100
1826 509 100
1827 243 100
1828 388 100
1828 509 100
1829 135 100
1829 1334 100
1829 1558 100
1830 90 100
1830 94 100
1830 536 100
1830 1557 100
1831 188 100
1831 344 100
1831 470 100
1831 506 100
1831 1285 100
1831 1865 100
1832 571 100
1832 1631 100
1832 1840 100
1832 1916 100
1833 36 100
1834 19 100
1834 1088 100
1834 1593 100
1834 1668 100
1834 1959 100
1835 225 100
1835 752 100
1835 812 100
1835 1494 100
1836 199 100
1836 661 100
1836 1796 100
1836 1815 100
1836 1820 100
1837 1359 100
1837 1865 100
1838 1021 100
1839 535 100
1839 1817 100
1840 425 100
1840 634 100
1840 1507 100
1840 1556 100
1840 1654 100
1841 1213 100
1842 213 100
1842 714 100
1842 1033 100
1843 300 100
1843 577 100
1844 476 100
1844 1493 100
1844 1599 100
1845 372 100
1845 1830 100
1846 278 100
1847 1424 100
1848 123 100
1848 339 100
1848 1629 100
1849 2 100
1849 859 100
1850 1028 100
1850 1374 100
1850 1959 100
1851 148 100
1851 383 100
1851 630 100
1851 1018 100
1852 1135 100
1852 1417 100
1853 680 100
1853 832 100
1853 1287 100
1853 1529 100
1853 1895 100
1853 1957 100
1855 1060 100
1855 1904 100
1855 1968 100
1856 147 100
1856 1058 100
1856 1181 100
1856 1606 100
1856 1900 100
1856 1972 100
1857 1532 100
1858 146 100
1858 727 100
1858 1424 100
1858 1488 100
1859 861 100
1859 1582 100
1859 1842 100
1860 69 100
1860 387 100
1860 1336 100
1860 1890 100
1861 1085 100
1861 1867 100
1862 212 100
1863 1258 100
1863 1343 100
1863 1762 100
1864 1633 100
1865 1397 100
1865 1862 100
1866 1334 100
1866 1348 100
1866 1639 100
1867 1497 100
1868 334 100
1868 1425 100
1869 553 100
1869 1874 100
1870 1068 100
1870 1428 100
1870 1695 100
1871 88 100
1871 441 100
1871 1243 100
1872 536 100
1872 1085 100
1872 1236 100
1872 1421 100
1872 1775 100
1873 204 100
1873 799 100
1873 1025 100
1873 1778 100
1873 1945 100
1874 721 100
1874 1044 100
1875 312 100
1875 354 100
1875 802 100
1876 212 100
1876 693 100
1876 1581 100
1876 1604 100
1877 141 100
1877 169 100
1877 958 100
1878 745 100
1878 1446 100
1878 1857 100
1878 1939 100
1879 59 100
1879 396 100
1879 1154 100
1879 1723 100
1880 1324 100
1880 1757 100
1881 748 100
1881 1708 100
1881 1987 100
1882 1304 100
1882 1367 100
1884 384 100
1884 954 100
1885 926 100
1885 1385 100
1886 890 100
1886 1088 100
1886 1440 100
1886 1507 100
1886 1997 100
1887 1096 100
1887 1164 100
1887 1734 100
1889 6 100
1889 304 100
1889 640 100
1889 1167 100
1890 696 100
1890 715 100
1890 969 100
1890 1389 100
1890 1405 100
1891 234 100
1892 1143 100
1892 1434 100
1893 511 100
1893 594 100
1893 687 100
1893 1195 100
1893 1682 100
1894 716 100
1894 896 100
1894 1285 100
1895 197 100
1895 323 100
1895 423 100
1895 472 100
1896 786 100
1896 1443 100
1896 1586 100
1897 15 100
1898 52 100
1899 584 100
1900 161 100
1900 914 100
1900 957 100
1900 1019 100
1901 371 100
1901 556 100
1901 1713 100
1902 1067 100
1902 1276 100
1902 1286 100
1902 1396 100
1902 1481 100
1903 25 100
1903 1588 100
1903 1967 100
1904 102 100
1904 778 100
1904 1596 100
1905 824 100
1905 1690 100
1906 798 100
1906 1243 100
1907 119 100
1907 1436 100
1908 354 100
1909 2 100
1909 19 100
1910 651 100
1910 929 100
1910 1280 100
1910 1837 100
1911 659 100
1911 1392 100
1911 1507 100
1912 484 100
1912 1134 100
1913 159 100
1913 385 100
1914 1692 100
1915 37 100
1915 870 100
1915 1114 100
1915 1353 100
1915 1801 100
1916 1727 100
1917 270 100
1917 1327 100
1918 15 100
1918 721 100
1918 1122 100
1918 1747 100
1918 1996 100
1919 594 100
1919 819 100
1920 332 100
1920 811 100
1920 827 100
1920 1528 100
1920 1547 100
1921 190 100
1921 1160 100
1921 1210 100
1921 1487 100
1921 1929 100
1922 845 100
1922 888 100
1922 1540 100
1923 359 100
1923 401 100
1923 523 100
1923 1797 100
1924 335 100
1925 489 100
1925 1087 100
1925 1523 100
1926 394 100
1926 1202 100
1927 608 100
1927 654 100
1927 1212 100
1927 1496 100
1927 1658 100
1928 1873 100
1929 374 100
1929 738 100
1929 1165 100
1930 67 100
1930 534 100
1930 1061 100
1930 1134 100
1931 98 100
1931 711 100
1931 1100 100
1932 369 100
1932 1192 100
1933 539 100
1933 823 100
1933 1912 100
1934 482 100
1935 748 100
1935 1374 100
1936 189 100
1936 866 100
1936 1054 100
1936 1901 100
1937 436 100
1937 579 100
1937 915 100
1937 1273 100
1937 1891 100
1938 460 100
1938 1706 100
1939 581 100
1939 919 100
1940 667 100
1940 1476 100
1940 1819 100
1940 1968 100
1941 191 100
1941 364 100
1941 493 100
1941 1990 100
1942 200 100
1942 362 100
1942 426 100
1942 1693 100
1943 414 100
1943 834 100
1943 1067 100
1944 1125 100
1944 1136 100
1944 1548 100
1944 1868 100
1944 1875 100
1945 637 100
1945 753 100
1945 1894 100
1946 999 100
1946 1142 100
1946 1304 100
1946 1314 100
1946 1548 100
1946 1700 100
1946 1822 100
1946 1972 100
1947 1628 100
1947 1772 100
1948 72 100
1948 955 100
1948 1365 100
1948 1985 100
1949 521 100
1949 921 100
1950 930 100
1950 1332 100
1950 1779 100
1950 1923 100
1951 450 100
1951 1349 100
1951 1663 100
1951 1743 100
1951 1893 100
1953 854 100
1954 1619 100
1955 106 100
1955 806 100
1957 1012 100
1957 1582 100
1957 1892 100
1958 291 100
1958 739 100
1959 118 100
1959 228 100
1959 718 100
1959 1884 100
1960 163 100
1960 830 100
1961 42 100
1961 134 100
1961 244 100
1961 1190 100
1962 48 100
1962 839 100
1962 1070 100
1962 1243 100
1962 1461 100
1962 1950 100
1963 99 100
1963 355 100
1964 1275 100
1964 1348 100
1964 1620 100
1964 1910 100
1965 63 100
1965 560 100
1965 642 100
1965 1369 100
1965 1563 100
1965 1653 100
1965 1830 100
1966 159 100
1966 267 100
1966 1415 100
1966 1594 100
1966 1977 100
1967 53 100
1967 854 100
1967 934 100
1968 476 100
1968 894 100
1968 1122 100
1968 1502 100
1968 1560 100
1970 652 100
1970 1091 100
1970 1241 100
1970 1349 100
1970 1492 100
1970 1578 100
1970 1620 100
1971 987 100
1971 1689 100
1971 1844 100
1972 507 100
1973 220 100
1973 1292 100
1973 1972 100
1974 75 100
1974 424 100
1974 1743 100
1974 1776 100
1974 1924 100
1976 889 100
1977 1846 100
1978 161 100
1978 507 100
1978 1117 100
1978 1584 100
1979 1140 100
1979 1245 100
1979 1330 100
1980 155 100
1980 913 100
1980 1227 100
1980 1629 100
1981 30 100
1981 128 100
1981 979 100
1981 1404 100
1982 68 100
1982 1783 100
1983 899 100
1983 1507 100
1984 593 100
1984 661 100
1985 722 100
1985 793 100
1986 53 100
1986 457 100
1987 188 100
1987 292 100
1987 387 100
1988 578 100
1988 845 100
1988 921 100
1988 1465 100
1988 1971 100
1990 227 100
1990 1147 100
1990 1245 100
1990 1618 100
1991 1342 100
1991 1493 100
1992 42 100
1992 55 100
1992 366 100
1992 392 100
1992 940 100
1992 1364 100
1993 105 100
1993 295 100
1993 1175 100
1993 1322 100
1993 1731 100
1994 884 100
1994 1763 100
1994 1787 100
1995 274 100
1995 519 100
1995 1763 100
1996 131 100
1996 145 100
1996 518 100
1996 1895 100
1997 210 100
1997 323 100
1997 1383 100
1998 1378 100
1999 420 100
1999 533 100
1999 1294 100
