0 1 100
1 2 100
2 3 100
3 4 100
4 5 100
5 4 100
5 4 100
5 5 100
6 3 100
6 4 100
6 5 100
7 2 100
7 3 100
7 4 100
8 4 100
8 5 100
8 3 100
9 2 100
9 5 100
9 3 100
10 4 100
10 2 100
10 5 100
11 4 100
11 6 100
11 2 100
12 4 100
12 4 100
12 4 100
13 4 100
13 6 100
13 13 100
14 4 100
14 5 100
14 9 100
15 5 100
15 12 100
15 5 100
16 12 100
16 5 100
16 6 100
17 5 100
17 12 100
17 5 100
18 1 100
18 2 100
18 7 100
19 7 100
19 11 100
19 5 100
20 5 100
20 5 100
20 12 100
21 5 100
21 21 100
21 16 100
22 6 100
22 4 100
22 5 100
23 4 100
23 5 100
23 16 100
24 2 100
24 2 100
24 4 100
25 5 100
25 4 100
25 3 100
26 3 100
26 8 100
26 18 100
27 13 100
27 24 100
27 2 100
28 5 100
28 5 100
28 13 100
29 21 100
29 12 100
29 24 100
30 8 100
30 24 100
30 14 100
31 14 100
31 17 100
31 13 100
32 3 100
32 4 100
32 24 100
33 2 100
33 5 100
33 3 100
34 5 100
34 8 100
34 33 100
35 21 100
35 26 100
35 30 100
36 21 100
36 26 100
36 32 100
37 7 100
37 37 100
37 24 100
38 20 100
38 14 100
38 24 100
39 4 100
39 13 100
39 4 100
40 1 100
40 5 100
40 34 100
41 13 100
41 24 100
41 3 100
42 21 100
42 24 100
42 23 100
43 4 100
43 19 100
43 34 100
44 1 100
44 26 100
44 36 100
45 5 100
45 44 100
45 24 100
46 3 100
46 5 100
46 30 100
47 40 100
47 13 100
47 3 100
48 12 100
48 5 100
48 4 100
49 42 100
49 46 100
49 35 100
50 45 100
50 38 100
50 40 100
51 4 100
51 24 100
51 5 100
52 0 100
52 39 100
52 2 100
53 6 100
53 4 100
53 52 100
54 26 100
54 38 100
54 52 100
55 40 100
55 52 100
55 12 100
56 7 100
56 21 100
56 43 100
57 13 100
57 21 100
57 24 100
58 22 100
58 17 100
58 17 100
59 16 100
59 18 100
59 39 100
60 4 100
60 12 100
60 27 100
61 42 100
61 3 100
61 50 100
62 3 100
62 46 100
62 38 100
63 1 100
63 13 100
63 40 100
64 30 100
64 24 100
64 64 100
65 3 100
65 48 100
65 49 100
66 42 100
66 57 100
66 8 100
67 65 100
67 20 100
67 33 100
68 10 100
68 18 100
68 41 100
69 5 100
69 30 100
69 55 100
70 21 100
70 48 100
70 48 100
71 46 100
71 52 100
71 5 100
72 21 100
72 49 100
72 25 100
73 30 100
73 19 100
73 4 100
74 14 100
74 32 100
74 49 100
75 17 100
75 58 100
75 40 100
76 58 100
76 8 100
76 21 100
77 74 100
77 64 100
77 50 100
78 56 100
78 5 100
78 4 100
79 4 100
79 26 100
79 33 100
80 60 100
80 35 100
80 58 100
81 21 100
81 40 100
81 8 100
82 4 100
82 42 100
82 11 100
83 25 100
83 6 100
83 2 100
84 13 100
84 2 100
84 56 100
85 5 100
85 5 100
85 42 100
86 34 100
86 50 100
86 45 100
87 6 100
87 24 100
87 3 100
88 16 100
88 23 100
88 60 100
89 5 100
89 16 100
89 12 100
90 38 100
90 50 100
90 5 100
91 58 100
91 1 100
91 13 100
92 63 100
92 84 100
92 4 100
93 8 100
93 86 100
93 23 100
94 5 100
94 16 100
94 5 100
95 72 100
95 58 100
95 1 100
96 2 100
96 24 100
96 40 100
97 5 100
97 5 100
97 97 100
98 6 100
98 60 100
98 5 100
99 24 100
99 42 100
99 14 100
100 7 100
100 87 100
100 60 100
101 3 100
101 5 100
101 34 100
102 32 100
102 79 100
102 89 100
103 45 100
103 72 100
103 4 100
104 15 100
104 4 100
104 78 100
105 10 100
105 12 100
105 63 100
106 61 100
106 5 100
106 17 100
107 44 100
107 104 100
107 5 100
108 25 100
108 72 100
108 2 100
109 24 100
109 36 100
109 74 100
110 44 100
110 13 100
110 4 100
111 8 100
111 9 100
111 43 100
112 11 100
112 67 100
112 21 100
113 76 100
113 42 100
113 8 100
114 18 100
114 55 100
114 57 100
115 40 100
115 50 100
115 91 100
116 35 100
116 36 100
116 65 100
117 11 100
117 25 100
117 80 100
118 5 100
118 63 100
118 5 100
119 6 100
119 3 100
119 16 100
120 72 100
120 24 100
120 2 100
121 3 100
121 33 100
121 24 100
122 7 100
122 67 100
122 74 100
123 81 100
123 30 100
123 114 100
124 32 100
124 52 100
124 16 100
125 4 100
125 81 100
125 4 100
126 50 100
126 112 100
126 3 100
127 3 100
127 35 100
127 4 100
128 4 100
128 12 100
128 32 100
129 17 100
129 13 100
129 3 100
130 14 100
130 1 100
130 7 100
131 26 100
131 56 100
131 5 100
132 5 100
132 0 100
132 99 100
133 40 100
133 13 100
133 22 100
134 87 100
134 108 100
134 24 100
135 3 100
135 41 100
135 69 100
136 42 100
136 125 100
136 58 100
137 97 100
137 8 100
137 50 100
138 117 100
138 71 100
138 4 100
139 12 100
139 28 100
139 3 100
140 4 100
140 43 100
140 139 100
141 46 100
141 56 100
141 3 100
142 1 100
142 5 100
142 116 100
143 4 100
143 116 100
143 3 100
144 27 100
144 35 100
144 87 100
145 69 100
145 6 100
145 55 100
146 86 100
146 106 100
146 8 100
147 21 100
147 12 100
147 15 100
148 41 100
148 140 100
148 116 100
149 48 100
149 67 100
149 81 100
150 4 100
150 48 100
150 24 100
151 34 100
151 145 100
151 13 100
152 84 100
152 125 100
152 42 100
153 79 100
153 87 100
153 23 100
154 19 100
154 106 100
154 42 100
155 20 100
155 58 100
155 34 100
156 78 100
156 107 100
156 6 100
157 80 100
157 96 100
157 44 100
158 152 100
158 1 100
158 38 100
159 87 100
159 14 100
159 41 100
160 24 100
160 62 100
160 76 100
161 91 100
161 35 100
161 57 100
162 109 100
162 46 100
162 49 100
163 13 100
163 47 100
163 32 100
164 31 100
164 133 100
164 23 100
165 91 100
165 125 100
165 26 100
166 48 100
166 21 100
166 5 100
167 125 100
167 158 100
167 117 100
168 60 100
168 3 100
168 49 100
169 107 100
169 26 100
169 71 100
170 56 100
170 18 100
170 50 100
171 14 100
171 1 100
171 112 100
172 2 100
172 4 100
172 42 100
173 26 100
173 53 100
173 40 100
174 64 100
174 9 100
174 24 100
175 73 100
175 114 100
175 52 100
176 135 100
176 94 100
176 110 100
177 12 100
177 147 100
177 11 100
178 90 100
178 6 100
178 13 100
179 3 100
179 4 100
179 176 100
180 132 100
180 5 100
180 58 100
181 5 100
181 94 100
181 58 100
182 79 100
182 5 100
182 24 100
183 25 100
183 10 100
183 60 100
184 168 100
184 5 100
184 114 100
185 86 100
185 157 100
185 23 100
186 53 100
186 99 100
186 16 100
187 46 100
187 133 100
187 12 100
188 53 100
188 24 100
188 150 100
189 7 100
189 31 100
189 33 100
190 186 100
190 34 100
190 26 100
191 33 100
191 3 100
191 173 100
192 12 100
192 93 100
192 14 100
193 176 100
193 26 100
193 136 100
194 21 100
194 64 100
194 16 100
195 5 100
195 22 100
195 5 100
196 24 100
196 4 100
196 29 100
197 3 100
197 13 100
197 81 100
198 2 100
198 116 100
198 150 100
199 5 100
199 101 100
199 122 100
200 14 100
200 180 100
200 5 100
201 36 100
201 25 100
201 11 100
202 127 100
202 106 100
202 5 100
203 154 100
203 1 100
203 12 100
204 125 100
204 86 100
204 17 100
205 5 100
205 94 100
205 139 100
206 5 100
206 46 100
206 167 100
207 66 100
207 12 100
207 143 100
208 48 100
208 5 100
208 72 100
209 174 100
209 1 100
209 55 100
210 98 100
210 147 100
210 4 100
211 80 100
211 158 100
211 24 100
212 150 100
212 119 100
212 73 100
213 43 100
213 22 100
213 3 100
214 24 100
214 87 100
214 12 100
215 149 100
215 36 100
215 5 100
216 74 100
216 99 100
216 57 100
217 74 100
217 170 100
217 88 100
218 14 100
218 72 100
218 88 100
219 27 100
219 185 100
219 48 100
220 219 100
220 181 100
220 192 100
221 186 100
221 5 100
221 8 100
222 5 100
222 99 100
222 2 100
223 5 100
223 38 100
223 137 100
224 14 100
224 94 100
224 127 100
225 26 100
225 11 100
225 12 100
226 35 100
226 115 100
226 21 100
227 32 100
227 47 100
227 21 100
228 16 100
228 207 100
228 47 100
229 35 100
229 38 100
229 171 100
230 185 100
230 59 100
230 98 100
231 187 100
231 99 100
231 78 100
232 178 100
232 6 100
232 32 100
233 48 100
233 59 100
233 56 100
234 14 100
234 4 100
234 4 100
235 17 100
235 72 100
235 154 100
236 94 100
236 99 100
236 158 100
237 11 100
237 13 100
237 1 100
238 127 100
238 4 100
238 21 100
239 24 100
239 82 100
239 94 100
240 24 100
240 117 100
240 185 100
241 5 100
241 24 100
241 41 100
242 110 100
242 10 100
242 116 100
243 81 100
243 5 100
243 12 100
244 8 100
244 126 100
244 2 100
245 145 100
245 235 100
245 28 100
246 42 100
246 110 100
246 127 100
247 226 100
247 5 100
247 172 100
248 19 100
248 66 100
248 21 100
249 29 100
249 147 100
249 40 100
250 5 100
250 135 100
250 1 100
251 58 100
251 14 100
251 157 100
252 44 100
252 21 100
252 22 100
253 1 100
253 98 100
253 103 100
254 62 100
254 46 100
254 107 100
255 0 100
255 41 100
255 140 100
256 5 100
256 100 100
256 20 100
257 197 100
257 21 100
257 25 100
258 17 100
258 27 100
258 167 100
259 5 100
259 13 100
259 52 100
260 5 100
260 16 100
260 19 100
261 6 100
261 49 100
261 26 100
262 125 100
262 30 100
262 198 100
263 117 100
263 5 100
263 207 100
264 30 100
264 60 100
264 5 100
265 199 100
265 89 100
265 26 100
266 161 100
266 76 100
266 121 100
267 189 100
267 2 100
267 55 100
268 32 100
268 3 100
268 97 100
269 91 100
269 91 100
269 109 100
270 17 100
270 36 100
270 109 100
271 43 100
271 76 100
271 28 100
272 176 100
272 35 100
272 45 100
273 26 100
273 48 100
273 2 100
274 4 100
274 21 100
274 140 100
275 50 100
275 146 100
275 2 100
276 5 100
276 261 100
276 22 100
277 11 100
277 212 100
277 21 100
278 5 100
278 87 100
278 8 100
279 5 100
279 7 100
279 154 100
280 68 100
280 138 100
280 19 100
281 5 100
281 133 100
281 139 100
282 8 100
282 52 100
282 71 100
283 11 100
283 30 100
283 8 100
284 13 100
284 30 100
284 149 100
285 20 100
285 91 100
285 85 100
286 2 100
286 24 100
286 66 100
287 185 100
287 189 100
287 191 100
288 35 100
288 71 100
288 181 100
289 3 100
289 19 100
289 288 100
290 1 100
290 9 100
290 91 100
291 27 100
291 3 100
291 8 100
292 69 100
292 108 100
292 118 100
293 19 100
293 26 100
293 53 100
294 38 100
294 25 100
294 287 100
295 87 100
295 5 100
295 8 100
296 28 100
296 30 100
296 5 100
297 50 100
297 5 100
297 11 100
298 165 100
298 207 100
298 260 100
299 45 100
299 5 100
299 21 100
300 4 100
300 8 100
300 156 100
301 4 100
301 13 100
301 294 100
302 58 100
302 168 100
302 22 100
303 132 100
303 271 100
303 44 100
304 44 100
304 91 100
304 116 100
305 35 100
305 5 100
305 186 100
306 91 100
306 6 100
306 5 100
307 11 100
307 188 100
307 16 100
308 88 100
308 4 100
308 5 100
309 207 100
309 294 100
309 21 100
310 109 100
310 122 100
310 14 100
311 2 100
311 47 100
311 64 100
312 47 100
312 24 100
312 49 100
313 12 100
313 219 100
313 65 100
314 112 100
314 257 100
314 135 100
315 84 100
315 255 100
315 280 100
316 5 100
316 273 100
316 3 100
317 36 100
317 12 100
317 142 100
318 28 100
318 110 100
318 110 100
319 50 100
319 124 100
319 216 100
320 78 100
320 4 100
320 283 100
321 112 100
321 17 100
321 57 100
322 174 100
322 226 100
322 96 100
323 6 100
323 247 100
323 16 100
324 107 100
324 225 100
324 54 100
325 90 100
325 321 100
325 9 100
326 4 100
326 13 100
326 195 100
327 48 100
327 79 100
327 255 100
328 7 100
328 25 100
328 4 100
329 11 100
329 46 100
329 90 100
330 115 100
330 81 100
330 232 100
331 5 100
331 45 100
331 214 100
332 108 100
332 50 100
332 249 100
333 105 100
333 4 100
333 13 100
334 3 100
334 88 100
334 266 100
335 5 100
335 32 100
335 45 100
336 122 100
336 16 100
336 52 100
337 5 100
337 145 100
337 170 100
338 13 100
338 43 100
338 192 100
339 4 100
339 304 100
339 17 100
340 204 100
340 5 100
340 30 100
341 292 100
341 94 100
341 255 100
342 35 100
342 8 100
342 20 100
343 56 100
343 316 100
343 4 100
344 35 100
344 110 100
344 206 100
345 145 100
345 27 100
345 24 100
346 210 100
346 109 100
346 13 100
347 210 100
347 90 100
347 310 100
348 318 100
348 345 100
348 13 100
349 256 100
349 33 100
349 153 100
350 5 100
350 211 100
350 160 100
351 3 100
351 14 100
351 292 100
352 5 100
352 3 100
352 4 100
353 330 100
353 350 100
353 24 100
354 344 100
354 43 100
354 2 100
355 38 100
355 319 100
355 5 100
356 74 100
356 106 100
356 109 100
357 13 100
357 23 100
357 33 100
358 13 100
358 26 100
358 61 100
359 2 100
359 8 100
359 19 100
360 66 100
360 72 100
360 257 100
361 8 100
361 305 100
361 26 100
362 5 100
362 172 100
362 204 100
363 50 100
363 319 100
363 253 100
364 60 100
364 4 100
364 248 100
365 98 100
365 44 100
365 298 100
366 233 100
366 295 100
366 2 100
367 61 100
367 204 100
367 187 100
368 105 100
368 115 100
368 125 100
369 135 100
369 69 100
369 14 100
370 282 100
370 121 100
370 48 100
371 125 100
371 4 100
371 359 100
372 106 100
372 1 100
372 42 100
373 8 100
373 43 100
373 240 100
374 186 100
374 265 100
374 6 100
375 30 100
375 56 100
375 140 100
376 132 100
376 7 100
376 176 100
377 50 100
377 356 100
377 5 100
378 116 100
378 230 100
378 99 100
379 24 100
379 199 100
379 60 100
380 256 100
380 57 100
380 3 100
381 3 100
381 1 100
381 139 100
382 7 100
382 312 100
382 27 100
383 85 100
383 370 100
383 11 100
384 27 100
384 8 100
384 3 100
385 5 100
385 99 100
385 55 100
386 86 100
386 12 100
386 7 100
387 139 100
387 4 100
387 112 100
388 121 100
388 6 100
388 4 100
389 4 100
389 18 100
389 115 100
390 143 100
390 1 100
390 30 100
391 21 100
391 101 100
391 15 100
392 37 100
392 282 100
392 3 100
393 206 100
393 353 100
393 68 100
394 305 100
394 3 100
394 42 100
395 12 100
395 291 100
395 60 100
396 13 100
396 82 100
396 176 100
397 42 100
397 107 100
397 35 100
398 34 100
398 260 100
398 56 100
399 196 100
399 328 100
399 3 100
400 5 100
400 47 100
400 6 100
401 372 100
401 2 100
401 3 100
402 8 100
402 26 100
402 79 100
403 87 100
403 81 100
403 26 100
404 27 100
404 34 100
404 343 100
405 272 100
405 181 100
405 5 100
406 24 100
406 152 100
406 9 100
407 8 100
407 33 100
407 48 100
408 292 100
408 347 100
408 48 100
409 139 100
409 52 100
409 32 100
410 73 100
410 142 100
410 44 100
411 3 100
411 300 100
411 33 100
412 97 100
412 289 100
412 2 100
413 265 100
413 183 100
413 40 100
414 175 100
414 275 100
414 32 100
415 0 100
415 3 100
415 138 100
416 12 100
416 50 100
416 104 100
417 2 100
417 4 100
417 82 100
418 187 100
418 58 100
418 355 100
419 170 100
419 225 100
419 282 100
420 96 100
420 245 100
420 273 100
421 39 100
421 60 100
421 72 100
422 216 100
422 30 100
422 155 100
423 5 100
423 42 100
423 233 100
424 140 100
424 50 100
424 24 100
425 148 100
425 197 100
425 20 100
426 43 100
426 63 100
426 152 100
427 46 100
427 188 100
427 115 100
428 0 100
428 270 100
428 286 100
429 13 100
429 64 100
429 7 100
430 411 100
430 3 100
430 108 100
431 59 100
431 232 100
431 1 100
432 4 100
432 305 100
432 285 100
433 128 100
433 101 100
433 5 100
434 4 100
434 12 100
434 24 100
435 13 100
435 352 100
435 357 100
436 2 100
436 8 100
436 74 100
437 4 100
437 429 100
437 87 100
438 55 100
438 197 100
438 5 100
439 4 100
439 55 100
439 145 100
440 38 100
440 340 100
440 6 100
441 8 100
441 3 100
441 270 100
442 46 100
442 0 100
442 84 100
443 239 100
443 161 100
443 45 100
444 13 100
444 22 100
444 64 100
445 91 100
445 147 100
445 60 100
446 74 100
446 26 100
446 354 100
447 99 100
447 32 100
447 152 100
448 21 100
448 96 100
448 21 100
449 38 100
449 85 100
449 247 100
450 28 100
450 3 100
450 22 100
451 4 100
451 38 100
451 111 100
452 256 100
452 61 100
452 298 100
453 1 100
453 20 100
453 72 100
454 12 100
454 190 100
454 279 100
455 4 100
455 57 100
455 79 100
456 65 100
456 38 100
456 40 100
457 16 100
457 5 100
457 221 100
458 8 100
458 116 100
458 375 100
459 37 100
459 174 100
459 2 100
460 41 100
460 327 100
460 111 100
461 327 100
461 22 100
461 61 100
462 20 100
462 187 100
462 191 100
463 50 100
463 382 100
463 185 100
464 2 100
464 74 100
464 189 100
465 46 100
465 7 100
465 219 100
466 5 100
466 189 100
466 206 100
467 322 100
467 413 100
467 272 100
468 327 100
468 413 100
468 135 100
469 42 100
469 132 100
469 267 100
470 453 100
470 265 100
470 421 100
471 444 100
471 345 100
471 55 100
472 101 100
472 340 100
472 199 100
473 104 100
473 7 100
473 97 100
474 7 100
474 191 100
474 360 100
475 1 100
475 23 100
475 105 100
476 4 100
476 8 100
476 122 100
477 13 100
477 54 100
477 64 100
478 84 100
478 391 100
478 13 100
479 49 100
479 13 100
479 228 100
480 160 100
480 16 100
480 26 100
481 5 100
481 33 100
481 426 100
482 372 100
482 170 100
482 242 100
483 18 100
483 232 100
483 301 100
484 110 100
484 58 100
484 58 100
485 2 100
485 21 100
485 54 100
486 21 100
486 13 100
486 87 100
487 4 100
487 307 100
487 264 100
488 26 100
488 318 100
488 7 100
489 117 100
489 124 100
489 245 100
490 61 100
490 90 100
490 30 100
491 73 100
491 115 100
491 1 100
492 39 100
492 3 100
492 358 100
493 34 100
493 69 100
493 165 100
494 4 100
494 434 100
494 6 100
495 2 100
495 91 100
495 148 100
496 28 100
496 17 100
496 87 100
497 112 100
497 13 100
497 428 100
498 307 100
498 176 100
498 4 100
499 261 100
499 136 100
499 384 100
500 2 100
500 4 100
500 17 100
501 107 100
501 236 100
501 459 100
502 123 100
502 312 100
502 3 100
503 161 100
503 30 100
503 58 100
504 473 100
504 73 100
504 124 100
505 54 100
505 98 100
505 491 100
506 44 100
506 34 100
506 238 100
507 278 100
507 285 100
507 40 100
508 88 100
508 96 100
508 3 100
509 1 100
509 185 100
509 197 100
510 121 100
510 140 100
510 148 100
511 116 100
511 189 100
511 157 100
512 170 100
512 292 100
512 337 100
513 131 100
513 3 100
513 58 100
514 11 100
514 81 100
514 228 100
515 75 100
515 5 100
515 9 100
516 39 100
516 50 100
516 37 100
517 42 100
517 128 100
517 339 100
518 497 100
518 24 100
518 59 100
519 50 100
519 111 100
519 459 100
520 91 100
520 314 100
520 375 100
521 74 100
521 79 100
521 5 100
522 304 100
522 3 100
522 307 100
523 58 100
523 18 100
523 519 100
524 16 100
524 117 100
524 85 100
525 30 100
525 157 100
525 355 100
526 20 100
526 67 100
526 475 100
527 5 100
527 491 100
527 0 100
528 27 100
528 98 100
528 401 100
529 107 100
529 402 100
529 5 100
530 349 100
530 235 100
530 279 100
531 99 100
531 289 100
531 35 100
532 50 100
532 459 100
532 279 100
533 5 100
533 497 100
533 99 100
534 7 100
534 138 100
534 165 100
535 44 100
535 227 100
535 4 100
536 139 100
536 30 100
536 40 100
537 327 100
537 356 100
537 152 100
538 72 100
538 356 100
538 35 100
539 246 100
539 115 100
539 121 100
540 13 100
540 34 100
540 3 100
541 67 100
541 375 100
541 21 100
542 427 100
542 11 100
542 33 100
543 154 100
543 517 100
543 518 100
544 427 100
544 4 100
544 5 100
545 5 100
545 297 100
545 26 100
546 141 100
546 376 100
546 196 100
547 32 100
547 348 100
547 12 100
548 56 100
548 146 100
548 318 100
549 89 100
549 69 100
549 74 100
550 50 100
550 3 100
550 311 100
551 23 100
551 272 100
551 17 100
552 34 100
552 107 100
552 356 100
553 107 100
553 101 100
553 507 100
554 65 100
554 87 100
554 434 100
555 6 100
555 71 100
555 515 100
556 64 100
556 110 100
556 14 100
557 301 100
557 535 100
557 119 100
558 13 100
558 484 100
558 72 100
559 13 100
559 40 100
559 147 100
560 493 100
560 107 100
560 34 100
561 31 100
561 161 100
561 51 100
562 94 100
562 1 100
562 16 100
563 512 100
563 332 100
563 379 100
564 36 100
564 79 100
564 277 100
565 125 100
565 43 100
565 274 100
566 44 100
566 477 100
566 335 100
567 3 100
567 8 100
567 46 100
568 24 100
568 27 100
568 34 100
569 98 100
569 451 100
569 552 100
570 26 100
570 45 100
570 455 100
571 300 100
571 347 100
571 443 100
572 9 100
572 161 100
572 14 100
573 328 100
573 89 100
573 289 100
574 246 100
574 48 100
574 208 100
575 8 100
575 373 100
575 8 100
576 52 100
576 4 100
576 43 100
577 291 100
577 475 100
577 49 100
578 5 100
578 340 100
578 40 100
579 400 100
579 426 100
579 26 100
580 452 100
580 393 100
580 3 100
581 191 100
581 5 100
581 194 100
582 84 100
582 282 100
582 5 100
583 114 100
583 425 100
583 504 100
584 408 100
584 528 100
584 220 100
585 72 100
585 176 100
585 342 100
586 22 100
586 94 100
586 98 100
587 3 100
587 97 100
587 288 100
588 36 100
588 103 100
588 106 100
589 300 100
589 515 100
589 528 100
590 574 100
590 25 100
590 132 100
591 331 100
591 2 100
591 48 100
592 453 100
592 144 100
592 146 100
593 98 100
593 79 100
593 30 100
594 4 100
594 109 100
594 171 100
595 125 100
595 3 100
595 85 100
596 87 100
596 95 100
596 203 100
597 148 100
597 201 100
597 5 100
598 56 100
598 3 100
598 71 100
599 3 100
599 48 100
599 145 100
600 5 100
600 117 100
600 265 100
601 122 100
601 39 100
601 71 100
602 203 100
602 594 100
602 5 100
603 7 100
603 8 100
603 61 100
604 221 100
604 497 100
604 60 100
605 128 100
605 9 100
605 319 100
606 84 100
606 56 100
606 543 100
607 38 100
607 52 100
607 16 100
608 2 100
608 54 100
608 168 100
609 5 100
609 410 100
609 517 100
610 219 100
610 33 100
610 61 100
611 145 100
611 67 100
611 12 100
612 75 100
612 18 100
612 443 100
613 399 100
613 525 100
613 34 100
614 117 100
614 74 100
614 240 100
615 369 100
615 107 100
615 49 100
616 114 100
616 327 100
616 32 100
617 31 100
617 199 100
617 361 100
618 20 100
618 55 100
618 62 100
619 6 100
619 572 100
619 287 100
620 5 100
620 43 100
620 111 100
621 342 100
621 34 100
621 5 100
622 1 100
622 443 100
622 504 100
623 237 100
623 272 100
623 6 100
624 4 100
624 97 100
624 17 100
625 48 100
625 4 100
625 25 100
626 10 100
626 130 100
626 3 100
627 51 100
627 290 100
627 36 100
628 7 100
628 247 100
628 6 100
629 26 100
629 74 100
629 114 100
630 24 100
630 159 100
630 5 100
631 407 100
631 121 100
631 282 100
632 13 100
632 47 100
632 285 100
633 135 100
633 35 100
633 192 100
634 597 100
634 455 100
634 1 100
635 72 100
635 109 100
635 142 100
636 383 100
636 54 100
636 23 100
637 56 100
637 39 100
637 206 100
638 13 100
638 17 100
638 21 100
639 238 100
639 15 100
639 349 100
640 170 100
640 5 100
640 125 100
641 608 100
641 69 100
641 356 100
642 5 100
642 88 100
642 40 100
643 279 100
643 302 100
643 44 100
644 607 100
644 536 100
644 14 100
645 58 100
645 64 100
645 117 100
646 538 100
646 561 100
646 4 100
647 34 100
647 543 100
647 124 100
648 451 100
648 285 100
648 4 100
649 122 100
649 113 100
649 375 100
650 81 100
650 8 100
650 184 100
651 1 100
651 21 100
651 439 100
652 61 100
652 138 100
652 449 100
653 13 100
653 13 100
653 34 100
654 426 100
654 93 100
654 402 100
655 435 100
655 12 100
655 58 100
656 235 100
656 422 100
656 517 100
657 145 100
657 552 100
657 292 100
658 531 100
658 563 100
658 114 100
659 84 100
659 560 100
659 3 100
660 5 100
660 36 100
660 229 100
661 2 100
661 399 100
661 539 100
662 12 100
662 457 100
662 101 100
663 115 100
663 171 100
663 3 100
664 79 100
664 110 100
664 117 100
665 5 100
665 202 100
665 450 100
666 20 100
666 518 100
666 265 100
667 21 100
667 121 100
667 55 100
668 116 100
668 182 100
668 56 100
669 97 100
669 366 100
669 21 100
670 97 100
670 11 100
670 50 100
671 21 100
671 2 100
671 63 100
672 108 100
672 5 100
672 8 100
673 111 100
673 85 100
673 637 100
674 108 100
674 329 100
674 422 100
675 111 100
675 450 100
675 94 100
676 32 100
676 312 100
676 493 100
677 155 100
677 279 100
677 492 100
678 24 100
678 94 100
678 579 100
679 435 100
679 5 100
679 43 100
680 25 100
680 81 100
680 30 100
681 318 100
681 5 100
681 121 100
682 504 100
682 5 100
682 266 100
683 3 100
683 339 100
683 65 100
684 14 100
684 451 100
684 220 100
685 5 100
685 186 100
685 94 100
686 80 100
686 533 100
686 650 100
687 251 100
687 70 100
687 80 100
688 81 100
688 112 100
688 147 100
689 30 100
689 245 100
689 406 100
690 24 100
690 99 100
690 428 100
691 3 100
691 193 100
691 4 100
692 198 100
692 544 100
692 613 100
693 147 100
693 2 100
693 258 100
694 6 100
694 60 100
694 117 100
695 36 100
695 4 100
695 510 100
696 72 100
696 55 100
696 3 100
697 21 100
697 1 100
697 135 100
698 148 100
698 342 100
698 78 100
699 13 100
699 17 100
699 434 100
700 404 100
700 62 100
700 374 100
701 547 100
701 4 100
701 58 100
702 173 100
702 208 100
702 412 100
703 128 100
703 88 100
703 171 100
704 68 100
704 449 100
704 587 100
705 172 100
705 237 100
705 520 100
706 33 100
706 538 100
706 109 100
707 663 100
707 12 100
707 3 100
708 3 100
708 38 100
708 182 100
709 5 100
709 39 100
709 71 100
710 411 100
710 631 100
710 4 100
711 74 100
711 413 100
711 278 100
712 16 100
712 14 100
712 287 100
713 341 100
713 44 100
713 95 100
714 19 100
714 337 100
714 555 100
715 176 100
715 0 100
715 72 100
716 339 100
716 462 100
716 661 100
717 78 100
717 30 100
717 3 100
718 90 100
718 87 100
718 70 100
719 76 100
719 60 100
719 509 100
720 104 100
720 5 100
720 153 100
721 456 100
721 215 100
721 191 100
722 48 100
722 452 100
722 546 100
723 12 100
723 32 100
723 35 100
724 3 100
724 542 100
724 44 100
725 534 100
725 144 100
725 172 100
726 96 100
726 121 100
726 590 100
727 157 100
727 131 100
727 2 100
728 107 100
728 13 100
728 566 100
729 2 100
729 686 100
729 145 100
730 604 100
730 4 100
730 427 100
731 235 100
731 23 100
731 128 100
732 6 100
732 32 100
732 450 100
733 530 100
733 562 100
733 134 100
734 5 100
734 12 100
734 341 100
735 16 100
735 418 100
735 430 100
736 25 100
736 87 100
736 1 100
737 36 100
737 300 100
737 340 100
738 5 100
738 214 100
738 621 100
739 282 100
739 35 100
739 98 100
740 3 100
740 8 100
740 99 100
741 38 100
741 30 100
741 48 100
742 12 100
742 50 100
742 327 100
743 360 100
743 21 100
743 68 100
744 420 100
744 440 100
744 422 100
745 96 100
745 266 100
745 527 100
746 56 100
746 637 100
746 24 100
747 564 100
747 12 100
747 112 100
748 207 100
748 667 100
748 210 100
749 50 100
749 326 100
749 261 100
750 266 100
750 454 100
750 11 100
751 82 100
751 148 100
751 581 100
752 68 100
752 405 100
752 56 100
753 32 100
753 538 100
753 29 100
754 40 100
754 509 100
754 5 100
755 89 100
755 711 100
755 416 100
756 140 100
756 276 100
756 411 100
757 207 100
757 38 100
757 42 100
758 6 100
758 95 100
758 352 100
759 318 100
759 235 100
759 719 100
760 133 100
760 304 100
760 706 100
761 189 100
761 339 100
761 285 100
762 3 100
762 664 100
762 19 100
763 91 100
763 410 100
763 743 100
764 279 100
764 344 100
764 13 100
765 674 100
765 568 100
765 15 100
766 731 100
766 4 100
766 68 100
767 44 100
767 564 100
767 17 100
768 8 100
768 288 100
768 70 100
769 5 100
769 577 100
769 150 100
770 161 100
770 5 100
770 651 100
771 3 100
771 414 100
771 8 100
772 133 100
772 110 100
772 453 100
773 11 100
773 123 100
773 40 100
774 625 100
774 316 100
774 586 100
775 117 100
775 327 100
775 12 100
776 12 100
776 716 100
776 30 100
777 32 100
777 177 100
777 17 100
778 247 100
778 415 100
778 12 100
779 81 100
779 187 100
779 261 100
780 181 100
780 461 100
780 8 100
781 2 100
781 40 100
781 132 100
782 519 100
782 286 100
782 79 100
783 21 100
783 21 100
783 74 100
784 98 100
784 307 100
784 217 100
785 6 100
785 5 100
785 546 100
786 467 100
786 26 100
786 29 100
787 222 100
787 629 100
787 273 100
788 217 100
788 303 100
788 34 100
789 1 100
789 6 100
789 22 100
790 574 100
790 87 100
790 74 100
791 5 100
791 72 100
791 299 100
792 451 100
792 54 100
792 289 100
793 779 100
793 349 100
793 278 100
794 81 100
794 410 100
794 4 100
795 332 100
795 790 100
795 793 100
796 46 100
796 274 100
796 246 100
797 26 100
797 167 100
797 58 100
798 750 100
798 4 100
798 18 100
799 114 100
799 90 100
799 99 100
800 5 100
800 39 100
800 74 100
801 597 100
801 3 100
801 435 100
802 171 100
802 1 100
802 150 100
803 59 100
803 123 100
803 140 100
804 1 100
804 55 100
804 58 100
805 248 100
805 58 100
805 731 100
806 68 100
806 128 100
806 80 100
807 127 100
807 5 100
807 13 100
808 471 100
808 520 100
808 68 100
809 233 100
809 6 100
809 368 100
810 788 100
810 30 100
810 14 100
811 451 100
811 50 100
811 3 100
812 745 100
812 5 100
812 20 100
813 8 100
813 132 100
813 5 100
814 6 100
814 303 100
814 82 100
815 1 100
815 54 100
815 99 100
816 14 100
816 35 100
816 66 100
817 255 100
817 123 100
817 88 100
818 188 100
818 311 100
818 170 100
819 108 100
819 507 100
819 698 100
820 3 100
820 8 100
820 67 100
821 3 100
821 783 100
821 131 100
822 489 100
822 21 100
822 141 100
823 719 100
823 81 100
823 148 100
824 5 100
824 170 100
824 1 100
825 787 100
825 800 100
825 50 100
826 485 100
826 722 100
826 70 100
827 213 100
827 49 100
827 84 100
828 147 100
828 161 100
828 5 100
829 48 100
829 60 100
829 84 100
830 65 100
830 187 100
830 433 100
831 3 100
831 12 100
831 165 100
832 138 100
832 114 100
832 410 100
833 455 100
833 112 100
833 185 100
834 7 100
834 4 100
834 110 100
835 117 100
835 711 100
835 809 100
836 61 100
836 115 100
836 5 100
837 489 100
837 110 100
837 782 100
838 30 100
838 232 100
838 508 100
839 104 100
839 33 100
839 599 100
840 20 100
840 59 100
840 366 100
841 13 100
841 741 100
841 3 100
842 170 100
842 778 100
842 300 100
843 841 100
843 5 100
843 430 100
844 17 100
844 835 100
844 124 100
845 285 100
845 720 100
845 319 100
846 145 100
846 84 100
846 5 100
847 458 100
847 285 100
847 589 100
848 647 100
848 4 100
848 235 100
849 154 100
849 48 100
849 297 100
850 184 100
850 25 100
850 513 100
851 248 100
851 687 100
851 81 100
852 60 100
852 371 100
852 785 100
853 13 100
853 117 100
853 20 100
854 38 100
854 586 100
854 72 100
855 242 100
855 13 100
855 598 100
856 600 100
856 658 100
856 4 100
857 32 100
857 52 100
857 756 100
858 1 100
858 560 100
858 343 100
859 88 100
859 789 100
859 0 100
860 219 100
860 822 100
860 12 100
861 286 100
861 79 100
861 574 100
862 14 100
862 768 100
862 8 100
863 785 100
863 862 100
863 58 100
864 5 100
864 114 100
864 768 100
865 837 100
865 97 100
865 187 100
866 115 100
866 540 100
866 116 100
867 566 100
867 37 100
867 393 100
868 3 100
868 17 100
868 224 100
869 282 100
869 779 100
869 807 100
870 784 100
870 5 100
870 1 100
871 6 100
871 71 100
871 1 100
872 304 100
872 265 100
872 34 100
873 208 100
873 740 100
873 0 100
874 219 100
874 643 100
874 354 100
875 675 100
875 701 100
875 117 100
876 2 100
876 69 100
876 411 100
877 607 100
877 745 100
877 759 100
878 256 100
878 603 100
878 844 100
879 303 100
879 11 100
879 170 100
880 61 100
880 191 100
880 208 100
881 8 100
881 624 100
881 20 100
882 139 100
882 205 100
882 222 100
883 219 100
883 434 100
883 5 100
884 875 100
884 26 100
884 359 100
885 534 100
885 2 100
885 108 100
886 19 100
886 186 100
886 108 100
887 134 100
887 698 100
887 54 100
888 391 100
888 1 100
888 3 100
889 422 100
889 580 100
889 56 100
890 468 100
890 574 100
890 2 100
891 14 100
891 40 100
891 248 100
892 566 100
892 229 100
892 296 100
893 3 100
893 34 100
893 18 100
894 851 100
894 139 100
894 804 100
895 5 100
895 5 100
895 7 100
896 575 100
896 863 100
896 39 100
897 291 100
897 22 100
897 94 100
898 7 100
898 733 100
898 170 100
899 16 100
899 339 100
899 56 100
900 42 100
900 143 100
900 207 100
901 442 100
901 58 100
901 69 100
902 86 100
902 163 100
902 167 100
903 261 100
903 659 100
903 6 100
904 95 100
904 43 100
904 841 100
905 14 100
905 17 100
905 70 100
906 32 100
906 37 100
906 63 100
907 91 100
907 570 100
907 171 100
908 12 100
908 3 100
908 170 100
909 21 100
909 19 100
909 8 100
910 881 100
910 39 100
910 540 100
911 91 100
911 73 100
911 166 100
912 16 100
912 96 100
912 176 100
913 138 100
913 528 100
913 22 100
914 32 100
914 281 100
914 322 100
915 123 100
915 57 100
915 279 100
916 10 100
916 834 100
916 5 100
917 216 100
917 507 100
917 9 100
918 13 100
918 906 100
918 20 100
919 307 100
919 497 100
919 594 100
920 5 100
920 29 100
920 342 100
921 154 100
921 3 100
921 92 100
922 150 100
922 686 100
922 4 100
923 809 100
923 167 100
923 26 100
924 14 100
924 331 100
924 41 100
925 536 100
925 637 100
925 48 100
926 152 100
926 282 100
926 3 100
927 8 100
927 607 100
927 65 100
928 218 100
928 860 100
928 899 100
929 391 100
929 79 100
929 2 100
930 2 100
930 5 100
930 125 100
931 128 100
931 182 100
931 122 100
932 358 100
932 134 100
932 472 100
933 522 100
933 184 100
933 705 100
934 14 100
934 349 100
934 527 100
935 933 100
935 201 100
935 81 100
936 24 100
936 935 100
936 38 100
937 7 100
937 40 100
937 134 100
938 99 100
938 24 100
938 698 100
939 106 100
939 411 100
939 649 100
940 682 100
940 162 100
940 491 100
941 750 100
941 412 100
941 222 100
942 26 100
942 283 100
942 317 100
943 174 100
943 20 100
943 149 100
944 5 100
944 165 100
944 348 100
945 61 100
945 91 100
945 210 100
946 46 100
946 768 100
946 203 100
947 454 100
947 76 100
947 107 100
948 409 100
948 670 100
948 709 100
949 209 100
949 606 100
949 48 100
950 425 100
950 409 100
950 539 100
951 725 100
951 484 100
951 896 100
952 17 100
952 369 100
952 5 100
953 2 100
953 539 100
953 512 100
954 434 100
954 530 100
954 378 100
955 394 100
955 516 100
955 118 100
956 4 100
956 25 100
956 707 100
957 62 100
957 92 100
957 146 100
958 648 100
958 12 100
958 304 100
959 13 100
959 154 100
959 918 100
960 723 100
960 871 100
960 842 100
961 5 100
961 300 100
961 368 100
962 287 100
962 139 100
962 233 100
963 311 100
963 577 100
963 281 100
964 385 100
964 427 100
964 415 100
965 747 100
965 61 100
965 142 100
966 5 100
966 731 100
966 680 100
967 633 100
967 8 100
967 333 100
968 908 100
968 1 100
968 297 100
969 572 100
969 584 100
969 61 100
970 13 100
970 5 100
970 456 100
971 14 100
971 40 100
971 562 100
972 8 100
972 61 100
972 85 100
973 629 100
973 4 100
973 30 100
974 253 100
974 595 100
974 24 100
975 66 100
975 776 100
975 35 100
976 24 100
976 4 100
976 106 100
977 170 100
977 337 100
977 121 100
978 56 100
978 94 100
978 206 100
979 4 100
979 931 100
979 537 100
980 78 100
980 115 100
980 21 100
981 434 100
981 268 100
981 581 100
982 60 100
982 214 100
982 8 100
983 526 100
983 546 100
983 937 100
984 3 100
984 26 100
984 349 100
985 23 100
985 235 100
985 46 100
986 149 100
986 5 100
986 264 100
987 50 100
987 778 100
987 5 100
988 322 100
988 334 100
988 89 100
989 185 100
989 334 100
989 35 100
990 45 100
990 292 100
990 390 100
991 5 100
991 300 100
991 582 100
992 14 100
992 116 100
992 859 100
993 458 100
993 302 100
993 5 100
994 265 100
994 6 100
994 132 100
995 192 100
995 12 100
995 150 100
996 159 100
996 60 100
996 12 100
997 303 100
997 979 100
997 186 100
998 3 100
998 617 100
998 7 100
999 8 100
999 433 100
999 740 100
