335 533 100
688 281 100
13 343 100
715 106 100
150 502 100
665 923 100
78 77 100
932 934 100
377 620 100
919 611 100
735 412 100
705 69 100
181 138 100
963 181 100
275 289 100
859 744 100
739 523 100
73 860 100
517 573 100
649 846 100
378 370 100
245 572 100
503 244 100
699 783 100
288 167 100
117 729 100
436 212 100
199 581 100
689 602 100
892 751 100
68 894 100
683 358 100
2 387 100
406 369 100
798 140 100
179 230 100
989 396 100
608 945 100
131 111 100
338 96 100
163 272 100
790 227 100
268 702 100
397 640 100
332 242 100
313 124 100
120 21 100
586 172 100
374 364 100
636 530 100
525 867 100
598 316 100
661 406 100
537 368 100
588 266 100
739 986 100
99 558 100
96 736 100
584 302 100
54 646 100
638 784 100
362 130 100
165 371 100
394 439 100
724 511 100
605 692 100
139 708 99
961 504 99
776 5 99
746 733 99
719 641 99
416 892 99
280 499 99
226 458 99
548 761 99
535 896 99
716 45 99
248 107 99
328 9 99
313 421 99
749 970 99
936 438 99
626 50 99
969 943 99
723 669 99
763 656 99
788 249 99
300 21 99
62 143 99
615 994 99
409 311 99
95 409 99
840 8 99
524 811 99
43 298 99
188 869 99
260 792 99
7 935 99
943 826 99
59 879 99
966 491 99
789 841 99
642 640 99
4 631 99
709 881 99
355 295 99
84 568 99
394 730 99
611 164 99
492 791 99
199 887 99
650 313 99
785 284 99
563 222 99
184 21 99
157 620 99
572 58 99
706 662 99
169 879 99
31 16 98
708 915 98
500 78 98
433 135 98
83 91 98
75 134 98
815 231 98
913 943 98
738 822 98
206 542 98
101 291 98
533 816 98
558 394 98
394 717 98
644 566 98
571 430 98
799 373 98
101 958 98
138 387 98
992 648 98
355 186 98
86 963 98
154 592 98
327 429 98
318 501 98
336 1 98
843 889 98
460 47 98
969 248 98
431 832 98
709 413 98
25 375 98
399 989 98
97 727 98
651 70 98
256 471 98
725 573 98
773 348 98
670 782 98
648 344 98
317 711 98
770 193 98
509 288 98
103 494 98
279 960 98
436 506 98
893 97 98
625 302 98
586 44 98
554 388 98
592 398 97
236 504 97
633 454 97
732 656 97
893 274 97
861 818 97
902 241 97
743 620 97
255 645 97
405 534 97
737 605 97
221 960 97
309 22 97
298 603 97
182 991 97
351 372 97
531 209 97
535 348 97
701 660 97
942 765 97
446 358 97
125 813 97
286 587 97
518 755 97
407 944 97
537 662 97
516 638 97
317 38 97
786 105 97
105 95 97
689 302 97
489 229 97
349 803 97
226 635 97
273 680 97
626 47 97
311 54 97
380 350 97
585 941 97
32 472 97
503 774 97
463 809 97
845 62 97
347 119 97
394 573 97
618 125 97
63 261 97
28 416 97
308 878 97
440 668 97
902 739 97
685 425 97
893 616 97
842 640 97
345 875 97
695 124 97
602 237 97
920 915 97
34 66 96
56 857 96
426 213 96
23 362 96
186 867 96
136 528 96
342 670 96
90 521 96
298 855 96
268 364 96
81 550 96
915 881 96
36 506 96
138 689 96
777 707 96
344 525 96
385 818 96
127 119 96
987 33 96
903 947 96
34 313 96
338 293 96
555 456 96
677 665 96
834 731 96
681 84 96
137 997 96
595 952 96
640 927 96
732 930 96
370 39 96
568 783 96
818 356 96
970 678 96
230 832 96
453 591 96
916 206 96
728 467 96
758 140 96
384 847 96
217 884 96
475 227 96
167 635 96
486 108 96
296 648 96
397 138 96
149 938 96
356 699 96
654 638 96
543 793 96
70 729 96
294 440 96
497 117 96
406 840 96
552 686 96
49 818 96
143 240 96
299 210 96
620 971 96
138 490 96
734 910 96
91 511 96
676 518 96
599 682 96
37 282 96
363 835 96
148 243 96
284 61 96
640 447 96
75 180 96
769 395 95
296 517 95
162 603 95
58 414 95
693 547 95
718 137 95
286 791 95
662 202 95
199 807 95
327 218 95
738 808 95
924 662 95
149 610 95
918 63 95
413 958 95
220 76 95
901 349 95
298 795 95
165 511 95
231 894 95
262 205 95
204 628 95
149 252 95
483 930 95
238 110 95
586 300 95
863 275 95
441 121 95
219 633 95
21 735 95
136 445 95
609 323 95
273 373 95
65 517 95
18 114 95
431 277 95
942 769 95
494 209 95
986 938 95
495 282 94
608 395 94
759 869 94
530 910 94
1 157 94
657 111 94
775 115 94
604 324 94
442 383 94
529 863 94
615 609 94
423 597 94
328 203 94
513 221 94
236 807 94
698 127 94
882 972 94
294 384 94
790 429 94
346 816 94
751 469 94
442 92 94
727 660 94
433 387 94
557 71 94
482 302 94
91 652 94
273 810 94
364 830 94
19 918 94
112 191 94
563 918 94
227 61 94
670 526 94
666 384 94
754 553 94
103 146 94
167 605 94
200 254 94
326 571 94
243 514 94
479 433 94
91 494 94
687 667 94
289 866 94
823 127 94
494 159 94
90 194 94
360 568 94
925 544 94
474 817 94
652 848 94
409 62 94
868 659 94
143 45 94
852 500 94
621 988 94
999 59 94
263 40 94
356 268 94
272 599 94
881 523 94
686 955 94
801 94 94
148 401 94
268 879 94
630 57 94
104 446 94
276 342 94
265 533 94
165 351 94
322 187 94
277 854 94
876 104 94
957 78 94
971 367 94
921 730 94
620 96 94
61 963 94
147 560 94
696 320 94
264 80 94
369 600 94
588 334 94
490 934 94
187 543 94
753 79 94
168 647 94
507 674 94
634 980 94
167 842 93
500 544 93
651 673 93
108 798 93
209 858 93
404 28 93
187 670 93
9 635 93
796 225 93
889 548 93
622 402 93
930 145 93
170 24 93
354 401 93
10 203 93
718 283 93
616 787 93
463 985 93
756 803 93
802 55 93
185 770 93
194 278 93
251 691 93
197 349 93
757 606 93
122 488 93
789 357 93
651 814 93
196 616 93
203 176 93
925 934 93
202 841 93
293 404 93
867 173 93
388 125 93
26 480 93
733 571 93
62 400 93
776 607 93
615 11 93
657 289 93
46 968 93
789 825 93
775 727 93
108 922 93
257 322 93
12 382 93
676 746 93
8 0 93
209 935 93
661 112 93
992 731 93
670 886 93
785 526 93
571 918 93
29 146 93
31 839 93
154 129 93
766 651 93
620 779 93
53 921 93
577 397 93
81 457 93
420 607 93
387 330 93
737 73 93
277 794 93
501 208 92
527 273 92
452 42 92
79 713 92
414 229 92
848 902 92
982 194 92
308 967 92
495 510 92
624 232 92
230 30 92
654 592 92
812 616 92
786 269 92
23 978 92
329 765 92
282 580 92
366 472 92
951 326 92
679 74 92
516 352 92
39 891 92
605 130 92
695 168 92
193 269 92
793 885 92
512 16 92
287 593 92
780 376 92
372 171 92
511 888 92
912 565 92
755 350 92
589 299 92
593 276 92
701 708 92
493 523 92
22 1 92
439 835 92
592 264 92
177 859 92
214 306 92
926 609 92
937 219 92
220 736 92
902 889 92
321 266 92
935 752 92
385 106 92
364 294 92
890 786 92
302 713 92
340 369 91
315 112 91
350 204 91
689 362 91
733 620 91
770 992 91
838 230 91
123 222 91
379 615 91
575 750 91
736 241 91
473 556 91
455 911 91
931 240 91
778 170 91
398 127 91
299 912 91
470 927 91
75 330 91
333 188 91
323 433 91
302 554 91
572 872 91
304 766 91
722 279 91
52 23 91
810 137 91
991 769 91
801 688 91
957 972 91
452 490 91
321 763 91
204 178 91
988 601 91
67 982 91
500 679 91
198 754 91
410 599 91
799 365 91
368 823 91
348 316 91
959 627 91
408 751 91
463 708 91
450 270 91
727 355 91
781 232 91
682 669 91
819 230 91
535 577 91
778 647 91
303 679 91
995 981 91
331 14 91
612 156 91
650 539 91
193 501 91
239 446 91
965 684 91
767 519 91
217 242 91
48 11 91
118 930 91
404 235 91
415 434 91
958 766 91
199 413 91
927 645 91
449 953 91
27 143 91
769 568 91
313 855 91
67 717 91
562 256 91
317 184 91
133 391 91
945 733 91
41 709 91
978 142 91
173 402 91
344 234 91
652 10 91
276 598 90
928 775 90
170 497 90
817 562 90
801 791 90
628 128 90
51 228 90
660 473 90
217 805 90
632 161 90
471 686 90
375 849 90
209 328 90
444 598 90
340 327 90
99 516 90
855 937 90
583 647 90
508 93 90
443 558 90
901 506 90
418 40 90
187 999 90
856 717 90
928 930 90
150 63 90
821 196 90
753 784 90
49 337 90
478 638 90
115 376 90
842 11 90
496 278 90
476 344 90
813 607 90
913 946 90
238 497 90
790 18 90
897 380 90
400 570 90
700 313 90
765 812 90
614 159 90
511 70 90
568 998 90
698 79 90
314 92 90
742 31 90
176 526 90
820 727 90
378 752 90
763 539 90
189 430 90
407 334 90
194 332 90
901 482 90
891 640 90
924 774 90
38 498 90
930 709 90
877 421 90
551 50 90
630 509 89
866 921 89
58 466 89
118 219 89
861 676 89
399 246 89
656 916 89
154 598 89
580 576 89
958 0 89
745 495 89
924 781 89
481 104 89
197 678 89
670 706 89
745 551 89
356 327 89
244 653 89
951 179 89
868 159 89
967 655 89
82 50 89
486 396 89
638 119 89
110 386 89
152 852 89
699 702 89
964 466 89
291 90 89
108 376 89
347 985 89
585 29 89
628 927 89
45 938 89
154 691 89
43 482 89
860 629 89
241 453 89
984 91 89
583 261 89
108 430 89
980 8 89
493 878 89
770 441 89
326 908 89
509 450 89
800 916 89
872 423 89
956 577 89
962 172 89
679 439 89
33 683 89
90 991 89
404 18 89
922 378 89
27 906 89
423 574 89
422 668 89
847 697 89
261 463 89
144 735 89
78 758 89
611 936 89
509 320 89
154 471 89
490 318 89
267 174 88
403 172 88
35 579 88
542 610 88
666 48 88
131 636 88
541 402 88
188 108 88
396 890 88
583 504 88
217 984 88
609 978 88
656 250 88
353 47 88
188 739 88
644 124 88
613 391 88
885 566 88
167 289 88
277 728 88
723 605 88
176 365 88
70 40 88
145 393 88
39 486 88
863 95 88
435 684 88
168 475 88
433 13 88
759 896 88
701 285 88
519 717 88
311 234 88
194 13 88
314 953 88
643 707 88
767 555 88
210 487 88
932 720 88
670 363 88
808 315 88
337 662 88
166 572 88
826 477 88
838 861 88
314 666 88
185 926 88
584 110 88
601 327 88
815 62 88
731 784 88
449 781 88
802 565 88
738 814 88
731 354 88
316 690 88
385 791 88
445 602 88
567 397 88
892 839 87
640 620 87
235 737 87
570 818 87
461 991 87
1 333 87
485 855 87
342 604 87
960 53 87
176 869 87
265 722 87
531 395 87
815 960 87
424 130 87
85 9 87
501 648 87
708 467 87
87 212 87
100 835 87
591 330 87
793 182 87
835 748 87
886 981 87
378 968 87
644 452 87
436 284 87
721 154 87
828 851 87
326 358 87
911 431 87
900 287 87
544 312 87
724 118 87
734 375 87
645 903 87
215 285 87
704 191 87
102 511 87
465 206 87
724 375 87
788 327 87
273 0 87
965 727 87
84 380 87
701 527 87
830 36 87
779 938 87
460 207 87
629 827 87
299 847 87
527 742 87
839 281 87
134 290 87
185 26 87
153 17 87
522 211 87
425 88 87
12 598 87
170 336 87
335 499 87
8 407 86
621 276 86
372 63 86
760 123 86
53 23 86
962 634 86
369 534 86
237 365 86
365 655 86
189 107 86
53 583 86
381 303 86
433 524 86
882 897 86
696 706 86
1 106 86
850 345 86
870 463 86
87 209 86
545 638 86
284 367 86
993 823 86
858 940 86
744 371 86
608 469 86
893 656 86
441 261 86
216 666 86
226 71 86
50 310 86
912 425 86
119 694 86
613 282 86
726 905 86
163 522 86
626 948 86
246 648 86
615 661 86
314 433 86
301 806 86
846 602 86
130 84 86
785 350 86
48 710 86
490 778 86
729 785 86
20 527 86
482 905 86
923 42 86
898 290 86
153 169 86
300 852 86
481 83 86
478 835 86
467 162 86
39 242 86
905 242 86
232 80 86
665 617 86
950 173 86
621 125 86
606 19 86
287 319 86
782 284 86
640 24 86
488 318 86
668 971 85
20 626 85
996 45 85
212 24 85
832 732 85
998 441 85
163 531 85
130 263 85
679 154 85
571 710 85
464 58 85
184 175 85
228 921 85
535 39 85
990 288 85
964 914 85
929 333 85
125 763 85
832 335 85
84 956 85
849 524 85
543 778 85
282 396 85
574 668 85
214 228 85
161 411 85
68 320 85
191 992 85
343 330 85
567 735 85
143 400 85
496 576 85
345 916 85
934 225 85
639 435 85
51 515 85
358 821 85
701 83 85
390 355 85
588 236 85
686 216 85
876 812 85
453 394 85
350 208 85
438 8 85
78 113 85
804 549 85
983 275 85
258 319 85
419 317 85
529 905 85
127 142 85
156 301 85
375 808 85
594 314 85
30 45 85
414 502 85
898 495 85
329 764 85
218 94 85
831 653 85
564 430 85
970 817 85
246 918 85
300 673 85
752 153 85
800 888 84
445 97 84
342 543 84
609 322 84
549 342 84
615 696 84
759 579 84
200 664 84
455 382 84
878 563 84
679 554 84
147 962 84
590 233 84
619 993 84
141 847 84
815 622 84
591 10 84
407 313 84
116 953 84
422 617 84
860 216 84
597 289 84
175 214 84
462 513 84
743 889 84
446 67 84
351 440 84
225 405 84
903 548 84
76 171 84
758 52 84
169 221 84
749 396 84
302 251 84
802 111 84
299 466 84
827 454 84
269 290 84
202 73 84
424 163 84
223 892 84
669 504 84
144 656 84
454 692 84
941 888 84
50 95 84
820 647 84
448 344 84
135 949 84
961 729 84
639 7 84
806 640 84
211 894 84
735 376 84
177 681 84
851 636 84
843 118 84
418 739 84
691 451 83
118 99 83
636 178 83
514 661 83
702 816 83
249 324 83
5 206 83
232 132 83
549 360 83
539 194 83
506 570 83
592 982 83
797 483 83
156 578 83
582 222 83
367 810 83
875 34 83
601 471 83
219 196 83
716 171 83
382 552 83
104 737 83
116 508 83
355 345 83
390 994 83
305 309 83
578 493 83
332 991 83
868 27 83
171 624 83
684 381 83
589 859 83
349 436 83
587 897 83
888 863 83
251 402 83
188 99 83
5 41 83
88 121 83
196 740 83
387 354 83
868 290 83
302 176 83
803 870 83
567 367 83
138 275 83
251 738 83
921 542 83
578 13 83
191 403 83
550 812 83
739 826 83
958 440 83
344 61 83
179 559 83
83 822 83
764 384 83
868 698 83
952 582 83
481 589 83
971 580 83
91 739 83
396 607 83
800 307 83
628 467 82
365 77 82
685 84 82
256 134 82
718 184 82
481 744 82
775 573 82
815 405 82
396 252 82
205 316 82
322 843 82
219 122 82
931 968 82
230 744 82
437 709 82
52 914 82
265 333 82
909 759 82
16 43 82
535 775 82
175 88 82
264 389 82
447 935 82
811 600 82
879 627 82
347 716 82
916 438 82
720 269 82
235 351 82
544 661 82
347 652 82
54 271 82
473 122 82
407 962 82
879 214 82
411 617 82
171 822 82
157 87 82
37 898 82
782 139 82
972 947 82
438 676 82
624 575 82
953 196 82
834 301 82
391 398 82
491 897 82
625 995 82
588 715 82
996 671 82
299 933 82
411 214 82
218 301 82
158 349 82
438 208 82
352 919 82
374 998 82
402 942 82
850 662 82
817 426 82
145 462 82
72 380 82
749 676 82
452 382 82
622 169 81
251 633 81
98 879 81
567 790 81
563 772 81
857 249 81
463 292 81
155 525 81
82 429 81
163 776 81
627 461 81
216 99 81
743 713 81
564 618 81
211 510 81
196 505 81
951 921 81
604 826 81
178 813 81
634 452 81
608 165 81
105 706 81
454 160 81
246 487 81
97 672 81
908 883 81
210 824 81
49 654 81
144 881 81
974 817 81
484 841 81
333 150 81
338 312 81
958 521 81
917 639 81
413 229 81
179 824 81
133 88 81
156 292 81
824 407 81
568 647 81
285 690 81
744 621 81
677 279 81
658 825 81
452 45 81
322 514 81
21 858 81
180 425 80
941 718 80
712 188 80
784 54 80
210 153 80
975 580 80
772 406 80
991 362 80
978 360 80
864 832 80
690 307 80
184 410 80
466 777 80
660 912 80
262 137 80
386 220 80
619 433 80
556 505 80
805 753 80
19 107 80
479 35 80
196 881 80
455 821 80
615 721 80
817 477 80
564 701 80
794 715 80
872 409 80
524 201 80
284 774 80
133 106 80
958 406 80
921 54 80
3 260 80
958 314 80
530 27 80
275 819 80
168 0 80
482 722 80
644 63 80
887 698 80
247 130 80
744 863 80
940 634 80
476 643 80
508 544 80
250 998 80
981 824 80
917 438 80
875 530 80
577 912 80
467 321 80
792 583 80
625 542 80
990 503 80
224 587 80
339 564 80
166 511 80
434 709 80
953 650 80
924 442 80
741 4 80
282 612 80
243 560 80
550 376 80
225 657 79
452 445 79
106 156 79
766 666 79
90 966 79
942 731 79
209 512 79
987 231 79
340 595 79
210 564 79
580 681 79
831 413 79
459 904 79
809 630 79
526 687 79
104 775 79
24 266 79
449 510 79
276 171 79
616 471 79
251 4 79
675 533 79
262 724 79
67 458 79
54 882 79
0 583 79
249 794 79
859 215 79
700 31 79
683 34 79
925 252 79
370 780 79
758 519 79
291 852 79
587 701 79
89 325 79
846 420 79
885 42 79
834 490 79
817 147 79
495 880 79
970 690 79
439 423 79
611 189 79
25 793 79
153 541 79
388 764 79
58 8 79
454 513 79
167 328 79
504 549 79
205 209 79
542 685 79
16 99 79
971 386 79
357 50 79
905 497 79
579 371 78
497 237 78
802 231 78
878 186 78
366 79 78
970 478 78
35 432 78
135 488 78
153 348 78
417 676 78
127 537 78
138 328 78
510 806 78
885 61 78
889 167 78
283 524 78
142 54 78
935 194 78
872 111 78
838 744 78
679 877 78
410 247 78
233 898 78
489 766 78
776 154 78
277 248 78
257 547 78
889 305 78
742 857 78
343 846 78
194 169 78
711 710 78
519 143 78
980 427 78
536 967 78
633 864 78
892 417 78
781 729 78
161 926 78
172 169 78
109 902 78
634 74 78
145 706 78
549 667 78
683 101 78
432 303 78
577 456 78
730 378 78
170 191 78
867 343 78
613 404 78
269 788 78
564 264 78
32 684 78
679 1 78
80 465 78
288 103 78
195 557 78
334 748 78
99 27 78
35 256 78
994 540 78
896 331 77
573 166 77
822 1 77
450 764 77
886 665 77
974 584 77
959 369 77
828 682 77
802 460 77
975 406 77
473 156 77
824 414 77
712 977 77
52 611 77
624 760 77
435 7 77
50 40 77
167 75 77
6 32 77
965 391 77
88 281 77
14 467 77
55 939 77
643 724 77
328 54 77
458 802 77
844 559 77
905 65 77
45 91 77
401 287 77
367 265 77
480 723 77
582 599 77
796 615 77
1 978 77
919 929 77
932 332 77
105 630 77
757 532 77
763 720 77
943 892 77
382 759 77
785 434 77
870 234 77
979 697 77
393 767 77
765 846 77
862 820 77
955 802 77
682 33 77
106 116 77
374 999 77
846 783 77
396 897 77
973 9 76
999 76 76
345 549 76
301 719 76
779 121 76
212 497 76
967 459 76
120 29 76
180 296 76
720 4 76
351 754 76
304 2 76
855 27 76
407 15 76
256 271 76
749 666 76
745 113 76
611 537 76
174 290 76
234 30 76
995 549 76
678 978 76
555 591 76
283 336 76
451 757 76
615 616 76
112 490 76
809 401 76
193 190 76
620 882 76
503 992 76
101 416 76
964 984 76
590 594 76
465 833 76
225 767 76
425 692 76
172 542 76
592 229 76
391 633 76
112 429 76
157 23 76
503 581 76
566 226 76
863 143 76
846 865 76
757 436 76
390 63 76
557 394 76
540 884 76
596 351 76
457 325 76
509 743 76
357 56 76
250 14 76
597 637 76
240 231 76
848 838 76
954 497 76
507 611 76
537 919 76
81 705 76
955 749 75
742 498 75
601 167 75
376 775 75
607 681 75
789 452 75
520 102 75
783 949 75
792 190 75
444 87 75
89 703 75
321 254 75
603 695 75
848 678 75
88 325 75
827 170 75
438 255 75
538 922 75
603 958 75
969 354 75
771 806 75
890 116 75
414 180 75
274 426 75
565 70 75
606 646 75
746 614 75
471 381 75
911 585 75
140 220 75
516 728 75
16 905 75
128 246 75
117 616 75
68 444 75
40 813 75
969 833 75
863 757 75
708 499 75
482 219 75
39 995 75
661 490 75
231 730 75
28 832 75
850 758 75
466 63 75
308 800 75
29 944 75
487 133 75
514 64 75
753 93 75
473 198 75
721 964 75
518 514 75
433 165 75
31 539 75
249 224 75
476 553 75
256 233 75
725 942 75
859 408 75
325 630 75
45 632 75
740 142 75
808 804 75
251 183 75
332 794 74
486 398 74
146 541 74
487 450 74
682 454 74
349 145 74
252 794 74
56 124 74
17 553 74
511 212 74
905 78 74
562 870 74
430 254 74
878 927 74
731 719 74
240 10 74
414 674 74
840 385 74
374 333 74
879 788 74
420 120 74
68 452 74
471 139 74
521 989 74
883 574 74
988 694 74
278 293 74
423 883 74
865 958 74
735 791 74
195 686 74
669 203 74
747 878 74
594 113 74
215 712 74
514 847 74
749 18 74
798 163 74
225 748 74
938 250 74
469 293 74
44 542 74
463 38 73
764 352 73
569 127 73
941 2 73
866 45 73
913 440 73
277 863 73
877 257 73
188 847 73
545 679 73
602 679 73
266 213 73
980 237 73
805 157 73
764 34 73
807 74 73
467 165 73
582 704 73
873 25 73
647 451 73
377 992 73
368 615 73
735 799 73
732 648 73
742 842 73
519 385 73
219 480 73
470 421 73
96 744 73
553 954 73
44 860 73
445 856 73
568 337 73
899 765 73
223 901 73
708 571 73
190 683 73
981 598 73
425 261 73
498 146 73
570 503 73
76 989 73
796 884 73
916 138 73
14 367 73
772 6 73
609 158 73
292 811 73
262 788 73
973 788 73
235 255 73
372 844 73
618 881 73
807 953 73
405 323 73
512 29 73
312 442 73
97 466 73
889 967 73
505 240 73
570 460 73
398 888 73
776 855 73
315 740 73
274 372 73
475 655 72
976 952 72
412 330 72
430 157 72
568 501 72
425 499 72
798 983 72
25 381 72
593 536 72
791 838 72
810 388 72
735 111 72
653 862 72
421 958 72
219 574 72
356 467 72
343 255 72
127 363 72
248 450 72
547 952 72
185 919 72
723 709 72
228 870 72
98 25 72
384 194 72
963 622 72
228 346 72
345 74 72
307 229 72
741 528 72
789 370 72
413 534 72
860 944 72
375 696 72
21 116 72
978 573 72
546 469 72
447 590 72
471 561 72
468 612 72
61 802 72
157 640 72
452 871 72
432 759 72
352 65 72
2 904 72
461 500 72
912 658 72
276 674 72
312 929 72
157 808 72
215 43 72
813 60 72
221 426 72
685 719 72
467 368 72
595 999 72
605 224 72
473 517 72
498 444 72
818 154 72
455 553 72
206 278 72
214 744 72
684 708 72
590 578 72
479 792 71
314 310 71
522 388 71
641 97 71
329 196 71
261 740 71
133 77 71
861 889 71
416 431 71
539 802 71
675 145 71
42 397 71
466 109 71
317 294 71
125 528 71
946 402 71
850 769 71
604 562 71
402 285 71
955 396 71
898 928 71
554 504 71
22 994 71
367 17 71
266 728 71
506 762 71
492 883 71
686 384 71
791 59 71
704 946 71
0 201 71
282 973 71
51 399 71
791 968 71
429 924 71
159 306 71
930 662 71
959 350 71
21 384 71
715 458 71
122 299 71
131 610 71
830 846 71
678 940 71
869 923 71
182 336 71
161 797 71
328 799 71
382 956 71
94 80 71
665 511 71
298 98 71
582 758 71
843 521 71
792 774 71
114 455 71
742 305 71
981 994 71
94 874 71
240 804 71
796 660 71
350 615 71
697 736 71
171 306 71
964 603 71
50 257 71
293 54 71
809 730 71
27 931 70
934 768 70
912 959 70
227 478 70
393 82 70
12 895 70
111 107 70
137 808 70
829 474 70
533 736 70
599 501 70
585 498 70
837 545 70
840 215 70
209 667 70
617 233 70
349 22 70
306 311 70
775 755 70
95 921 70
58 756 70
478 637 70
622 117 70
267 110 70
932 556 70
53 945 70
473 278 70
531 18 70
661 761 70
937 900 70
319 0 70
100 618 70
110 674 70
685 135 70
597 854 70
246 135 70
489 890 70
144 842 70
850 611 70
764 974 70
106 659 70
508 149 70
326 82 70
42 760 70
433 820 70
227 813 70
821 3 70
872 311 70
175 264 70
752 969 70
983 573 70
168 406 70
659 637 70
394 871 70
274 18 70
429 736 70
289 1 70
432 952 70
162 959 70
674 571 70
681 130 70
174 601 70
74 539 70
863 388 70
647 284 70
119 145 70
422 770 70
363 810 70
452 580 69
325 286 69
729 464 69
231 597 69
357 538 69
924 409 69
856 420 69
298 468 69
207 905 69
552 296 69
945 210 69
876 609 69
894 780 69
191 147 69
866 778 69
369 17 69
793 454 69
979 254 69
964 943 69
709 331 69
491 477 69
346 665 69
766 895 69
740 34 69
308 830 69
102 732 69
792 711 69
172 338 69
650 318 69
70 428 69
658 954 69
833 771 69
728 13 69
496 186 69
615 476 69
439 502 69
380 680 69
957 625 69
327 857 69
968 260 69
56 36 69
523 365 69
61 280 69
448 497 69
500 167 69
461 790 69
271 799 69
292 991 69
764 569 69
208 542 69
363 243 69
945 790 69
768 914 69
734 506 69
87 502 69
792 56 69
926 324 69
626 105 68
515 665 68
75 16 68
738 252 68
334 407 68
413 509 68
487 671 68
478 59 68
745 121 68
18 243 68
252 792 68
62 247 68
502 83 68
588 450 68
567 862 68
326 344 68
162 280 68
968 941 68
704 50 68
169 31 68
213 88 68
452 392 68
748 629 68
908 2 68
600 610 68
724 900 68
439 496 68
612 266 68
697 595 68
478 748 68
431 871 68
107 527 68
122 523 68
29 818 68
731 600 68
421 137 68
831 656 68
726 242 68
675 999 68
13 71 68
19 32 68
269 460 68
278 33 68
33 287 68
870 430 68
251 493 68
865 440 68
586 580 68
630 938 68
158 242 68
43 208 68
130 862 68
40 668 68
231 548 68
460 101 68
46 123 68
56 447 68
833 823 68
223 733 68
86 419 68
755 264 68
571 522 68
559 340 68
925 216 68
642 348 67
7 443 67
724 397 67
696 133 67
508 3 67
578 784 67
940 991 67
944 454 67
639 68 67
734 294 67
654 53 67
628 400 67
728 987 67
86 80 67
431 24 67
22 419 67
276 189 67
962 581 67
796 441 67
80 474 67
2 41 67
59 886 67
994 178 67
710 435 67
964 242 67
245 427 67
879 600 67
730 959 67
406 526 67
389 986 67
142 15 67
67 4 67
6 145 67
484 117 67
667 968 67
430 454 67
936 515 67
787 126 67
875 595 67
708 781 67
780 180 67
322 565 67
938 875 67
605 904 67
804 545 67
349 502 67
568 203 67
493 414 67
513 91 67
49 30 67
700 420 67
196 262 67
395 405 67
745 834 67
263 378 67
452 956 67
250 13 67
845 521 67
611 959 66
428 809 66
472 233 66
295 362 66
377 750 66
614 574 66
866 17 66
216 452 66
351 744 66
741 243 66
825 172 66
69 717 66
596 55 66
482 894 66
677 943 66
212 108 66
836 155 66
819 73 66
937 712 66
954 886 66
677 811 66
579 871 66
520 241 66
172 966 66
948 831 66
615 722 66
446 651 66
203 373 66
962 981 66
538 592 66
152 557 66
537 195 66
914 242 66
215 490 66
637 390 66
807 706 66
679 909 66
576 504 66
933 180 66
53 433 66
322 722 66
228 970 66
100 18 66
497 503 66
935 973 66
865 709 66
778 973 66
675 641 66
219 290 66
253 863 66
159 779 66
337 704 66
956 417 66
856 314 66
705 214 66
516 772 66
766 354 66
28 12 66
476 460 66
867 29 66
952 898 66
398 456 65
875 418 65
135 755 65
695 74 65
93 390 65
515 67 65
905 653 65
321 669 65
113 663 65
372 204 65
357 347 65
971 855 65
697 840 65
220 435 65
88 314 65
500 490 65
756 731 65
274 606 65
675 311 65
845 532 65
677 48 65
79 900 65
444 292 65
369 520 65
184 792 65
880 482 65
912 140 65
836 583 65
528 564 65
919 487 65
60 79 65
649 942 65
143 828 65
500 941 65
558 503 65
775 477 65
521 96 65
445 484 65
451 108 65
317 588 65
317 357 65
577 552 65
397 26 65
62 256 65
314 471 65
316 402 65
2 696 65
378 922 65
333 389 65
944 25 65
541 143 65
907 562 65
689 353 65
323 703 65
221 986 65
331 235 65
661 965 65
856 156 65
907 262 65
462 820 65
817 598 64
232 81 64
907 311 64
544 943 64
736 362 64
148 543 64
210 66 64
888 468 64
157 309 64
733 801 64
149 957 64
564 722 64
207 557 64
742 654 64
804 85 64
797 947 64
140 438 64
40 897 64
162 601 64
498 340 64
137 542 64
814 637 64
922 353 64
737 603 64
478 882 64
880 817 64
913 586 64
83 871 64
716 777 64
509 61 64
689 557 64
59 123 64
42 937 64
417 148 64
693 760 64
989 460 64
531 697 64
490 953 64
572 777 64
769 364 64
865 774 64
118 517 64
971 178 64
417 147 64
279 719 64
5 317 64
833 265 63
733 630 63
440 343 63
221 585 63
973 108 63
80 485 63
463 951 63
47 629 63
978 5 63
185 321 63
722 421 63
547 874 63
183 426 63
253 783 63
449 933 63
460 833 63
83 107 63
679 921 63
509 993 63
178 692 63
165 725 63
970 190 63
570 453 63
808 190 63
400 966 63
598 797 63
240 781 63
936 500 63
116 855 63
81 861 63
873 589 63
498 407 63
180 717 63
124 844 63
507 237 63
342 260 63
943 490 63
464 719 63
513 727 63
849 738 63
243 634 63
830 252 63
93 221 63
851 456 63
73 618 63
943 712 63
189 488 63
111 641 63
210 687 63
612 107 63
0 343 63
191 581 63
172 724 63
34 999 63
758 931 63
707 692 63
424 550 63
657 290 63
314 574 63
852 793 63
818 272 63
801 838 63
265 161 62
188 860 62
730 386 62
983 572 62
650 745 62
287 110 62
120 324 62
417 816 62
91 238 62
375 118 62
944 57 62
774 988 62
369 7 62
310 41 62
834 467 62
723 661 62
751 818 62
183 644 62
410 280 62
311 71 62
454 306 62
533 798 62
885 823 62
376 123 62
498 497 62
436 176 62
984 577 62
110 127 62
892 578 62
462 54 62
701 324 62
871 808 62
876 298 62
635 645 62
671 179 62
181 503 62
99 67 62
440 818 62
825 533 62
349 894 62
883 210 62
364 352 62
759 624 62
436 708 62
1 88 62
253 883 62
617 303 62
224 841 62
867 434 62
133 230 62
656 473 62
287 88 62
853 260 62
978 456 62
131 695 62
449 775 62
970 592 62
164 342 62
847 749 62
768 610 62
759 463 62
468 377 62
13 364 62
489 445 62
695 356 62
651 823 62
561 672 62
860 128 62
450 811 62
706 344 61
824 544 61
904 452 61
615 692 61
453 32 61
334 545 61
28 587 61
197 643 61
941 472 61
854 695 61
909 374 61
245 265 61
657 760 61
957 451 61
257 875 61
981 320 61
356 811 61
470 314 61
832 272 61
260 112 61
666 111 61
779 269 61
470 817 61
475 571 61
766 68 61
153 429 61
322 465 61
165 231 61
13 617 61
230 998 61
234 887 61
695 914 61
758 601 61
428 884 61
557 434 61
790 433 61
282 331 61
291 528 61
927 252 61
530 453 61
0 920 61
494 104 61
371 913 61
649 353 61
121 391 61
556 709 61
306 526 61
953 715 61
445 477 61
595 124 61
923 239 61
214 91 61
852 794 61
604 350 61
967 776 61
955 419 60
930 565 60
152 167 60
406 119 60
616 371 60
320 336 60
135 103 60
233 166 60
443 537 60
901 443 60
346 739 60
149 966 60
160 660 60
413 372 60
368 503 60
708 282 60
439 233 60
108 164 60
219 285 60
797 150 60
876 574 60
691 390 60
773 978 60
153 520 60
35 650 60
178 593 60
468 203 60
615 613 60
974 127 60
10 568 60
835 71 60
54 827 60
700 7 60
424 472 60
98 290 60
900 10 60
874 987 60
662 451 60
101 538 60
829 570 60
563 33 60
569 397 60
595 184 60
761 594 60
86 39 60
515 693 60
267 788 60
786 841 60
956 937 60
831 243 60
326 570 60
87 934 60
587 719 60
233 856 60
646 994 60
720 497 60
94 926 60
208 244 60
934 251 59
902 544 59
607 500 59
440 692 59
490 451 59
235 230 59
573 482 59
855 409 59
87 438 59
102 168 59
983 974 59
457 598 59
895 628 59
713 417 59
705 556 59
744 141 59
326 705 59
916 222 59
707 532 59
545 53 59
725 584 59
782 386 59
163 695 59
596 715 59
695 452 59
293 944 59
14 161 59
60 77 59
818 687 59
114 259 59
478 123 59
127 685 59
544 326 59
183 757 59
239 819 59
484 186 59
705 695 59
491 160 59
517 551 59
316 871 59
527 281 59
186 893 59
434 679 59
793 719 59
210 932 59
366 120 59
59 351 59
724 564 59
37 643 59
839 172 59
34 484 59
672 388 59
619 312 59
95 473 59
621 650 59
775 425 59
90 673 59
889 750 59
447 103 59
88 589 59
469 573 59
93 322 59
465 515 59
195 640 59
432 913 59
617 630 59
594 394 59
884 351 59
205 193 59
512 453 59
7 641 59
973 17 59
728 790 59
30 796 59
917 671 59
799 228 59
432 789 59
4 406 59
78 815 59
419 473 59
944 689 58
88 186 58
316 278 58
670 294 58
591 854 58
73 954 58
725 572 58
722 599 58
862 856 58
991 257 58
402 864 58
221 580 58
273 253 58
980 39 58
406 649 58
776 931 58
571 469 58
852 754 58
432 483 58
311 221 58
275 400 58
20 12 58
601 555 58
604 113 58
660 283 58
258 820 58
814 267 58
287 421 58
948 939 58
451 865 58
225 557 58
64 121 58
81 267 58
20 764 58
826 662 58
421 343 58
630 328 58
549 71 58
278 874 58
843 74 58
898 534 58
489 504 58
461 866 58
815 625 58
743 41 58
968 613 58
811 985 58
538 390 58
269 685 58
594 902 58
730 690 58
632 625 58
194 17 58
233 799 57
807 266 57
213 925 57
672 400 57
17 501 57
561 120 57
524 879 57
884 734 57
793 880 57
913 161 57
15 729 57
836 227 57
234 849 57
898 691 57
777 68 57
529 429 57
140 413 57
604 693 57
491 802 57
321 376 57
704 634 57
154 323 57
938 134 57
497 197 57
442 126 57
272 152 57
844 704 57
3 719 57
116 801 57
672 376 57
71 300 57
581 636 57
727 129 57
489 457 57
722 413 57
927 278 57
922 542 57
991 795 57
704 776 57
665 331 57
947 479 57
453 205 57
863 899 57
431 645 57
451 560 57
819 259 57
718 581 57
887 357 57
582 401 57
685 430 57
785 200 57
127 404 57
346 771 57
411 548 57
443 39 57
956 212 57
925 577 57
88 310 57
993 856 57
8 710 57
637 707 57
533 341 57
649 153 57
494 738 57
553 298 56
275 96 56
27 886 56
609 655 56
223 27 56
135 375 56
468 782 56
723 69 56
320 766 56
49 991 56
491 373 56
778 120 56
927 145 56
823 842 56
665 790 56
302 222 56
93 306 56
351 380 56
441 585 56
58 875 56
677 320 56
609 366 56
359 30 56
83 211 56
79 531 56
37 188 56
624 547 56
45 696 56
608 297 56
767 207 56
555 971 56
325 963 56
331 192 56
569 659 56
424 777 56
755 92 56
935 283 56
849 441 56
825 197 56
573 95 56
17 144 56
53 369 56
755 566 56
732 725 56
870 985 56
267 290 56
686 133 56
439 985 56
155 526 56
812 370 56
159 153 56
191 324 56
771 955 56
987 351 56
793 349 56
110 198 56
827 308 56
162 892 56
42 626 56
395 973 56
557 713 56
941 597 56
62 487 55
557 471 55
693 945 55
801 183 55
987 664 55
454 489 55
674 826 55
17 679 55
348 533 55
902 587 55
727 396 55
570 419 55
235 154 55
776 168 55
98 296 55
244 180 55
327 710 55
32 776 55
646 432 55
87 37 55
283 727 55
316 626 55
709 766 55
670 870 55
866 63 55
76 899 55
785 800 55
892 356 55
141 804 55
916 377 55
734 923 55
187 661 55
785 153 55
706 986 55
706 119 55
492 130 55
758 982 55
271 160 55
671 445 55
548 742 55
893 597 55
438 764 55
539 830 55
281 636 55
14 883 55
592 230 55
783 739 55
291 839 55
497 138 55
392 282 55
753 593 55
681 854 55
302 678 55
514 851 55
858 991 55
604 272 55
886 811 55
456 342 55
346 633 55
933 418 55
637 28 55
546 974 55
543 490 55
751 350 54
249 802 54
13 32 54
748 861 54
629 495 54
227 75 54
266 231 54
526 260 54
324 322 54
386 975 54
118 413 54
406 293 54
852 362 54
729 507 54
566 640 54
893 369 54
37 676 54
446 340 54
474 950 54
65 938 54
960 975 54
166 517 54
188 72 54
143 985 54
734 566 54
896 775 54
2 830 54
935 506 54
436 631 54
949 537 54
302 533 54
90 440 54
532 943 54
873 767 54
529 406 54
385 871 54
813 828 54
930 887 54
113 972 54
374 619 54
514 402 54
528 167 54
846 482 54
776 832 54
875 214 54
211 929 54
381 497 54
72 900 54
556 882 54
933 811 54
339 321 54
481 362 54
895 339 54
558 262 54
191 772 54
722 815 54
124 285 54
171 208 54
690 4 54
630 4 54
267 460 54
834 238 54
184 971 54
137 450 54
627 865 54
664 243 53
163 744 53
587 954 53
376 38 53
880 124 53
578 788 53
538 959 53
447 909 53
811 743 53
553 802 53
921 936 53
69 580 53
128 300 53
986 385 53
897 702 53
980 748 53
579 533 53
110 503 53
360 425 53
68 851 53
386 495 53
868 170 53
725 388 53
584 308 53
698 921 53
912 701 53
313 573 53
323 817 53
629 622 53
365 141 53
924 574 53
854 94 53
900 34 53
122 365 53
315 167 53
473 690 53
111 495 53
377 257 53
635 630 53
747 817 53
739 547 53
492 197 53
886 623 53
286 400 53
121 623 53
902 574 53
206 39 53
107 582 53
417 576 53
302 558 53
78 928 53
417 389 53
866 927 53
528 701 53
302 488 53
695 974 53
665 160 53
924 164 53
894 289 53
623 27 53
113 266 53
16 51 53
771 309 53
425 473 53
579 284 53
244 262 53
529 36 53
8 91 52
379 794 52
926 429 52
958 700 52
127 644 52
521 404 52
205 757 52
655 159 52
21 967 52
963 411 52
911 903 52
688 885 52
143 551 52
620 915 52
683 524 52
55 507 52
179 829 52
538 853 52
678 815 52
725 295 52
809 995 52
130 179 52
685 904 52
812 972 52
483 861 52
282 379 52
461 197 52
788 340 52
434 202 52
768 993 52
366 364 52
31 408 52
325 795 52
896 685 52
255 472 52
527 934 52
554 674 52
87 267 52
667 460 52
619 868 52
336 166 52
388 557 52
493 617 52
905 883 52
18 407 52
9 959 52
665 59 52
859 605 52
592 365 52
455 978 52
315 778 52
477 554 52
589 190 52
143 814 52
319 644 51
761 343 51
875 694 51
288 809 51
297 658 51
363 349 51
20 261 51
585 626 51
663 697 51
655 955 51
970 522 51
327 98 51
927 32 51
228 738 51
122 182 51
95 85 51
171 296 51
926 724 51
778 485 51
347 713 51
789 64 51
192 621 51
748 20 51
939 183 51
606 849 51
478 270 51
25 753 51
884 731 51
887 520 51
118 36 51
156 344 51
483 211 51
705 415 51
380 303 51
684 699 51
784 557 51
145 278 51
432 1 51
944 155 51
517 762 51
680 93 51
542 164 51
655 104 51
180 335 51
629 129 51
19 832 51
749 562 51
57 217 51
257 587 51
949 353 51
796 260 51
424 509 51
661 649 51
929 636 51
456 533 51
238 12 51
56 982 51
828 726 51
211 658 51
531 194 51
582 964 51
821 17 51
812 994 51
353 785 51
896 801 50
457 621 50
740 158 50
786 94 50
793 635 50
627 689 50
161 670 50
388 648 50
620 276 50
716 969 50
850 45 50
298 728 50
744 71 50
616 642 50
885 775 50
402 969 50
351 915 50
208 752 50
21 134 50
128 527 50
958 860 50
945 200 50
433 775 50
19 156 50
398 457 50
705 290 50
491 471 50
924 126 50
618 805 50
62 587 50
857 727 50
279 821 50
143 903 50
952 642 50
700 259 50
224 686 50
94 440 50
910 770 50
731 367 50
812 47 50
373 371 50
646 144 50
622 538 50
431 821 50
459 639 50
564 138 50
586 355 50
51 129 50
676 122 50
144 10 50
635 155 50
397 970 50
466 643 50
301 89 50
568 167 50
758 460 50
402 381 50
225 145 50
693 983 50
199 282 50
51 979 50
233 742 49
251 348 49
939 618 49
455 762 49
374 378 49
159 347 49
209 420 49
675 797 49
613 867 49
862 426 49
531 539 49
323 134 49
136 61 49
889 1 49
269 903 49
300 631 49
218 649 49
37 445 49
993 224 49
831 257 49
312 51 49
374 689 49
284 279 49
377 176 49
770 451 49
652 901 49
738 794 49
721 2 49
416 475 49
625 664 49
752 484 49
48 722 49
512 321 49
993 782 49
363 602 49
184 259 49
239 116 49
332 783 49
843 81 49
3 419 49
331 116 49
954 10 49
254 155 49
753 435 49
652 627 49
305 195 49
826 8 49
434 826 49
873 147 49
360 476 49
557 39 49
672 871 49
695 634 49
576 4 49
925 109 49
978 39 49
800 793 49
159 534 49
238 288 49
308 816 49
308 820 49
326 890 49
669 488 49
709 313 48
181 993 48
390 286 48
510 948 48
137 509 48
664 13 48
320 488 48
52 395 48
484 106 48
560 763 48
361 392 48
377 241 48
680 649 48
365 42 48
604 236 48
832 598 48
590 209 48
599 491 48
158 11 48
966 959 48
596 172 48
122 121 48
262 423 48
508 157 48
812 596 48
666 962 48
402 16 48
787 981 48
498 796 48
794 595 48
713 173 48
422 697 48
729 214 48
611 641 48
426 637 48
777 922 48
626 611 48
417 511 48
305 289 48
117 627 48
375 2 48
592 625 48
495 821 48
484 192 48
1 692 48
442 283 48
52 332 48
845 170 48
450 254 48
785 201 48
639 586 48
429 794 48
881 924 48
593 541 48
75 145 48
777 812 48
485 804 47
36 251 47
611 179 47
867 116 47
12 118 47
153 486 47
272 376 47
419 202 47
929 715 47
342 448 47
699 644 47
89 301 47
127 801 47
697 984 47
253 530 47
53 696 47
413 53 47
380 585 47
899 515 47
358 810 47
28 160 47
177 251 47
710 751 47
438 158 47
7 75 47
285 386 47
120 746 47
375 216 47
121 165 47
918 369 47
44 696 47
20 395 47
204 957 47
861 132 47
654 139 47
171 524 47
784 572 47
298 143 47
953 520 47
851 128 47
723 753 47
138 616 47
907 306 47
983 521 47
125 835 47
144 785 47
707 946 47
571 227 47
227 123 47
939 461 47
992 362 47
665 402 46
623 19 46
791 528 46
544 297 46
326 303 46
873 51 46
304 965 46
975 772 46
354 949 46
645 775 46
887 866 46
98 481 46
536 653 46
909 147 46
131 489 46
426 437 46
736 1 46
783 2 46
81 71 46
920 882 46
472 565 46
825 92 46
220 779 46
106 701 46
970 829 46
147 96 46
316 230 46
381 951 46
780 532 46
173 891 46
167 457 46
416 399 46
362 915 46
349 445 46
770 178 46
632 542 46
705 988 46
364 96 46
712 360 46
908 276 46
45 934 46
88 130 46
969 655 46
493 702 46
314 56 46
253 664 46
886 792 46
524 429 46
576 70 46
149 704 46
848 40 46
96 822 46
431 778 46
953 941 46
538 431 46
912 961 46
971 454 46
283 938 46
857 358 46
990 468 46
572 552 46
729 418 46
195 679 46
194 626 46
907 671 46
513 402 46
951 407 46
249 519 46
741 99 46
780 512 46
800 367 45
305 779 45
299 106 45
358 887 45
691 807 45
852 130 45
508 918 45
123 431 45
846 635 45
803 287 45
341 921 45
558 658 45
890 421 45
468 315 45
868 471 45
927 282 45
529 210 45
227 233 45
490 273 45
631 478 45
807 404 45
167 286 45
826 151 45
515 386 45
588 229 45
514 646 45
521 116 45
513 305 45
965 699 45
285 350 45
311 153 45
26 703 45
457 666 45
264 419 45
934 359 45
432 787 45
459 451 45
288 533 45
368 340 45
886 304 45
553 44 45
130 76 45
325 893 45
86 266 45
534 577 45
245 733 45
788 867 45
29 274 45
858 167 45
147 529 45
988 748 45
950 74 45
852 652 45
683 651 44
683 538 44
284 950 44
293 185 44
670 671 44
448 637 44
98 800 44
695 210 44
850 815 44
141 304 44
136 306 44
541 888 44
904 676 44
425 90 44
92 197 44
888 580 44
609 375 44
623 946 44
652 796 44
524 289 44
67 161 44
565 455 44
787 220 44
775 688 44
477 918 44
828 649 44
650 162 44
199 395 44
223 573 44
94 104 44
671 96 44
936 935 44
540 375 44
454 980 44
550 611 44
852 859 44
674 37 44
26 167 44
986 868 44
715 680 44
348 940 44
849 562 44
668 74 44
424 263 44
118 220 44
654 526 44
148 27 44
556 449 44
58 758 44
368 501 44
676 19 44
928 591 44
462 360 44
655 683 44
333 474 44
606 842 44
280 161 44
116 67 44
627 403 43
979 143 43
875 402 43
445 238 43
20 791 43
412 188 43
447 7 43
438 827 43
11 368 43
879 441 43
439 376 43
763 171 43
135 515 43
426 441 43
744 214 43
983 964 43
463 882 43
405 898 43
753 191 43
871 557 43
542 494 43
453 341 43
1 860 43
598 21 43
954 955 43
946 359 43
463 520 43
436 188 43
52 188 43
129 611 43
104 881 43
504 405 43
685 291 43
516 28 43
987 251 43
113 495 43
19 15 43
335 176 43
522 478 43
940 670 43
169 43 43
435 432 43
796 111 43
144 839 43
332 252 43
898 47 43
264 581 43
719 122 43
429 577 43
687 740 43
550 188 43
803 369 43
823 192 43
784 537 43
291 886 42
339 600 42
124 580 42
19 789 42
100 71 42
997 579 42
743 541 42
847 965 42
868 655 42
617 731 42
813 321 42
580 902 42
966 732 42
700 400 42
732 691 42
926 523 42
776 525 42
591 534 42
402 833 42
331 544 42
355 891 42
745 584 42
24 991 42
296 521 42
461 546 42
577 57 42
128 322 42
268 908 42
740 519 42
495 862 42
502 2 42
709 693 42
743 579 42
872 886 42
941 827 42
804 195 42
839 137 42
143 323 42
165 592 42
298 368 42
432 78 42
432 798 42
260 78 42
649 444 42
409 13 42
630 8 42
987 81 42
59 535 42
500 465 42
106 867 42
61 329 42
208 425 42
845 768 42
527 47 42
39 822 42
844 250 42
389 416 42
515 64 42
457 634 42
308 776 42
539 180 42
45 828 42
899 58 42
283 561 42
920 19 42
481 610 42
992 468 42
819 269 42
791 131 42
144 421 42
655 237 42
125 74 41
12 882 41
959 626 41
860 650 41
562 745 41
244 125 41
67 404 41
898 608 41
737 974 41
278 616 41
692 76 41
691 876 41
826 60 41
840 702 41
949 119 41
336 976 41
702 722 41
562 67 41
856 598 41
683 395 41
326 346 41
743 313 41
29 522 41
680 980 41
18 317 41
461 647 41
855 542 41
297 805 41
348 880 41
959 199 41
266 480 41
405 621 41
431 787 41
658 143 41
743 336 41
101 990 41
164 425 41
245 840 41
44 589 41
952 118 41
557 238 41
587 764 41
529 468 41
335 265 41
691 314 41
616 144 41
77 760 41
621 770 41
748 534 41
771 742 41
10 716 41
318 999 41
64 359 41
658 131 41
367 40 41
194 766 41
423 585 41
207 314 41
924 932 41
493 334 41
647 111 41
114 928 41
778 547 41
969 949 41
742 135 41
947 907 41
739 227 41
814 365 40
571 287 40
535 412 40
319 729 40
302 874 40
670 877 40
524 228 40
594 628 40
273 114 40
735 590 40
622 983 40
145 62 40
627 6 40
175 704 40
598 700 40
938 995 40
602 705 40
116 837 40
816 327 40
206 914 40
891 578 40
958 275 40
949 113 40
186 301 40
794 173 40
887 369 40
382 194 40
507 14 40
78 717 40
656 888 40
212 0 40
212 975 40
680 336 40
46 485 40
905 88 40
87 441 40
530 231 40
443 524 40
679 463 40
453 349 40
215 131 40
46 635 40
772 89 40
961 700 40
713 311 39
138 816 39
618 713 39
418 310 39
89 590 39
110 279 39
231 770 39
171 684 39
420 177 39
994 253 39
173 176 39
755 593 39
790 926 39
984 675 39
144 266 39
171 632 39
203 532 39
222 360 39
50 567 39
412 698 39
675 113 39
168 870 39
601 240 39
900 95 39
779 178 39
0 979 39
602 170 39
964 626 39
477 860 39
942 246 39
797 704 39
695 499 39
429 852 39
921 384 39
217 854 39
829 102 39
986 770 39
278 208 39
974 841 39
233 873 39
37 623 39
271 483 39
848 248 39
558 834 39
830 95 39
20 18 39
318 163 39
605 674 39
1 991 39
759 773 39
528 285 39
195 155 39
337 395 39
689 809 39
172 389 39
840 803 39
948 980 39
754 126 39
448 808 39
700 878 39
354 902 39
633 922 39
571 153 39
228 67 39
924 775 39
895 489 39
420 750 39
842 38 39
733 756 39
109 954 39
607 204 39
607 711 38
321 465 38
945 413 38
962 45 38
894 587 38
965 903 38
671 996 38
732 933 38
571 239 38
474 983 38
239 956 38
768 639 38
980 836 38
742 92 38
431 808 38
418 495 38
319 716 38
641 164 38
230 659 38
118 799 38
17 189 38
221 147 38
781 967 38
103 843 38
803 248 38
877 96 38
363 378 38
646 573 38
222 185 38
233 291 38
486 531 38
476 136 38
430 208 38
11 189 38
212 601 38
572 267 38
14 960 38
572 222 38
303 573 38
734 177 38
598 749 38
25 296 38
366 558 38
782 967 38
180 353 38
363 824 38
673 130 38
352 602 38
972 692 38
49 603 38
734 995 38
235 898 38
812 860 38
768 651 38
804 197 38
905 215 38
442 887 38
498 997 38
146 9 38
877 910 38
556 954 38
535 580 38
734 263 38
377 752 38
411 48 38
894 662 38
174 998 38
466 458 38
556 750 38
595 826 37
872 86 37
419 281 37
352 994 37
447 503 37
266 618 37
999 297 37
472 826 37
629 877 37
878 502 37
997 655 37
399 736 37
431 120 37
777 12 37
42 675 37
98 379 37
570 458 37
808 3 37
401 434 37
195 212 37
157 61 37
85 698 37
489 242 37
311 811 37
670 734 37
620 768 37
527 991 37
348 304 37
66 478 37
641 929 37
503 88 37
859 349 37
216 804 37
532 12 37
471 285 37
784 873 37
680 681 37
812 196 37
647 969 37
471 660 37
721 603 37
309 903 37
115 990 37
761 7 37
630 313 37
336 521 37
30 936 37
410 558 37
968 216 37
47 494 37
575 701 37
558 146 37
455 574 37
986 587 37
358 110 37
343 155 37
56 669 37
285 677 36
412 84 36
943 969 36
511 945 36
699 862 36
90 517 36
699 84 36
289 421 36
155 494 36
355 764 36
721 245 36
522 229 36
501 240 36
312 488 36
723 188 36
308 14 36
366 130 36
652 299 36
615 821 36
176 685 36
981 892 36
668 565 36
962 660 36
381 751 36
526 0 36
512 705 36
632 324 36
552 775 36
852 161 36
174 819 36
451 817 36
80 570 36
76 375 36
638 647 36
47 249 36
283 757 36
133 109 36
319 961 36
755 815 36
506 113 36
646 999 36
309 487 36
949 45 36
123 995 36
549 642 36
975 690 36
576 365 36
231 290 36
422 981 36
462 178 36
360 298 36
940 303 36
235 74 36
193 153 36
404 972 36
958 350 36
61 828 36
786 452 36
673 371 36
811 87 36
480 907 36
676 377 36
56 674 36
552 188 35
488 580 35
114 947 35
247 811 35
610 65 35
407 233 35
170 570 35
331 306 35
951 57 35
814 174 35
28 631 35
750 727 35
456 276 35
815 307 35
143 804 35
122 115 35
976 839 35
355 98 35
629 124 35
172 960 35
494 500 35
859 901 35
975 860 35
835 270 35
438 759 35
667 568 35
814 872 35
332 901 35
194 466 35
72 827 35
831 118 35
763 140 35
825 759 35
22 536 35
42 325 35
938 443 35
909 983 35
280 565 35
49 210 35
596 664 35
247 174 35
389 896 35
358 882 35
429 70 35
839 65 35
374 909 35
232 439 35
976 829 35
36 288 35
921 428 35
181 489 35
525 170 35
708 500 35
641 479 35
16 340 35
814 505 35
717 837 35
903 865 35
944 747 35
10 242 34
658 229 34
246 327 34
977 892 34
408 297 34
609 917 34
790 557 34
410 679 34
491 955 34
107 216 34
764 899 34
132 788 34
650 296 34
62 981 34
341 703 34
676 784 34
384 113 34
776 315 34
172 866 34
938 349 34
835 682 34
323 432 34
369 367 34
322 453 34
965 167 34
15 535 34
667 840 34
392 328 34
502 478 34
15 939 34
505 580 34
415 158 34
214 679 34
631 844 34
237 528 34
32 532 34
423 321 34
653 325 34
514 58 34
634 622 34
826 270 34
952 115 34
75 222 34
953 524 34
553 243 34
925 962 34
215 450 34
15 772 34
723 848 34
173 629 34
394 577 34
95 586 34
488 660 34
48 598 34
599 543 34
579 25 34
184 543 34
508 676 34
567 752 33
690 589 33
730 891 33
191 807 33
580 912 33
953 604 33
507 443 33
297 837 33
195 475 33
894 163 33
156 149 33
849 814 33
527 663 33
373 493 33
761 571 33
990 794 33
365 782 33
861 178 33
286 73 33
341 678 33
670 446 33
21 341 33
931 864 33
373 490 33
754 955 33
949 722 33
102 573 33
432 395 33
795 673 33
118 786 33
854 563 33
266 657 33
683 56 33
90 138 33
171 698 33
958 529 33
309 675 33
352 827 33
946 608 33
48 680 33
36 80 33
236 179 33
3 350 33
965 604 33
588 909 33
567 327 33
895 122 33
60 185 33
652 402 33
302 65 33
426 753 33
786 636 33
714 606 33
513 836 33
259 101 33
280 128 33
56 255 33
436 801 33
837 450 32
460 132 32
777 275 32
14 419 32
856 369 32
288 435 32
88 849 32
491 193 32
309 467 32
103 760 32
510 939 32
431 669 32
606 977 32
452 44 32
463 434 32
217 110 32
92 679 32
404 641 32
131 172 32
865 376 32
868 401 32
988 786 32
855 763 32
144 729 32
50 440 32
487 959 32
420 486 32
617 182 32
75 769 32
974 586 32
732 143 32
225 377 32
789 65 32
355 6 32
212 761 32
281 534 32
971 637 32
506 858 32
607 932 32
471 126 32
377 809 32
238 33 32
472 830 32
667 603 32
946 841 32
183 585 32
269 750 32
945 671 32
118 193 32
118 201 32
981 421 32
311 719 32
695 288 31
659 584 31
601 315 31
683 949 31
223 300 31
964 314 31
768 737 31
936 900 31
437 451 31
357 410 31
517 352 31
330 436 31
791 602 31
176 981 31
281 221 31
437 557 31
66 366 31
311 198 31
347 551 31
358 497 31
993 522 31
501 791 31
188 88 31
380 361 31
349 867 31
476 913 31
630 562 31
442 96 31
103 915 31
924 190 31
92 580 31
753 978 31
341 764 31
323 46 31
921 155 31
591 801 31
565 341 31
491 34 31
144 774 31
468 671 31
719 535 31
879 219 31
986 217 31
972 487 31
657 688 31
512 799 31
193 826 30
981 769 30
857 450 30
218 731 30
512 919 30
802 751 30
944 448 30
248 562 30
419 266 30
508 956 30
940 631 30
157 733 30
525 657 30
601 711 30
491 509 30
966 327 30
191 590 30
591 296 30
673 496 30
285 781 30
577 196 30
671 174 30
779 837 30
663 341 30
850 764 30
935 78 30
329 66 30
952 488 30
809 200 30
237 557 30
629 793 30
353 568 30
648 257 30
90 846 30
95 165 30
763 110 30
752 866 30
9 593 30
419 66 30
57 88 30
844 551 30
159 205 30
798 128 30
27 166 30
894 69 30
813 942 30
786 349 30
824 304 30
926 610 30
226 337 30
199 1 30
568 751 30
634 540 30
40 591 30
489 367 30
984 196 30
860 738 30
958 26 30
450 337 30
622 950 30
559 902 30
704 434 30
895 948 30
555 461 30
184 418 30
229 440 30
46 901 30
1 539 30
506 296 30
939 899 29
74 479 29
29 120 29
357 820 29
72 189 29
874 775 29
232 788 29
478 815 29
12 409 29
569 174 29
439 389 29
696 92 29
609 320 29
828 388 29
422 534 29
451 374 29
216 422 29
362 528 29
360 879 29
504 427 29
485 134 29
411 173 29
983 477 29
291 611 29
193 755 29
434 510 29
819 854 29
841 729 29
787 841 29
247 32 29
833 903 29
432 259 29
837 532 29
207 238 29
797 578 29
461 646 29
593 551 29
584 865 29
506 782 29
783 38 29
320 172 29
111 102 29
942 993 29
2 930 29
539 316 29
673 38 29
505 691 29
910 195 29
255 966 29
389 996 29
453 115 29
646 264 29
526 402 29
879 904 29
285 728 29
183 842 29
679 199 29
165 676 29
194 202 29
383 736 29
493 92 29
142 697 29
206 836 29
781 763 29
510 210 29
741 104 29
426 96 29
339 659 29
140 278 29
384 105 28
552 527 28
379 87 28
787 984 28
591 441 28
939 889 28
415 389 28
819 437 28
185 701 28
992 445 28
229 204 28
815 490 28
653 510 28
960 412 28
58 217 28
974 141 28
914 953 28
277 833 28
216 942 28
554 789 28
44 291 28
451 472 28
564 505 28
762 108 28
601 930 28
886 565 28
863 477 28
268 622 28
952 251 28
997 814 28
385 689 28
537 554 28
466 251 28
698 815 28
389 764 28
172 465 28
903 595 28
55 184 28
306 303 28
878 455 28
226 925 28
382 257 28
153 986 28
710 127 28
459 478 28
767 518 28
255 699 28
808 7 28
260 632 28
909 406 27
263 526 27
958 902 27
651 41 27
299 638 27
763 404 27
366 223 27
240 77 27
443 120 27
60 359 27
568 944 27
534 458 27
841 289 27
958 928 27
555 40 27
438 570 27
641 625 27
727 262 27
119 317 27
382 700 27
828 64 27
560 595 27
123 992 27
198 709 27
590 430 27
36 777 27
310 196 27
109 326 27
287 1 27
159 638 27
589 456 27
720 718 27
279 980 27
609 106 27
619 944 27
786 562 27
58 596 27
31 583 27
750 623 27
236 848 27
63 639 27
885 847 27
51 725 27
95 2 27
955 793 27
450 286 27
859 151 27
814 563 27
128 655 27
716 262 27
913 565 27
701 582 27
742 381 27
417 117 27
203 639 27
146 327 27
206 344 27
832 497 27
622 541 27
922 92 27
844 176 27
341 658 26
332 722 26
675 811 26
254 689 26
556 854 26
96 463 26
35 690 26
263 160 26
194 551 26
790 485 26
292 713 26
509 548 26
691 85 26
388 261 26
907 293 26
957 713 26
341 179 26
487 801 26
720 479 26
432 790 26
304 634 26
648 322 26
955 320 26
302 37 26
162 874 26
345 208 26
899 802 26
459 797 26
2 958 26
121 379 26
697 900 26
870 82 26
548 177 26
46 183 26
34 286 26
242 588 26
398 77 26
801 123 26
523 927 26
996 172 26
669 628 26
66 645 26
46 972 26
538 171 26
663 637 26
756 435 26
185 509 26
766 160 26
998 290 26
543 807 26
241 263 26
554 23 26
366 209 26
198 401 26
36 912 25
716 467 25
841 452 25
149 826 25
478 956 25
995 166 25
604 229 25
233 169 25
90 845 25
243 367 25
948 353 25
564 659 25
88 152 25
566 270 25
270 63 25
51 684 25
871 287 25
225 943 25
278 709 25
10 198 25
228 960 25
473 955 25
60 923 25
359 963 25
298 892 25
992 383 25
523 570 25
688 884 25
797 740 25
592 571 25
470 583 25
890 98 25
702 505 25
477 104 25
81 663 25
470 576 25
3 306 25
638 898 25
101 490 25
235 151 25
134 686 25
13 281 25
842 174 25
312 306 25
429 119 25
881 95 25
450 16 25
974 505 25
419 260 25
561 84 25
644 82 25
311 323 25
290 19 25
750 675 25
787 448 25
576 89 25
563 431 25
747 311 25
21 16 25
244 136 25
256 136 25
970 576 25
973 406 25
809 461 25
458 993 24
693 525 24
782 749 24
784 760 24
332 519 24
288 421 24
525 592 24
228 243 24
992 384 24
455 279 24
907 2 24
822 129 24
948 526 24
326 10 24
0 779 24
623 457 24
645 362 24
961 609 24
165 31 24
713 278 24
457 216 24
492 602 24
7 82 24
585 369 24
754 146 24
125 400 24
472 197 24
326 943 24
643 335 24
60 651 24
278 743 24
137 766 24
711 57 24
155 445 24
413 734 24
662 752 24
914 279 24
668 502 24
257 227 24
534 833 24
381 473 24
646 751 24
770 97 24
458 569 24
205 163 24
763 628 24
947 961 24
575 818 24
630 741 24
878 881 24
522 520 24
257 443 24
571 588 24
184 125 24
878 362 24
135 793 24
539 439 24
342 756 24
108 896 24
620 173 24
210 863 24
442 474 24
611 623 24
308 67 24
584 524 24
138 928 24
56 578 24
4 162 24
643 573 24
487 473 24
676 342 24
725 79 24
110 411 24
551 73 24
827 586 24
522 176 24
660 907 24
31 290 24
930 571 23
824 273 23
830 326 23
168 873 23
282 874 23
554 988 23
174 577 23
511 681 23
899 457 23
905 175 23
395 7 23
492 594 23
375 154 23
905 209 23
605 442 23
672 363 23
210 495 23
450 174 23
294 419 23
294 4 23
469 264 23
18 899 23
626 622 23
972 53 23
662 282 23
434 574 23
763 184 23
225 679 23
486 726 23
716 838 23
52 729 23
179 215 23
374 13 23
336 930 23
70 413 23
941 156 23
533 666 23
86 160 23
691 964 23
479 272 23
613 822 23
261 624 23
666 801 23
853 392 23
225 614 23
142 580 23
428 563 23
509 960 23
741 650 23
290 298 23
320 21 23
86 260 23
127 980 23
827 560 23
600 866 23
297 82 23
925 219 23
848 141 23
761 230 23
303 24 23
346 166 23
519 626 23
351 139 23
64 891 22
288 353 22
837 191 22
786 702 22
175 572 22
540 770 22
895 380 22
677 217 22
63 291 22
776 731 22
536 360 22
666 953 22
945 242 22
366 611 22
389 984 22
570 472 22
488 989 22
245 988 22
870 504 22
664 211 22
461 906 22
988 174 22
421 143 22
205 875 22
702 172 22
707 933 22
489 853 22
434 205 22
660 223 22
725 248 22
479 120 22
323 956 22
617 745 22
188 174 22
882 614 22
744 526 22
711 462 22
360 519 22
149 489 22
485 47 22
906 2 22
301 371 22
409 951 22
668 942 22
698 872 22
709 915 22
154 813 22
279 747 22
561 901 22
669 658 22
571 863 22
727 13 22
468 704 22
374 623 22
432 174 22
158 516 22
841 382 22
754 836 22
43 168 22
280 963 22
802 81 22
514 794 22
982 63 21
22 443 21
321 893 21
553 37 21
491 672 21
354 72 21
573 301 21
569 527 21
791 962 21
545 922 21
1 162 21
836 276 21
805 859 21
426 519 21
978 487 21
90 144 21
89 165 21
68 287 21
117 108 21
155 760 21
942 254 21
186 446 21
598 696 21
844 267 21
611 59 21
696 639 21
551 287 21
311 878 21
206 262 21
223 61 21
381 356 21
488 316 21
196 975 21
374 261 21
491 359 21
167 807 21
307 774 21
162 775 21
874 389 21
350 382 21
587 233 21
87 926 21
288 929 21
851 185 21
202 500 21
342 615 21
879 894 21
583 632 21
242 624 21
107 639 21
869 436 21
635 862 20
960 142 20
212 103 20
23 741 20
617 118 20
116 771 20
606 105 20
324 524 20
803 814 20
825 87 20
938 21 20
814 917 20
87 593 20
937 780 20
885 325 20
693 741 20
879 959 20
861 307 20
573 531 20
440 142 20
710 483 20
169 192 20
550 971 20
502 959 20
77 677 20
215 385 20
719 737 20
202 368 20
893 599 20
5 484 20
719 106 20
795 662 20
871 643 20
153 831 20
592 217 20
397 245 20
404 431 20
947 283 20
89 993 20
807 739 20
132 24 20
702 195 20
946 440 20
357 150 20
453 959 20
273 197 20
731 955 20
71 554 20
1 631 20
443 655 20
376 300 20
879 875 20
985 905 20
103 65 19
30 193 19
391 841 19
174 586 19
261 480 19
9 439 19
283 519 19
980 277 19
384 529 19
835 134 19
709 633 19
851 544 19
332 385 19
200 613 19
682 547 19
699 200 19
790 120 19
388 586 19
360 115 19
848 424 19
104 404 19
75 175 19
603 80 19
843 229 19
27 426 19
714 700 19
713 446 19
475 865 19
377 719 19
26 662 19
844 56 19
492 798 19
556 217 19
161 54 19
129 801 19
303 147 19
37 582 19
607 896 19
887 316 19
890 717 19
638 555 19
534 2 19
663 649 19
96 774 19
317 845 19
84 171 19
532 845 19
954 7 19
255 20 19
380 512 19
53 217 19
99 256 19
206 763 19
532 639 19
257 904 19
599 546 19
54 929 19
755 536 19
150 764 19
796 94 19
488 947 19
663 752 19
340 80 19
850 672 18
524 733 18
126 283 18
894 77 18
217 582 18
99 361 18
575 256 18
257 679 18
535 645 18
705 781 18
616 400 18
255 14 18
299 383 18
48 44 18
738 790 18
187 90 18
726 636 18
452 849 18
855 454 18
694 793 18
18 521 18
1 737 18
214 613 18
928 950 18
241 995 18
448 868 18
544 96 18
971 201 18
965 919 18
788 342 18
964 575 18
44 539 18
580 603 18
688 822 18
783 727 18
280 808 18
567 298 18
233 113 18
95 836 18
875 12 18
819 366 18
406 571 18
688 783 18
610 51 18
922 652 18
457 121 18
772 454 18
477 451 18
595 859 18
979 356 18
0 776 18
569 85 18
965 170 18
961 894 18
746 94 17
944 100 17
92 558 17
509 829 17
666 629 17
37 567 17
419 181 17
666 83 17
626 140 17
479 893 17
939 350 17
954 76 17
920 500 17
190 736 17
365 911 17
209 78 17
59 793 17
145 826 17
136 927 17
950 951 17
710 667 17
842 893 17
7 37 17
444 149 17
851 602 17
753 119 17
703 757 17
693 391 17
710 32 17
725 991 17
457 765 17
533 297 17
830 403 17
560 801 17
952 784 17
390 61 17
666 652 17
544 800 17
913 788 17
860 526 17
406 227 17
536 570 17
953 950 17
619 836 17
187 321 17
41 329 17
319 809 17
959 895 17
102 97 17
677 487 17
173 380 17
791 354 17
618 515 17
327 525 17
663 401 17
443 36 17
495 604 17
589 855 17
16 42 17
554 538 17
101 244 16
372 407 16
643 529 16
128 223 16
101 133 16
360 787 16
268 969 16
820 687 16
615 361 16
683 754 16
510 410 16
811 609 16
547 518 16
769 834 16
777 223 16
451 904 16
140 135 16
734 142 16
614 128 16
953 342 16
598 269 16
29 784 16
123 556 16
368 168 16
881 632 16
117 529 16
795 365 16
813 812 16
612 131 16
734 170 16
7 332 16
343 643 16
764 710 16
561 989 16
506 263 16
606 147 16
57 19 16
275 92 16
546 773 16
603 357 16
541 378 16
121 246 16
969 332 16
115 246 16
148 173 16
435 857 16
195 224 16
439 361 16
686 44 16
401 293 16
518 790 16
764 748 16
300 929 16
688 955 16
295 64 16
727 993 16
257 313 16
771 515 16
943 378 16
606 794 16
854 243 16
650 270 16
93 357 15
275 938 15
698 949 15
150 625 15
125 9 15
38 726 15
627 460 15
798 598 15
738 240 15
676 376 15
625 844 15
792 24 15
381 60 15
720 885 15
801 616 15
685 929 15
885 871 15
722 150 15
186 437 15
704 453 15
701 669 15
604 885 15
626 3 15
102 0 15
448 13 15
440 719 15
150 495 15
823 39 15
654 432 15
92 33 15
0 786 15
899 974 15
45 125 15
848 161 15
834 240 15
499 320 15
681 139 15
827 357 15
156 46 15
891 145 15
448 866 15
473 18 15
906 441 15
661 695 15
981 684 15
463 267 15
333 578 15
683 937 14
835 174 14
462 650 14
299 305 14
743 383 14
334 852 14
152 753 14
731 905 14
325 108 14
419 288 14
876 668 14
901 357 14
824 937 14
33 905 14
45 636 14
280 579 14
831 621 14
483 231 14
528 52 14
246 368 14
27 446 14
577 845 14
530 709 14
159 986 14
298 670 14
150 691 14
247 222 14
458 524 14
4 928 14
602 647 14
728 222 14
33 998 14
925 892 14
543 377 14
219 164 14
778 519 14
932 681 14
614 538 14
921 793 14
227 499 14
540 973 14
115 3 14
81 524 14
154 495 14
834 683 14
400 524 14
522 888 14
158 305 14
472 455 14
782 632 14
874 885 14
45 671 14
999 863 14
731 553 14
373 197 14
247 434 14
784 912 14
323 801 14
131 22 14
134 598 14
478 920 13
483 529 13
149 465 13
266 322 13
936 585 13
161 847 13
112 842 13
651 250 13
185 338 13
700 569 13
150 272 13
694 324 13
448 773 13
486 568 13
490 190 13
198 332 13
752 380 13
883 909 13
903 376 13
792 403 13
437 362 13
34 993 13
667 924 13
888 794 13
424 468 13
453 251 13
647 742 13
773 867 13
613 522 13
643 426 13
435 782 13
784 563 13
443 951 13
437 475 13
544 185 13
846 186 13
631 332 13
489 338 13
207 271 13
863 258 13
147 580 13
699 435 13
960 190 13
306 332 13
391 108 13
330 512 13
486 997 13
15 489 13
157 199 13
659 445 13
843 879 13
537 592 13
793 60 13
597 83 13
971 803 13
764 309 13
692 285 13
329 953 12
997 636 12
277 136 12
984 893 12
694 944 12
226 475 12
613 773 12
767 70 12
942 355 12
246 801 12
960 636 12
975 199 12
977 735 12
955 880 12
24 662 12
979 480 12
411 829 12
621 567 12
946 864 12
859 833 12
523 977 12
66 990 12
235 38 12
665 398 12
433 73 12
347 449 12
242 245 12
616 714 12
543 602 12
932 86 12
285 981 12
592 421 12
520 671 12
860 715 12
550 961 12
622 352 12
642 134 12
554 27 12
567 957 12
488 620 12
910 797 12
979 478 12
828 552 12
628 358 12
583 921 12
680 106 12
665 697 12
582 660 12
526 75 12
247 800 12
750 211 12
913 610 12
94 675 12
635 216 12
843 512 12
172 963 12
844 295 12
23 847 12
829 641 12
368 504 12
787 241 12
809 975 11
602 875 11
20 974 11
126 163 11
754 87 11
237 56 11
843 999 11
459 436 11
251 675 11
355 207 11
748 591 11
421 239 11
72 15 11
14 4 11
773 36 11
103 185 11
209 661 11
600 185 11
430 648 11
67 731 11
928 306 11
697 475 11
37 353 11
72 449 11
562 793 11
162 560 11
987 472 11
68 929 11
563 516 11
505 552 11
725 799 11
151 388 11
715 452 11
179 66 11
513 373 11
278 968 11
523 518 11
756 178 11
149 836 11
36 301 11
791 600 11
260 873 11
847 517 11
207 131 11
416 450 11
785 951 11
620 642 11
927 362 11
51 248 11
24 227 11
437 642 11
19 329 11
772 585 10
911 126 10
215 39 10
354 317 10
656 962 10
810 736 10
313 827 10
880 558 10
122 863 10
445 413 10
811 347 10
553 9 10
587 909 10
323 505 10
890 168 10
895 55 10
528 194 10
611 266 10
283 842 10
667 684 10
562 731 10
638 720 10
783 24 10
809 699 10
826 789 10
167 277 10
410 352 10
577 302 10
705 543 10
748 240 10
435 191 10
948 231 10
110 53 10
460 349 10
126 237 10
354 701 10
270 160 10
424 547 10
929 426 10
189 279 10
613 714 10
12 854 10
181 892 10
168 154 10
543 13 9
805 119 9
786 645 9
817 697 9
861 655 9
335 511 9
760 380 9
989 922 9
457 203 9
875 391 9
766 569 9
745 169 9
649 818 9
565 641 9
325 742 9
213 473 9
883 443 9
276 25 9
64 700 9
464 19 9
487 969 9
532 665 9
778 862 9
235 889 9
391 765 9
797 188 9
929 780 9
82 951 9
874 677 9
847 804 9
878 631 9
979 242 9
916 194 9
453 979 9
836 463 9
660 450 9
451 444 9
24 644 9
433 872 9
236 114 9
360 503 9
301 10 9
919 188 9
615 962 9
101 856 9
382 214 9
188 527 9
606 686 9
243 466 9
705 96 9
580 225 9
780 494 9
743 61 9
722 395 9
885 503 9
104 163 9
737 793 9
544 746 9
505 774 8
495 667 8
888 565 8
249 528 8
612 50 8
833 506 8
997 666 8
742 631 8
770 648 8
609 315 8
122 331 8
691 629 8
552 695 8
512 13 8
348 672 8
668 933 8
190 318 8
716 785 8
136 786 8
735 246 8
392 615 8
40 333 8
727 228 8
790 693 8
443 421 8
546 221 8
418 503 8
23 929 8
93 769 8
298 53 8
875 435 8
700 916 8
926 537 8
605 427 8
557 860 8
746 316 8
222 953 8
272 997 8
914 56 8
323 641 8
609 526 8
692 53 8
39 740 8
439 645 8
80 395 8
60 933 8
898 936 8
441 72 8
521 135 8
856 194 8
221 216 8
0 969 7
723 101 7
691 101 7
220 994 7
911 529 7
96 947 7
181 29 7
354 481 7
951 993 7
382 834 7
82 633 7
637 54 7
284 162 7
423 855 7
530 426 7
449 159 7
355 212 7
345 312 7
878 407 7
592 51 7
19 39 7
719 734 7
635 417 7
90 38 7
923 414 7
124 100 7
741 513 7
660 620 7
439 666 7
382 769 7
644 854 7
191 693 7
926 612 7
243 249 7
847 417 7
825 190 7
85 918 7
178 460 7
181 297 7
338 155 7
474 76 7
518 909 7
632 176 7
84 599 7
26 270 7
714 705 7
169 877 7
869 374 7
127 182 7
507 579 7
574 617 7
456 344 7
208 737 7
741 612 6
102 532 6
749 711 6
869 413 6
17 465 6
241 444 6
728 984 6
240 530 6
585 591 6
959 359 6
873 518 6
105 295 6
886 927 6
187 36 6
552 377 6
889 351 6
708 714 6
522 689 6
505 256 6
929 843 6
981 469 6
288 765 6
65 604 6
57 641 6
603 0 6
691 673 6
404 299 6
491 24 6
858 71 6
735 715 6
856 548 6
896 940 6
881 393 6
689 908 6
80 190 6
224 77 6
988 299 6
214 657 6
150 461 6
295 376 6
936 614 6
950 807 6
902 846 6
343 731 6
51 846 6
873 135 6
541 840 6
934 581 6
344 472 6
774 29 6
299 575 6
610 655 6
803 896 6
560 278 6
436 71 6
909 427 6
638 686 6
294 884 6
156 730 6
451 527 6
884 941 6
762 442 6
958 687 6
420 349 6
468 450 6
191 566 5
628 70 5
468 620 5
696 375 5
442 943 5
213 67 5
809 616 5
525 497 5
948 888 5
111 194 5
702 910 5
616 169 5
885 391 5
341 637 5
931 819 5
908 358 5
979 113 5
443 403 5
323 411 5
408 391 5
469 814 5
729 604 5
500 102 5
855 90 5
199 626 5
234 731 5
77 362 5
264 621 5
675 92 5
755 29 5
166 710 5
216 17 5
309 751 5
269 183 5
465 866 5
700 514 5
161 331 5
73 346 5
344 741 5
521 848 5
809 79 5
878 267 5
773 837 5
610 658 5
616 881 5
18 583 5
551 706 5
759 675 4
401 93 4
802 752 4
876 832 4
308 624 4
55 296 4
484 801 4
827 923 4
552 924 4
576 991 4
390 406 4
471 707 4
896 318 4
444 492 4
572 558 4
767 657 4
548 287 4
268 887 4
328 358 4
829 642 4
236 491 4
494 830 4
879 748 4
531 865 4
124 995 4
812 988 4
609 761 4
731 77 4
226 556 4
956 632 4
485 142 4
306 515 4
196 163 4
63 634 4
841 385 4
840 268 4
156 765 4
960 653 4
995 615 4
2 663 4
919 198 4
832 791 4
732 763 4
746 141 4
94 684 4
909 16 4
355 400 4
240 246 4
766 643 4
754 999 4
827 378 4
869 531 4
768 557 4
33 273 4
533 776 4
406 356 4
655 309 4
739 216 4
735 331 4
83 708 3
894 181 3
478 311 3
153 887 3
295 637 3
380 113 3
857 877 3
755 66 3
321 627 3
389 274 3
87 743 3
717 467 3
360 18 3
288 504 3
275 824 3
654 669 3
934 996 3
284 182 3
569 181 3
104 393 3
812 588 3
343 810 3
991 98 3
364 951 3
826 824 3
727 756 3
691 55 3
585 872 3
973 422 3
360 683 3
395 855 3
303 925 3
539 96 3
556 254 3
574 186 3
865 21 3
18 63 3
102 35 3
820 465 3
94 483 3
720 397 3
247 848 3
89 894 3
798 270 3
98 912 3
421 823 3
33 240 3
494 310 3
85 441 3
840 545 3
253 628 3
957 538 3
786 374 3
917 56 3
560 544 3
112 144 3
47 755 3
982 789 3
604 704 3
390 524 3
724 337 3
904 999 2
290 218 2
733 110 2
4 159 2
732 501 2
21 544 2
138 180 2
807 145 2
306 518 2
335 692 2
966 107 2
975 215 2
744 510 2
794 351 2
577 376 2
371 725 2
802 832 2
411 533 2
251 459 2
92 405 2
531 654 2
496 487 2
857 554 2
374 468 2
177 7 2
701 2 2
412 736 2
147 913 2
353 426 2
667 764 2
405 963 2
289 470 2
157 450 2
167 651 2
486 679 2
297 611 2
812 79 2
765 625 2
26 862 2
731 655 2
763 807 2
131 20 2
281 815 2
811 135 2
614 292 2
628 967 2
106 23 2
88 1 2
604 489 2
223 896 2
436 689 2
391 523 2
323 667 2
244 259 1
926 555 1
951 882 1
268 404 1
978 4 1
428 56 1
691 7 1
723 903 1
380 840 1
140 298 1
159 752 1
851 998 1
464 746 1
116 636 1
660 672 1
597 350 1
245 348 1
708 464 1
831 99 1
966 541 1
731 666 1
749 473 1
499 119 1
14 285 1
342 270 1
360 677 1
604 496 1
473 136 1
818 658 1
842 917 1
566 784 1
727 559 1
560 194 1
520 24 1
350 190 1
784 180 1
826 205 1
960 65 1
747 147 1
801 171 1
338 676 1
355 511 1
621 881 1
108 16 1
441 202 1
714 153 1
155 191 1
30 212 1
464 821 1
663 56 1
918 275 1
846 942 1
611 933 1
244 65 1
268 729 1
218 171 1
773 920 1
750 692 1
943 923 1
312 819 1
943 810 1
173 76 1
