224 0 94
0 224 100
253 0 95
0 253 100
30 1 98
1 30 94
228 1 97
1 228 98
286 1 91
1 286 100
33 2 95
2 33 92
110 3 94
3 110 88
93 4 100
4 93 98
187 4 99
4 187 98
48 5 98
5 48 95
60 5 99
5 60 96
112 5 97
5 112 95
304 5 98
5 304 93
485 5 90
5 485 89
147 6 100
6 147 100
297 6 87
6 297 95
376 6 97
6 376 97
462 6 94
6 462 95
156 7 98
7 156 98
341 7 100
7 341 93
36 8 96
8 36 95
45 8 83
8 45 100
364 8 96
8 364 91
261 9 90
9 261 100
486 9 97
9 486 93
190 10 97
10 190 98
390 10 95
10 390 97
259 12 99
12 259 95
490 12 94
12 490 91
185 14 100
14 185 92
472 14 96
14 472 99
369 15 100
15 369 97
203 16 100
16 203 96
256 16 96
16 256 100
31 17 97
17 31 90
105 17 98
17 105 100
150 17 100
17 150 87
196 17 87
17 196 100
335 17 100
17 335 97
250 18 84
18 250 87
342 18 99
18 342 95
398 18 90
18 398 92
413 18 88
18 413 91
90 19 85
19 90 100
103 19 100
19 103 99
122 19 100
19 122 100
46 20 94
20 46 98
77 20 100
20 77 85
399 20 98
20 399 98
19 21 91
21 19 100
20 21 96
21 20 95
60 21 97
21 60 99
110 21 100
21 110 88
26 22 100
22 26 100
152 22 100
22 152 91
159 22 71
22 159 96
381 22 95
22 381 97
266 23 93
23 266 95
493 23 85
23 493 100
82 24 100
24 82 96
143 24 100
24 143 100
213 24 89
24 213 100
309 24 97
24 309 100
282 25 94
25 282 91
424 25 100
25 424 98
23 26 93
26 23 88
122 26 99
26 122 100
142 26 93
26 142 94
365 26 94
26 365 95
421 26 95
26 421 93
457 26 95
26 457 98
482 26 94
26 482 92
456 27 91
27 456 99
75 28 99
28 75 95
157 28 100
28 157 96
170 28 100
28 170 95
202 28 90
28 202 95
59 29 96
29 59 100
124 29 99
29 124 96
315 29 93
29 315 98
97 30 100
30 97 100
119 30 100
30 119 97
336 30 96
30 336 100
131 31 100
31 131 95
486 31 85
31 486 99
199 32 92
32 199 93
278 32 89
32 278 98
298 32 96
32 298 91
469 32 93
32 469 100
57 33 90
33 57 91
96 33 95
33 96 99
195 33 100
33 195 94
326 33 96
33 326 97
355 33 90
33 355 100
161 34 91
34 161 89
281 35 99
35 281 96
344 35 95
35 344 92
371 36 100
36 371 95
161 37 100
37 161 83
144 38 95
38 144 91
166 38 87
38 166 97
316 38 95
38 316 87
321 38 93
38 321 100
415 38 97
38 415 97
117 39 96
39 117 96
127 40 96
40 127 96
304 40 88
40 304 100
100 41 90
41 100 100
132 41 100
41 132 100
275 41 95
41 275 90
495 41 91
41 495 95
128 42 98
42 128 84
322 42 90
42 322 99
369 42 98
42 369 79
81 43 86
43 81 95
47 44 94
44 47 93
51 44 88
44 51 88
304 44 83
44 304 91
412 44 96
44 412 97
284 45 90
45 284 100
426 45 98
45 426 100
22 46 93
46 22 97
236 46 100
46 236 95
386 46 96
46 386 95
125 47 95
47 125 96
15 48 100
48 15 95
79 48 100
48 79 100
336 48 100
48 336 92
456 48 100
48 456 93
138 49 92
49 138 92
321 49 96
49 321 100
423 49 97
49 423 93
470 49 100
49 470 89
112 50 97
50 112 94
135 50 97
50 135 92
92 51 96
51 92 94
242 51 95
51 242 95
261 51 100
51 261 95
483 51 87
51 483 100
11 52 100
52 11 96
113 52 89
52 113 100
178 52 100
52 178 96
367 53 95
53 367 94
391 53 95
53 391 91
140 54 98
54 140 93
227 54 97
54 227 100
470 54 97
54 470 96
250 55 98
55 250 89
323 55 96
55 323 100
381 55 91
55 381 99
287 56 95
56 287 92
326 56 100
56 326 100
444 56 97
56 444 95
14 57 100
57 14 99
422 57 99
57 422 91
446 57 88
57 446 94
173 58 91
58 173 93
422 58 93
58 422 96
184 59 100
59 184 91
333 59 89
59 333 100
376 59 100
59 376 98
447 59 100
59 447 95
70 60 100
60 70 100
194 60 95
60 194 100
280 60 100
60 280 94
459 60 92
60 459 96
31 61 79
61 31 96
45 61 97
61 45 98
135 61 90
61 135 87
209 61 95
61 209 92
217 61 100
61 217 92
112 62 87
62 112 97
168 62 83
62 168 92
197 62 85
62 197 86
312 62 99
62 312 82
372 62 92
62 372 91
255 63 99
63 255 100
204 64 95
64 204 100
206 64 93
64 206 99
255 64 96
64 255 96
290 64 95
64 290 100
17 65 96
65 17 96
287 65 93
65 287 95
437 65 93
65 437 99
483 65 95
65 483 93
0 66 97
66 0 98
13 66 100
66 13 100
11 67 100
67 11 100
52 67 100
67 52 96
55 67 95
67 55 96
251 67 100
67 251 95
267 67 98
67 267 99
351 67 100
67 351 96
109 68 100
68 109 95
151 68 89
68 151 98
170 68 95
68 170 98
250 68 96
68 250 100
371 68 98
68 371 95
152 69 96
69 152 100
432 69 100
69 432 97
303 70 100
70 303 93
370 70 97
70 370 99
388 70 99
70 388 96
69 71 96
71 69 100
128 71 97
71 128 83
338 71 91
71 338 96
16 72 94
72 16 96
82 72 92
72 82 95
138 72 95
72 138 96
416 72 100
72 416 97
213 73 96
73 213 96
87 75 100
75 87 94
490 75 99
75 490 100
27 76 99
76 27 99
52 76 100
76 52 100
299 76 100
76 299 99
315 76 96
76 315 100
163 77 100
77 163 93
89 78 99
78 89 100
402 78 100
78 402 98
30 79 96
79 30 96
161 79 95
79 161 97
445 79 93
79 445 88
21 80 92
80 21 95
140 80 93
80 140 100
159 80 89
80 159 90
218 80 94
80 218 83
260 80 99
80 260 96
368 80 95
80 368 94
93 81 95
81 93 100
163 81 90
81 163 96
439 81 99
81 439 88
449 81 86
81 449 84
452 81 92
81 452 95
136 83 95
83 136 88
466 83 88
83 466 93
49 84 85
84 49 96
228 84 100
84 228 88
341 84 87
84 341 100
39 85 100
85 39 98
40 85 95
85 40 100
139 85 98
85 139 96
312 85 96
85 312 94
10 86 95
86 10 98
320 86 100
86 320 96
382 86 83
86 382 88
414 86 86
86 414 100
446 86 79
86 446 86
6 87 96
87 6 93
13 87 100
87 13 100
27 87 95
87 27 100
174 87 100
87 174 91
228 87 94
87 228 100
370 87 93
87 370 95
407 87 95
87 407 97
297 88 87
88 297 93
384 88 98
88 384 97
448 88 100
88 448 100
59 89 96
89 59 95
360 89 96
89 360 100
416 89 97
89 416 83
261 90 90
90 261 99
273 90 100
90 273 97
97 91 100
91 97 96
259 91 88
91 259 98
269 91 95
91 269 88
401 91 100
91 401 92
448 92 100
92 448 98
190 93 92
93 190 100
14 94 94
94 14 95
401 95 96
95 401 96
153 96 93
96 153 96
181 97 95
97 181 96
363 97 91
97 363 100
36 98 96
98 36 98
56 98 90
98 56 97
213 98 100
98 213 83
237 98 95
98 237 93
19 99 84
99 19 100
278 99 83
99 278 86
103 100 99
100 103 92
154 100 86
100 154 95
327 100 92
100 327 95
462 100 95
100 462 88
128 101 100
101 128 100
167 101 100
101 167 100
368 101 100
101 368 89
179 102 100
102 179 100
273 102 89
102 273 99
58 103 100
103 58 92
402 103 100
103 402 100
408 103 89
103 408 100
236 105 89
105 236 100
273 105 98
105 273 98
374 105 97
105 374 96
27 106 95
106 27 97
300 106 95
106 300 92
430 106 95
106 430 99
8 107 96
107 8 98
94 107 99
107 94 95
146 107 100
107 146 96
257 107 100
107 257 99
2 108 96
108 2 93
72 108 96
108 72 95
151 108 93
108 151 100
358 108 100
108 358 96
365 108 93
108 365 92
454 108 96
108 454 98
177 109 96
109 177 100
378 109 95
109 378 92
7 110 97
110 7 95
28 110 82
110 28 72
39 110 95
110 39 93
317 110 93
110 317 100
422 110 81
110 422 85
72 111 100
111 72 96
105 111 80
111 105 98
157 111 100
111 157 86
244 111 95
111 244 94
291 111 87
111 291 90
385 111 87
111 385 97
436 111 97
111 436 89
321 112 97
112 321 92
436 112 93
112 436 95
199 113 95
113 199 95
356 113 96
113 356 98
402 113 99
113 402 95
426 113 86
113 426 97
428 113 92
113 428 95
14 114 92
114 14 98
20 114 98
114 20 98
92 114 100
114 92 94
239 114 86
114 239 94
334 114 95
114 334 90
423 114 94
114 423 95
472 114 88
114 472 100
2 115 90
115 2 96
159 115 90
115 159 96
336 115 93
115 336 86
227 116 87
116 227 86
341 116 95
116 341 95
449 117 94
117 449 85
73 118 100
118 73 87
140 118 95
118 140 95
363 118 88
118 363 98
486 118 95
118 486 97
354 119 96
119 354 97
425 119 99
119 425 96
86 120 92
120 86 93
248 120 98
120 248 91
264 121 98
121 264 95
430 122 99
122 430 100
121 123 87
123 121 85
286 123 90
123 286 74
4 124 100
124 4 95
102 124 84
124 102 97
178 124 97
124 178 96
349 124 90
124 349 90
388 124 98
124 388 99
440 124 95
124 440 96
244 125 99
125 244 96
151 126 88
126 151 92
347 126 100
126 347 96
220 127 100
127 220 100
310 127 99
127 310 100
338 127 91
127 338 97
20 128 95
128 20 83
257 128 94
128 257 92
79 129 89
129 79 100
400 130 96
130 400 100
147 131 97
131 147 84
165 131 85
131 165 99
358 131 95
131 358 97
415 131 92
131 415 96
416 131 96
131 416 90
182 132 96
132 182 97
287 132 100
132 287 95
387 132 100
132 387 96
119 133 100
133 119 100
250 133 100
133 250 100
261 133 99
133 261 100
496 133 97
133 496 100
40 134 100
134 40 94
137 134 97
134 137 100
156 134 90
134 156 100
426 134 97
134 426 84
470 134 95
134 470 100
171 135 92
135 171 87
208 135 95
135 208 92
386 135 92
135 386 99
457 135 82
135 457 96
237 136 95
136 237 95
271 136 90
136 271 94
125 137 100
137 125 91
211 137 87
137 211 97
224 138 91
138 224 100
402 138 93
138 402 89
344 139 98
139 344 100
450 139 100
139 450 98
487 139 89
139 487 91
96 140 95
140 96 98
239 140 84
140 239 91
354 140 100
140 354 90
1 141 96
141 1 100
5 141 91
141 5 94
250 141 100
141 250 91
377 141 100
141 377 92
403 141 95
141 403 96
34 142 100
142 34 97
72 142 90
142 72 100
350 142 95
142 350 100
492 142 96
142 492 83
152 143 96
143 152 98
302 143 98
143 302 92
348 143 98
143 348 96
493 144 88
144 493 95
61 145 94
145 61 95
277 145 100
145 277 93
88 146 90
146 88 97
176 146 91
146 176 98
421 147 100
147 421 90
37 148 100
148 37 100
15 149 100
149 15 92
27 149 100
149 27 92
30 149 91
149 30 92
73 149 95
149 73 100
194 149 97
149 194 100
28 150 93
150 28 100
126 150 93
150 126 94
431 150 90
150 431 96
451 150 100
150 451 87
132 151 100
151 132 92
229 151 100
151 229 94
337 151 97
151 337 95
65 152 98
152 65 97
61 153 91
153 61 88
128 153 89
153 128 95
167 153 95
153 167 83
201 153 84
153 201 91
220 153 96
153 220 95
275 153 98
153 275 87
392 153 83
153 392 89
488 153 75
153 488 77
305 154 100
154 305 99
315 154 92
154 315 95
459 154 91
154 459 95
486 155 98
155 486 97
35 156 92
156 35 95
318 156 100
156 318 95
411 156 94
156 411 100
223 157 97
157 223 97
498 157 95
157 498 100
63 158 91
158 63 94
68 158 89
158 68 92
140 158 100
158 140 83
238 158 100
158 238 95
54 159 93
159 54 100
283 159 100
159 283 96
387 159 87
159 387 94
402 159 92
159 402 99
428 159 92
159 428 96
73 160 98
160 73 100
273 160 90
160 273 99
380 160 96
160 380 90
443 160 95
160 443 86
140 161 87
161 140 95
30 162 96
162 30 97
370 162 99
162 370 100
378 162 95
162 378 99
162 163 99
163 162 98
193 163 95
163 193 93
208 164 96
164 208 99
36 165 91
165 36 93
258 165 97
165 258 96
292 165 73
165 292 97
173 166 100
166 173 96
247 166 91
166 247 100
325 166 100
166 325 100
2 167 100
167 2 92
11 167 95
167 11 100
72 168 91
168 72 90
111 168 76
168 111 96
133 168 84
168 133 90
210 168 88
168 210 96
223 168 100
168 223 89
230 168 92
168 230 87
257 168 100
168 257 94
260 168 92
168 260 100
384 168 91
168 384 91
394 168 87
168 394 92
62 169 84
169 62 95
274 169 96
169 274 99
279 169 99
169 279 96
328 169 100
169 328 100
401 169 95
169 401 100
25 170 96
170 25 94
256 170 100
170 256 98
301 170 96
170 301 95
448 170 93
170 448 95
71 171 99
171 71 99
116 171 96
171 116 85
172 171 94
171 172 91
303 171 92
171 303 98
313 171 93
171 313 92
406 171 94
171 406 96
97 172 97
172 97 100
111 172 100
172 111 89
206 172 96
172 206 100
180 173 100
173 180 100
302 173 89
173 302 92
135 174 85
174 135 97
315 174 93
174 315 97
329 174 99
174 329 100
153 175 96
175 153 95
220 175 97
175 220 96
491 175 91
175 491 91
90 176 100
176 90 100
134 176 89
176 134 100
268 176 100
176 268 96
484 176 100
176 484 98
11 177 97
177 11 99
50 177 99
177 50 100
299 177 95
177 299 97
37 178 98
178 37 94
213 178 95
178 213 98
244 178 98
178 244 97
286 178 93
178 286 98
333 178 99
178 333 94
244 179 95
179 244 98
447 179 100
179 447 100
28 180 99
180 28 92
281 180 96
180 281 90
302 180 93
180 302 100
356 180 96
180 356 95
431 180 100
180 431 96
481 180 91
180 481 100
30 181 100
181 30 94
235 181 94
181 235 93
453 181 83
181 453 99
28 182 89
182 28 88
56 182 94
182 56 85
316 182 87
182 316 99
483 182 89
182 483 99
345 183 95
183 345 100
18 184 94
184 18 88
47 184 100
184 47 100
130 184 87
184 130 88
317 184 98
184 317 95
344 184 97
184 344 86
114 185 98
185 114 100
137 185 100
185 137 93
181 185 91
185 181 92
205 185 88
185 205 90
13 186 100
186 13 100
327 186 95
186 327 96
143 187 95
187 143 100
259 187 99
187 259 88
287 187 84
187 287 89
306 187 94
187 306 97
340 187 100
187 340 100
64 188 95
188 64 97
250 188 93
188 250 100
451 188 94
188 451 89
462 188 91
188 462 99
13 189 98
189 13 99
214 189 97
189 214 88
69 190 100
190 69 95
106 191 95
191 106 97
169 191 95
191 169 100
347 191 96
191 347 100
462 191 97
191 462 87
297 192 100
192 297 100
200 193 92
193 200 100
10 194 100
194 10 100
116 194 91
194 116 97
295 194 96
194 295 94
51 195 100
195 51 92
237 195 100
195 237 100
383 195 99
195 383 100
233 196 100
196 233 97
395 196 100
196 395 94
480 196 97
196 480 100
41 197 95
197 41 91
158 197 92
197 158 92
205 197 88
197 205 97
398 197 88
197 398 88
431 197 88
197 431 90
59 198 86
198 59 96
157 198 99
198 157 97
230 199 100
199 230 96
452 199 87
199 452 93
475 199 97
199 475 98
118 200 94
200 118 93
219 200 94
200 219 95
268 200 96
200 268 100
379 200 92
200 379 94
298 202 98
202 298 96
460 202 99
202 460 96
95 203 100
203 95 100
162 203 88
203 162 95
403 203 94
203 403 100
440 203 92
203 440 92
62 204 88
204 62 94
103 204 91
204 103 99
152 204 99
204 152 100
322 204 100
204 322 85
428 204 88
204 428 88
54 205 99
205 54 100
219 205 100
205 219 86
458 205 80
205 458 100
109 206 95
206 109 99
295 206 97
206 295 100
302 206 89
206 302 96
20 207 93
207 20 95
55 207 95
207 55 100
171 207 85
207 171 95
298 207 100
207 298 85
365 207 98
207 365 88
222 208 97
208 222 94
315 208 93
208 315 97
321 208 97
208 321 92
474 208 96
208 474 92
18 209 86
209 18 92
18 210 90
210 18 86
73 210 90
210 73 96
181 210 95
210 181 100
227 210 91
210 227 87
4 211 97
211 4 100
310 211 95
211 310 93
341 211 100
211 341 91
368 211 83
211 368 100
197 213 86
213 197 89
68 214 93
214 68 100
249 214 99
214 249 87
263 214 96
214 263 100
474 214 97
214 474 100
435 215 100
215 435 97
90 216 96
216 90 100
149 216 97
216 149 93
484 216 97
216 484 98
225 217 94
217 225 97
460 217 93
217 460 96
420 218 90
218 420 100
8 219 93
219 8 93
188 219 99
219 188 99
414 219 93
219 414 95
66 220 97
220 66 100
231 220 100
220 231 100
338 220 100
220 338 83
1 221 96
221 1 96
81 221 96
221 81 91
322 221 93
221 322 100
94 222 93
222 94 100
236 223 97
223 236 100
316 223 96
223 316 94
467 223 96
223 467 93
161 224 96
224 161 98
24 225 98
225 24 100
79 225 97
225 79 88
102 225 90
225 102 92
142 225 89
225 142 95
148 225 100
225 148 100
432 225 94
225 432 94
54 226 94
226 54 95
119 226 99
226 119 98
196 226 97
226 196 92
479 226 94
226 479 92
74 227 96
227 74 92
202 227 100
227 202 98
345 227 92
227 345 92
365 227 82
227 365 87
491 227 98
227 491 99
347 228 96
228 347 100
220 229 95
229 220 100
310 229 100
229 310 93
434 230 100
230 434 92
473 230 92
230 473 97
498 230 100
230 498 95
206 231 100
231 206 96
168 232 87
232 168 99
358 232 94
232 358 100
46 233 100
233 46 95
392 235 98
235 392 96
394 235 100
235 394 99
454 235 96
235 454 93
281 236 87
236 281 91
348 236 96
236 348 90
454 237 100
237 454 92
275 238 84
238 275 96
401 238 100
238 401 91
222 239 88
239 222 84
290 239 91
239 290 91
486 239 93
239 486 100
188 240 95
240 188 98
202 240 98
240 202 93
451 240 98
240 451 100
427 241 95
241 427 99
440 241 89
241 440 91
193 242 98
242 193 100
198 242 100
242 198 97
291 242 92
242 291 95
302 242 92
242 302 90
135 243 93
243 135 99
295 243 100
243 295 100
337 243 96
243 337 91
439 244 92
244 439 93
497 244 96
244 497 100
316 245 98
245 316 88
400 245 95
245 400 97
478 245 97
245 478 100
137 247 97
247 137 94
193 247 98
247 193 90
201 247 87
247 201 86
323 247 100
247 323 97
348 247 95
247 348 94
207 248 95
248 207 97
320 248 96
248 320 100
377 248 99
248 377 97
431 248 100
248 431 83
151 249 97
249 151 87
174 249 88
249 174 90
297 249 94
249 297 88
172 250 90
250 172 100
204 250 88
250 204 85
349 250 91
250 349 93
412 250 96
250 412 94
414 250 92
250 414 86
122 251 100
251 122 93
461 251 95
251 461 100
488 251 88
251 488 89
214 253 95
253 214 97
263 253 97
253 263 100
411 253 87
253 411 94
205 254 90
254 205 100
414 254 99
254 414 93
124 255 95
255 124 100
153 255 98
255 153 83
229 255 100
255 229 100
360 256 100
256 360 98
28 257 90
257 28 82
340 257 96
257 340 100
31 258 91
258 31 98
44 258 95
258 44 98
56 258 98
258 56 95
336 258 95
258 336 91
343 258 100
258 343 91
497 258 94
258 497 100
37 259 94
259 37 90
253 259 93
259 253 100
331 259 98
259 331 85
101 260 99
260 101 95
367 261 97
261 367 100
206 262 91
262 206 98
411 262 97
262 411 98
474 262 100
262 474 100
119 263 100
263 119 90
212 264 90
264 212 97
314 264 88
264 314 88
55 265 94
265 55 98
76 265 94
265 76 96
168 265 95
265 168 94
412 265 91
265 412 94
16 266 93
266 16 92
177 266 97
266 177 91
338 266 86
266 338 90
44 267 78
267 44 91
167 267 100
267 167 100
327 267 93
267 327 90
499 268 100
268 499 97
30 269 99
269 30 95
31 269 88
269 31 96
93 269 95
269 93 93
118 269 84
269 118 85
263 269 90
269 263 80
310 269 90
269 310 86
438 269 95
269 438 96
194 270 98
270 194 95
339 270 85
270 339 93
349 271 87
271 349 85
458 271 98
271 458 90
195 272 99
272 195 100
276 272 100
272 276 100
361 272 94
272 361 96
391 272 99
272 391 100
423 272 99
272 423 88
338 273 85
273 338 100
383 273 100
273 383 100
455 273 96
273 455 93
345 274 96
274 345 99
414 274 99
274 414 92
84 275 97
275 84 93
287 275 90
275 287 95
317 275 95
275 317 92
25 276 88
276 25 97
198 276 100
276 198 97
2 277 91
277 2 98
60 277 97
277 60 95
190 277 100
277 190 93
29 278 84
278 29 99
50 278 95
278 50 93
185 278 99
278 185 97
198 278 87
278 198 98
245 278 93
278 245 100
259 278 94
278 259 86
492 278 83
278 492 92
149 279 98
279 149 94
196 279 99
279 196 98
233 279 100
279 233 99
401 279 95
279 401 100
119 280 100
280 119 100
281 280 98
280 281 100
401 280 95
280 401 100
86 281 87
281 86 93
245 281 100
281 245 100
292 281 90
281 292 85
403 281 97
281 403 85
473 282 94
282 473 80
84 283 96
283 84 96
153 283 93
283 153 94
274 283 99
283 274 100
470 283 100
283 470 99
82 284 90
284 82 96
216 284 91
284 216 95
262 284 93
284 262 100
313 284 96
284 313 96
421 284 93
284 421 92
112 285 100
285 112 100
333 285 92
285 333 100
408 285 95
285 408 95
105 286 86
286 105 96
146 286 91
286 146 96
308 286 93
286 308 88
493 286 86
286 493 93
76 287 97
287 76 94
184 287 92
287 184 79
231 287 94
287 231 97
381 287 99
287 381 91
423 287 90
287 423 85
449 287 85
287 449 96
115 288 96
288 115 94
132 288 96
288 132 100
201 288 92
288 201 95
346 288 97
288 346 94
372 289 90
289 372 95
27 290 94
290 27 100
52 290 96
290 52 100
207 290 84
290 207 97
283 290 100
290 283 100
446 290 92
290 446 84
485 290 99
290 485 98
15 291 94
291 15 90
22 291 95
291 22 97
278 291 89
291 278 100
91 292 92
292 91 94
173 292 94
292 173 99
193 292 88
292 193 100
230 292 95
292 230 96
418 292 90
292 418 94
437 292 95
292 437 89
214 293 95
293 214 100
251 293 97
293 251 100
14 294 93
294 14 98
54 294 98
294 54 93
66 294 100
294 66 97
89 294 98
294 89 99
348 294 100
294 348 100
428 294 99
294 428 97
144 295 100
295 144 100
466 295 96
295 466 95
63 296 97
296 63 98
99 296 85
296 99 95
126 296 87
296 126 95
149 296 100
296 149 91
208 296 93
296 208 92
364 296 96
296 364 92
423 296 91
296 423 98
32 297 88
297 32 98
74 297 92
297 74 97
84 297 95
297 84 95
332 297 100
297 332 96
422 297 83
297 422 94
458 297 98
297 458 93
319 298 100
298 319 90
330 298 95
298 330 95
394 298 99
298 394 92
141 299 96
299 141 97
151 299 92
299 151 87
232 299 91
299 232 100
411 299 97
299 411 100
382 300 89
300 382 99
192 301 100
301 192 98
341 301 100
301 341 88
38 302 100
302 38 92
253 302 95
302 253 100
342 302 83
302 342 92
456 302 91
302 456 96
130 303 94
303 130 98
321 303 94
303 321 96
174 304 85
304 174 95
211 304 95
304 211 95
440 304 86
304 440 82
6 305 96
305 6 97
115 306 100
306 115 96
54 307 96
307 54 92
281 307 95
307 281 87
301 307 100
307 301 98
396 307 92
307 396 95
465 307 87
307 465 95
133 308 100
308 133 93
153 308 84
308 153 93
192 308 100
308 192 100
376 308 96
308 376 90
200 309 97
309 200 100
380 309 98
309 380 97
17 310 95
310 17 95
109 310 100
310 109 99
195 310 100
310 195 92
369 310 88
310 369 89
22 311 87
311 22 100
85 311 86
311 85 100
111 311 88
311 111 88
207 311 94
311 207 90
300 311 100
311 300 99
483 311 83
311 483 89
160 312 94
312 160 85
187 312 100
312 187 89
284 312 91
312 284 99
345 312 95
312 345 87
485 312 94
312 485 97
40 313 95
313 40 100
51 313 87
313 51 96
161 313 89
313 161 88
240 313 96
313 240 87
279 313 95
313 279 100
91 314 91
314 91 98
230 314 85
314 230 95
239 315 89
315 239 93
436 315 94
315 436 95
100 316 99
316 100 87
203 317 81
317 203 100
387 317 95
317 387 92
80 318 93
318 80 100
136 318 83
318 136 99
422 318 95
318 422 82
140 319 83
319 140 95
215 319 100
319 215 95
491 319 100
319 491 79
338 320 97
320 338 100
481 320 94
320 481 95
26 321 91
321 26 95
95 321 99
321 95 95
285 321 100
321 285 97
419 321 100
321 419 93
134 322 90
322 134 93
277 322 100
322 277 100
37 323 99
323 37 93
77 323 92
323 77 97
454 323 96
323 454 100
113 324 85
324 113 97
139 324 92
324 139 98
195 324 86
324 195 92
306 324 100
324 306 97
321 324 96
324 321 85
343 324 93
324 343 100
361 324 93
324 361 83
24 325 90
325 24 93
295 325 96
325 295 98
381 325 94
325 381 96
489 325 100
325 489 93
383 326 99
326 383 100
109 327 97
327 109 94
62 328 94
328 62 79
5 329 99
329 5 95
278 329 96
329 278 95
385 329 95
329 385 91
394 329 94
329 394 95
357 330 95
330 357 98
471 331 97
331 471 96
151 332 98
332 151 93
481 332 98
332 481 98
55 333 98
333 55 95
342 333 98
333 342 96
399 333 96
333 399 94
485 333 91
333 485 99
1 334 96
334 1 96
37 334 95
334 37 99
65 335 100
335 65 100
89 335 90
335 89 85
353 335 90
335 353 100
13 336 100
336 13 95
229 336 100
336 229 84
280 336 86
336 280 100
482 336 91
336 482 87
60 337 96
337 60 100
395 337 98
337 395 98
438 337 100
337 438 98
465 337 99
337 465 86
58 338 76
338 58 91
229 338 86
338 229 100
379 338 99
338 379 96
411 338 90
338 411 83
250 339 88
339 250 91
343 339 96
339 343 100
93 340 97
340 93 90
108 340 87
340 108 87
198 340 100
340 198 96
247 340 86
340 247 100
47 341 99
341 47 98
107 341 93
341 107 93
458 341 95
341 458 92
488 341 82
341 488 91
107 342 100
342 107 92
215 342 99
342 215 92
241 342 85
342 241 91
263 342 88
342 263 92
84 343 92
343 84 95
187 343 96
343 187 95
256 343 92
343 256 97
293 343 95
343 293 95
374 343 100
343 374 92
428 343 96
343 428 100
125 344 93
344 125 90
302 344 92
344 302 85
345 344 85
344 345 87
438 344 98
344 438 94
78 345 96
345 78 93
225 345 93
345 225 84
276 345 97
345 276 97
426 345 89
345 426 91
165 346 95
346 165 98
256 346 99
346 256 78
495 346 96
346 495 97
153 347 96
347 153 95
276 348 100
348 276 96
457 348 89
348 457 93
178 349 100
349 178 99
244 349 87
349 244 91
251 349 90
349 251 93
261 349 98
349 261 82
288 349 78
349 288 100
377 349 95
349 377 88
87 350 87
350 87 99
111 350 86
350 111 89
148 350 98
350 148 100
183 350 92
350 183 95
295 350 96
350 295 98
490 350 90
350 490 96
373 351 97
351 373 96
190 352 94
352 190 94
217 353 94
353 217 100
236 353 90
353 236 92
445 354 91
354 445 94
392 355 90
355 392 94
24 356 93
356 24 100
492 356 96
356 492 100
128 357 91
357 128 93
267 357 96
357 267 89
187 358 94
358 187 99
425 358 93
358 425 98
444 358 87
358 444 84
64 359 92
359 64 92
151 359 93
359 151 85
234 359 95
359 234 90
452 359 93
359 452 95
96 360 99
360 96 100
104 360 100
360 104 100
355 360 95
360 355 97
442 360 97
360 442 99
82 361 100
361 82 97
55 362 96
362 55 96
230 362 98
362 230 88
326 362 93
362 326 96
445 362 96
362 445 94
157 363 100
363 157 100
189 363 98
363 189 99
409 363 94
363 409 99
166 364 96
364 166 100
258 364 96
364 258 92
450 364 100
364 450 91
96 365 100
365 96 96
8 366 95
366 8 100
275 366 99
366 275 96
307 366 98
366 307 96
436 366 93
366 436 100
5 367 96
367 5 95
41 367 94
367 41 96
376 367 93
367 376 90
453 367 94
367 453 94
170 368 93
368 170 92
182 368 88
368 182 90
216 368 88
368 216 95
346 368 86
368 346 86
355 368 100
368 355 86
454 368 73
368 454 94
300 369 96
369 300 90
397 369 93
369 397 93
481 369 100
369 481 90
84 370 91
370 84 99
129 370 88
370 129 95
198 371 96
371 198 100
289 371 95
371 289 98
229 372 88
372 229 90
105 373 91
373 105 86
267 373 83
373 267 98
93 374 95
374 93 100
243 374 99
374 243 88
418 374 95
374 418 84
52 375 95
375 52 96
197 375 91
375 197 87
254 375 100
375 254 100
4 376 100
376 4 99
90 376 100
376 90 86
116 376 89
376 116 86
128 376 79
376 128 87
450 376 90
376 450 82
250 377 99
377 250 95
307 377 96
377 307 85
443 377 98
377 443 92
1 378 99
378 1 95
83 378 97
378 83 87
111 378 85
378 111 87
183 378 93
378 183 97
237 378 98
378 237 94
413 378 85
378 413 89
450 378 85
378 450 100
479 378 91
378 479 88
192 379 95
379 192 95
273 379 93
379 273 90
359 379 93
379 359 81
373 379 79
379 373 95
62 380 94
380 62 91
65 380 94
380 65 94
145 380 93
380 145 98
315 380 90
380 315 78
76 381 97
381 76 95
343 381 96
381 343 95
394 381 92
381 394 100
333 382 99
382 333 97
388 382 89
382 388 94
423 382 80
382 423 93
109 383 98
383 109 95
339 383 100
383 339 86
47 384 88
384 47 97
116 384 95
384 116 97
179 384 98
384 179 94
325 385 99
385 325 87
194 386 99
386 194 97
286 386 91
386 286 96
295 386 93
386 295 95
493 386 96
386 493 90
212 387 98
387 212 96
275 387 90
387 275 96
25 388 92
388 25 84
103 388 91
388 103 91
452 388 97
388 452 100
25 389 100
389 25 92
163 389 99
389 163 98
450 389 82
389 450 93
53 390 95
390 53 100
114 390 94
390 114 100
209 390 100
390 209 98
284 390 90
390 284 95
408 390 98
390 408 85
15 391 100
391 15 100
287 391 98
391 287 83
148 392 95
392 148 99
180 392 91
392 180 94
188 392 91
392 188 89
266 392 93
392 266 99
279 392 98
392 279 93
50 393 92
393 50 94
86 393 91
393 86 100
158 393 99
393 158 83
205 393 89
393 205 85
207 393 87
393 207 86
331 393 88
393 331 96
33 394 91
394 33 94
330 394 98
394 330 95
39 395 97
395 39 96
247 395 100
395 247 89
155 396 95
396 155 90
428 396 95
396 428 90
492 396 91
396 492 89
245 397 98
397 245 95
326 397 95
397 326 98
387 397 95
397 387 96
427 397 99
397 427 96
428 397 98
397 428 96
23 399 96
399 23 100
217 399 93
399 217 94
30 400 92
400 30 93
361 400 92
400 361 100
247 401 91
401 247 77
314 401 95
401 314 100
403 401 96
401 403 100
58 402 100
402 58 90
377 402 88
402 377 93
454 402 93
402 454 91
175 403 96
403 175 98
49 404 97
404 49 92
324 405 89
405 324 100
395 405 99
405 395 96
141 406 100
406 141 98
230 406 86
406 230 100
86 407 84
407 86 96
189 407 95
407 189 92
344 407 94
407 344 90
421 407 89
407 421 88
0 408 92
408 0 91
131 408 93
408 131 92
307 408 92
408 307 90
347 408 98
408 347 95
359 408 89
408 359 97
454 408 95
408 454 84
263 410 97
410 263 91
325 410 93
410 325 99
353 410 98
410 353 100
356 410 100
410 356 100
359 410 93
410 359 91
217 411 86
411 217 98
232 411 89
411 232 98
298 411 95
411 298 98
435 411 86
411 435 91
153 412 85
412 153 86
173 413 88
413 173 93
221 413 90
413 221 95
89 414 91
414 89 84
118 414 86
414 118 91
207 414 91
414 207 86
49 415 100
415 49 96
94 415 90
415 94 98
161 416 91
416 161 100
194 417 97
417 194 98
251 417 100
417 251 83
182 418 86
418 182 96
383 418 100
418 383 89
73 419 97
419 73 94
336 419 100
419 336 90
382 419 99
419 382 94
0 420 88
420 0 99
36 420 93
420 36 91
136 420 85
420 136 89
48 421 100
421 48 93
53 421 88
421 53 92
78 422 95
422 78 96
113 422 100
422 113 89
429 422 86
422 429 89
453 422 96
422 453 93
370 423 95
423 370 94
440 423 96
423 440 94
277 424 93
424 277 97
409 424 94
424 409 98
458 424 100
424 458 85
131 425 100
425 131 94
133 425 92
425 133 100
330 425 94
425 330 96
292 426 88
426 292 85
308 426 92
426 308 85
381 427 100
427 381 96
413 427 95
427 413 96
4 428 99
428 4 99
116 428 99
428 116 92
273 428 90
428 273 82
400 428 84
428 400 97
77 429 94
429 77 100
181 429 84
429 181 100
400 429 92
429 400 100
477 429 96
429 477 89
204 430 92
430 204 92
449 431 85
431 449 92
495 431 97
431 495 84
229 432 95
432 229 99
255 432 99
432 255 90
452 432 99
432 452 94
130 433 79
433 130 79
7 434 95
434 7 99
93 434 98
434 93 92
151 434 97
434 151 87
369 434 94
434 369 96
39 435 96
435 39 99
80 435 100
435 80 87
305 435 89
435 305 95
335 435 100
435 335 97
447 435 90
435 447 96
146 436 95
436 146 93
269 436 93
436 269 95
338 436 92
436 338 98
409 436 100
436 409 92
37 437 91
437 37 97
78 437 100
437 78 96
369 437 88
437 369 90
443 437 100
437 443 98
475 437 87
437 475 92
444 438 100
438 444 92
20 439 99
439 20 96
109 439 94
439 109 94
162 439 98
439 162 93
303 439 90
439 303 97
319 439 96
439 319 88
480 440 97
440 480 90
196 441 99
441 196 96
327 441 96
441 327 95
21 442 100
442 21 99
435 442 97
442 435 97
113 443 94
443 113 95
118 443 95
443 118 97
152 443 100
443 152 93
69 444 94
444 69 98
135 444 92
444 135 91
268 444 85
444 268 85
359 444 86
444 359 89
450 444 91
444 450 87
472 444 91
444 472 80
216 445 100
445 216 93
335 445 86
445 335 87
349 445 93
445 349 87
163 446 93
446 163 84
116 448 96
448 116 93
128 448 87
448 128 98
54 449 86
449 54 78
55 449 86
449 55 90
461 449 90
449 461 85
476 449 95
449 476 100
83 450 93
450 83 94
350 452 80
452 350 90
336 453 89
453 336 92
369 453 89
453 369 99
494 453 96
453 494 93
290 454 83
454 290 88
333 454 92
454 333 86
144 455 93
455 144 96
198 455 93
455 198 96
306 455 97
455 306 94
350 455 89
455 350 95
355 455 88
455 355 81
367 455 97
455 367 95
453 455 94
455 453 92
0 456 100
456 0 97
143 456 95
456 143 91
288 456 91
456 288 85
286 457 91
457 286 88
339 457 88
457 339 100
356 457 83
457 356 100
485 458 89
458 485 90
23 459 95
459 23 96
125 459 93
459 125 89
240 460 95
460 240 100
387 460 87
460 387 99
326 461 100
461 326 100
146 462 95
462 146 98
162 462 96
462 162 98
172 462 87
462 172 78
335 462 86
462 335 100
399 462 93
462 399 100
171 463 97
463 171 95
479 463 100
463 479 98
124 464 91
464 124 94
89 465 97
465 89 86
306 465 88
465 306 98
60 466 94
466 60 95
175 466 95
466 175 90
192 466 98
466 192 95
376 466 88
466 376 93
16 467 96
467 16 100
368 467 96
467 368 87
473 467 95
467 473 88
267 468 91
468 267 92
432 468 94
468 432 100
488 468 88
468 488 90
62 469 99
469 62 99
139 469 89
469 139 89
447 469 94
469 447 100
215 470 95
470 215 94
330 471 94
471 330 96
159 472 92
472 159 83
197 472 80
472 197 93
247 472 80
472 247 84
359 472 89
472 359 93
363 472 93
472 363 86
429 472 78
472 429 95
80 473 93
473 80 94
156 473 80
473 156 90
169 473 100
473 169 100
200 473 93
473 200 69
19 474 91
474 19 89
23 474 95
474 23 94
140 475 85
475 140 86
155 475 98
475 155 100
190 475 97
475 190 92
200 475 80
475 200 100
496 475 97
475 496 96
91 476 95
476 91 98
385 476 98
476 385 91
144 477 87
477 144 96
291 477 96
477 291 89
306 477 98
477 306 98
265 478 95
478 265 98
421 478 93
478 421 100
428 478 95
478 428 93
82 479 93
479 82 94
423 479 94
479 423 85
472 479 79
479 472 87
158 480 97
480 158 95
262 480 97
480 262 98
405 480 93
480 405 100
497 480 97
480 497 93
88 481 100
481 88 93
382 481 90
481 382 99
423 481 91
481 423 96
445 481 90
481 445 86
486 481 98
481 486 91
2 482 90
482 2 85
88 482 93
482 88 97
212 482 97
482 212 84
311 482 79
482 311 94
466 482 99
482 466 93
161 483 88
483 161 98
301 483 100
483 301 98
309 483 82
483 309 100
335 483 100
483 335 98
342 483 91
483 342 100
63 484 100
484 63 92
17 485 94
485 17 94
164 485 73
485 164 98
316 485 94
485 316 98
350 485 96
485 350 90
370 485 96
485 370 95
488 485 95
485 488 78
187 486 86
486 187 92
290 486 94
486 290 89
360 486 99
486 360 100
23 487 78
487 23 91
66 487 97
487 66 91
77 487 98
487 77 91
182 487 86
487 182 95
239 487 89
487 239 77
286 487 75
487 286 94
301 487 100
487 301 88
302 487 87
487 302 93
410 487 83
487 410 92
465 487 95
487 465 84
126 488 94
488 126 93
139 488 77
488 139 87
374 488 100
488 374 93
490 488 95
488 490 91
26 489 95
489 26 94
44 489 99
489 44 100
110 489 93
489 110 94
217 490 85
490 217 90
224 490 94
490 224 97
419 490 97
490 419 94
104 491 91
491 104 96
446 491 98
491 446 83
120 492 92
492 120 79
189 492 97
492 189 93
125 493 91
493 125 97
130 493 86
493 130 96
371 493 92
493 371 100
49 494 88
494 49 86
225 494 90
494 225 99
382 494 96
494 382 82
418 494 95
494 418 96
463 494 94
494 463 100
74 495 99
495 74 92
355 495 85
495 355 97
235 496 100
496 235 98
14 497 99
497 14 92
25 497 98
497 25 96
368 497 84
497 368 97
386 498 94
498 386 94
497 498 96
498 497 95
