53 332 86
240 199 86
165 129 86
102 342 86
235 478 86
13 192 85
160 363 85
174 275 85
65 464 84
97 8 84
427 316 84
494 45 84
98 76 83
434 456 83
270 109 83
186 65 83
61 386 82
405 312 82
277 323 82
186 198 82
381 167 82
147 469 82
275 219 82
435 142 82
198 72 82
78 479 81
339 259 81
234 0 81
398 393 81
195 120 81
367 452 81
60 441 81
363 124 81
499 270 81
154 175 81
314 443 80
178 156 80
451 169 80
339 233 80
325 455 80
107 76 80
141 424 80
31 155 80
18 365 80
200 27 80
84 222 80
262 430 80
138 452 80
279 299 80
151 341 80
26 257 80
336 53 79
374 400 79
322 351 79
396 73 79
365 168 79
491 109 79
497 217 79
394 38 79
157 414 79
145 102 79
157 33 79
143 344 78
20 423 78
434 33 78
121 45 78
96 371 78
284 130 78
234 5 78
30 393 78
415 229 78
348 133 77
19 441 77
263 112 77
432 40 77
309 440 77
3 420 77
473 155 77
466 465 77
401 34 77
385 289 77
249 48 77
376 242 77
38 27 77
17 322 77
51 325 77
485 79 77
118 271 77
232 314 76
227 362 76
147 207 76
272 150 76
139 298 76
178 243 76
45 196 76
296 112 76
46 249 76
213 379 76
138 475 76
496 72 76
312 326 76
91 354 76
262 157 75
396 260 75
435 272 75
487 115 75
90 374 75
347 60 75
315 184 75
468 354 75
242 392 75
341 214 75
303 373 75
86 178 75
396 397 75
338 343 74
12 371 74
106 20 74
40 188 74
458 404 74
50 427 74
85 234 74
362 385 74
354 391 74
66 445 74
302 291 74
167 414 74
90 301 74
420 301 74
227 361 74
131 375 74
219 18 74
469 68 74
216 479 74
48 79 73
263 173 73
227 271 73
206 325 73
390 12 73
117 224 73
116 444 73
377 155 73
33 239 73
439 37 73
464 222 73
410 266 73
123 248 73
136 302 73
377 304 73
352 194 73
179 120 73
25 254 73
119 128 73
49 161 73
440 221 73
356 144 73
15 219 73
398 75 72
239 190 72
92 326 72
295 452 72
329 219 72
418 186 72
46 28 72
79 399 72
189 311 72
92 471 72
214 317 72
27 170 72
198 162 72
199 349 71
61 292 71
63 279 71
439 244 71
413 71 71
38 321 71
212 491 71
422 195 71
202 307 71
192 235 71
496 438 71
396 208 71
424 231 71
0 410 71
134 326 71
131 4 71
458 454 70
172 16 70
84 495 70
226 88 70
137 379 70
194 133 70
141 153 70
313 144 70
160 343 70
299 391 70
270 419 70
90 188 70
196 494 69
87 451 69
80 195 69
204 146 69
326 117 69
254 218 69
61 128 69
160 182 69
295 78 69
336 425 69
136 490 69
493 10 69
58 497 69
409 470 69
225 83 69
327 271 69
148 229 69
293 121 69
146 351 69
310 369 69
41 264 69
472 288 69
368 47 69
120 98 68
109 381 68
483 220 68
256 460 68
22 256 68
135 238 68
282 345 68
494 201 68
299 279 68
265 164 68
185 471 68
358 276 68
152 407 68
173 469 68
416 451 68
51 452 68
25 372 68
164 256 68
7 46 68
259 464 68
119 38 68
301 477 68
171 237 68
78 98 68
237 23 68
327 242 68
328 127 68
233 211 67
429 330 67
330 56 67
99 163 67
475 435 67
84 379 67
89 255 67
37 44 67
219 302 67
344 444 67
151 53 67
210 261 67
235 231 67
134 480 67
193 156 67
391 269 67
35 89 67
375 288 67
460 130 67
441 243 66
128 490 66
365 204 66
75 417 66
236 387 66
319 261 66
10 170 66
388 243 66
455 459 66
200 293 66
354 279 66
280 305 66
39 233 66
412 362 66
276 87 66
49 479 65
376 451 65
393 23 65
262 303 65
16 426 65
49 157 65
157 481 65
151 283 65
328 423 65
258 342 65
77 335 65
479 385 65
216 304 65
162 450 65
182 282 65
432 316 65
149 117 65
225 370 65
139 98 65
256 434 65
497 281 65
243 413 64
127 376 64
84 492 64
347 36 64
91 307 64
228 58 64
359 193 64
155 12 64
111 28 64
293 448 64
113 421 64
446 215 64
483 498 64
400 473 64
488 243 64
474 353 64
352 486 64
86 458 63
143 468 63
183 343 63
108 497 63
363 411 63
279 245 63
463 341 63
448 32 63
352 49 63
89 369 63
454 451 63
58 378 63
214 430 63
163 201 63
466 325 63
186 464 63
330 186 63
393 325 63
36 346 62
101 102 62
35 239 62
26 475 62
16 97 62
126 319 62
281 389 62
12 376 62
182 364 62
442 164 62
407 263 62
95 259 62
32 190 62
258 178 62
363 186 62
321 48 62
21 476 62
447 301 62
124 159 62
82 110 62
227 163 62
274 329 62
118 59 62
362 240 62
476 80 62
395 318 62
256 477 62
193 399 61
14 59 61
404 32 61
430 211 61
16 338 61
374 372 61
69 231 61
29 392 61
151 102 61
489 434 61
139 441 61
145 275 61
160 29 61
270 457 61
193 157 61
257 5 61
57 71 61
142 250 61
330 258 61
318 192 60
102 0 60
37 183 60
210 465 60
444 365 60
384 307 60
337 284 60
110 206 60
138 453 60
355 206 60
141 479 60
110 331 60
354 176 60
350 279 60
299 206 60
119 68 60
247 348 60
420 446 60
486 312 60
140 130 60
417 379 60
437 446 60
321 341 60
154 254 60
112 315 59
347 460 59
424 279 59
376 339 59
198 412 59
95 315 59
286 95 59
251 397 59
140 121 59
4 43 59
395 432 59
306 287 59
131 330 59
8 104 59
293 264 59
376 485 59
176 80 59
479 83 59
420 204 59
399 82 58
93 264 58
314 446 58
174 114 58
377 178 58
129 228 58
72 286 58
365 32 58
304 491 58
126 226 58
162 409 58
151 348 58
242 240 58
255 480 58
381 280 58
470 358 58
303 91 58
451 294 58
75 118 58
29 122 58
283 496 58
264 256 58
55 104 58
477 429 57
208 371 57
25 446 57
2 56 57
425 476 57
87 74 57
270 358 57
152 88 57
56 236 57
158 463 57
351 81 57
456 110 57
316 458 57
474 374 57
468 97 57
227 349 57
382 493 57
339 371 57
211 367 57
359 316 57
43 60 57
95 55 57
274 200 57
463 104 56
206 213 56
172 459 56
83 382 56
259 306 56
121 207 56
55 357 56
452 394 56
262 391 56
313 29 56
366 98 56
375 314 56
90 193 56
476 48 56
220 306 56
51 290 56
88 5 56
74 427 56
157 205 56
16 142 55
412 389 55
61 309 55
487 333 55
168 426 55
259 311 55
283 116 55
11 30 55
33 291 55
431 235 55
263 444 55
166 199 55
112 287 55
31 64 55
32 333 55
284 367 55
148 61 55
398 283 55
334 301 55
364 230 55
39 206 55
185 232 55
97 13 55
479 130 55
435 281 55
113 428 55
29 232 54
275 92 54
378 316 54
418 283 54
161 166 54
354 47 54
455 435 54
405 116 54
8 132 54
339 436 54
95 58 54
340 395 54
398 83 54
279 260 54
447 400 54
411 201 54
459 402 54
38 188 53
264 303 53
248 189 53
170 253 53
66 297 53
401 351 53
396 425 53
77 156 53
51 248 53
211 342 53
50 63 53
80 272 53
469 140 53
169 51 53
141 134 53
251 213 53
24 332 52
101 249 52
115 417 52
177 346 52
189 452 52
269 275 52
183 364 52
395 354 52
204 261 52
298 98 52
484 355 52
455 399 52
11 300 52
455 270 52
103 110 52
195 465 51
402 446 51
425 94 51
257 334 51
255 476 51
419 81 51
388 485 51
53 187 51
162 49 51
315 369 51
404 153 51
226 447 51
262 48 51
440 184 51
448 355 50
16 364 50
371 482 50
63 21 50
82 135 50
191 17 50
471 448 50
320 469 50
460 37 50
369 489 50
147 319 50
454 58 50
293 45 50
480 416 50
8 287 50
221 194 50
276 392 50
455 490 50
178 160 50
247 169 50
288 219 50
125 408 50
57 200 50
67 446 50
182 351 50
466 319 50
430 140 49
191 154 49
473 387 49
266 229 49
453 494 49
181 94 49
382 149 49
50 210 49
493 126 48
465 270 48
8 50 48
352 442 48
431 82 48
165 175 48
293 178 48
320 176 48
283 171 48
486 436 48
209 398 48
408 221 48
230 365 48
185 33 48
322 419 48
27 48 48
394 83 48
60 418 48
485 294 47
353 364 47
433 201 47
25 31 47
53 499 47
468 164 47
482 400 47
442 475 47
224 379 47
33 105 47
71 342 47
410 445 47
431 123 47
335 95 47
263 339 47
456 281 47
418 181 47
245 107 47
170 332 47
362 323 47
405 209 46
256 192 46
420 362 46
151 361 46
148 379 46
265 26 46
435 379 46
414 369 46
186 458 46
260 262 46
297 97 46
271 368 46
486 411 46
102 152 46
314 86 46
295 213 46
83 484 45
290 140 45
31 370 45
76 4 45
58 89 45
73 308 45
433 203 45
170 85 45
270 190 45
142 499 45
159 136 45
296 278 45
71 270 45
191 210 45
199 191 45
366 302 45
446 229 45
175 424 45
160 292 45
350 256 45
285 54 44
112 256 44
129 284 44
398 280 44
428 394 44
27 159 44
273 392 44
453 149 44
96 316 44
153 395 44
10 201 44
443 78 44
83 459 44
401 84 44
306 70 44
250 94 44
142 121 44
327 212 43
450 314 43
285 418 43
424 174 43
425 180 43
320 85 43
85 7 43
13 374 43
287 381 43
84 398 43
328 214 43
266 81 43
44 215 43
309 346 43
198 123 43
188 297 43
484 234 43
284 85 43
160 110 43
121 379 43
350 304 43
375 307 43
195 464 43
118 127 42
25 421 42
179 288 42
317 137 42
370 219 42
469 371 42
339 275 42
68 330 42
67 210 42
78 233 42
20 414 42
371 493 42
450 359 42
476 199 42
149 262 42
9 42 41
18 384 41
408 15 41
233 459 41
33 163 41
230 216 41
269 320 41
207 311 41
129 351 41
134 245 41
41 439 41
386 369 41
374 8 41
432 437 41
171 185 41
189 215 40
299 278 40
294 495 40
135 74 40
326 279 40
405 129 40
404 351 40
177 80 40
392 173 40
383 119 40
9 304 40
139 62 40
179 167 40
145 174 40
305 279 40
292 9 40
113 103 39
60 412 39
314 305 39
114 32 39
223 244 39
239 125 39
299 106 39
203 54 39
482 216 39
27 456 39
123 204 39
82 192 39
354 179 39
361 428 39
228 37 39
68 286 39
7 148 39
390 301 39
209 233 39
358 213 39
180 83 39
390 139 39
34 279 39
312 356 39
211 411 38
51 203 38
346 332 38
244 6 38
40 298 38
326 437 38
21 467 38
444 363 38
344 239 38
457 300 38
30 8 38
331 351 38
331 353 38
396 433 38
141 416 38
233 360 38
474 435 38
185 191 38
461 189 38
64 408 38
494 87 37
264 175 37
372 360 37
280 150 37
325 162 37
426 343 37
61 132 37
159 193 37
33 391 37
224 347 37
250 12 37
62 444 37
371 71 37
130 482 37
343 347 37
285 55 37
290 94 37
403 77 37
239 390 36
465 237 36
435 462 36
499 190 36
294 14 36
244 405 36
358 292 36
117 212 36
175 164 36
170 479 36
348 117 36
15 275 36
274 25 36
473 138 36
457 217 35
300 232 35
126 205 35
494 469 35
67 101 35
151 221 35
249 108 35
361 113 35
132 106 35
61 433 35
221 298 35
242 390 35
163 24 35
405 265 35
245 353 35
106 151 35
314 419 35
317 409 35
462 332 35
20 31 34
468 260 34
272 41 34
14 277 34
433 161 34
408 350 34
211 28 34
68 499 34
83 177 34
475 132 34
320 90 34
51 499 34
67 80 34
118 305 34
128 53 34
230 161 34
365 123 34
71 40 34
312 491 34
141 118 34
180 121 34
411 326 34
153 367 33
341 219 33
311 200 33
353 473 33
172 61 33
50 109 33
31 207 33
218 490 33
348 47 33
385 420 33
463 300 33
254 320 33
123 429 33
33 95 33
48 355 33
164 110 33
273 278 32
497 476 32
332 372 32
231 217 32
20 107 32
3 214 32
407 423 32
156 142 32
240 1 32
109 343 32
359 284 32
146 373 32
333 480 32
141 175 32
471 481 32
319 403 32
109 371 32
454 51 32
498 50 32
251 169 31
104 171 31
72 325 31
383 369 31
285 6 31
176 101 31
153 359 31
444 58 31
268 276 31
169 45 31
108 135 31
369 282 31
36 182 31
93 67 31
244 197 31
235 302 30
109 402 30
417 452 30
345 448 30
241 328 30
85 317 30
451 81 30
478 6 30
344 370 30
236 451 30
365 0 30
209 29 30
143 355 30
105 240 30
495 103 30
371 154 30
477 144 30
470 135 29
429 401 29
470 333 29
404 422 29
4 481 29
380 210 29
367 115 29
415 432 29
159 411 29
113 446 29
281 368 29
434 180 29
395 134 28
451 56 28
344 141 28
406 188 28
232 368 28
457 466 28
373 293 28
405 74 28
374 430 28
268 87 28
367 445 28
363 230 28
123 230 28
237 463 28
330 161 28
265 384 28
463 298 28
104 274 28
44 461 27
43 159 27
176 306 27
12 290 27
461 430 27
242 249 27
82 126 27
269 372 27
442 364 27
175 413 27
28 388 27
393 104 27
392 315 27
455 148 27
233 445 27
458 258 26
351 147 26
420 232 26
221 321 26
368 2 26
409 14 26
431 192 26
430 467 26
93 292 26
370 81 26
135 288 26
368 157 26
463 448 26
236 498 26
194 198 26
360 398 26
180 40 26
228 235 26
48 481 26
139 111 26
321 298 25
169 63 25
38 292 25
232 157 25
243 29 25
368 337 25
434 22 25
70 371 25
163 66 25
198 62 25
421 377 25
24 486 25
103 149 25
326 154 24
40 34 24
198 483 24
61 60 24
249 466 24
318 408 24
75 442 24
97 320 24
186 395 24
452 150 24
21 234 24
385 182 24
343 431 24
222 237 24
326 469 24
197 166 24
6 0 24
286 20 24
204 258 23
439 257 23
165 214 23
255 352 23
276 30 23
209 23 23
16 259 23
354 423 23
112 366 23
340 456 23
399 454 23
474 283 23
188 476 23
19 72 23
422 452 23
379 68 23
267 92 23
281 214 23
228 428 23
84 496 23
211 343 23
41 333 22
199 328 22
143 24 22
12 58 22
166 262 22
321 1 22
338 322 22
397 441 22
436 221 22
240 176 22
72 89 22
76 437 22
300 472 22
428 62 22
351 413 22
175 395 22
182 312 22
427 460 22
460 70 22
371 37 22
195 207 21
113 385 21
452 165 21
167 8 21
22 129 21
299 116 21
120 423 21
169 139 21
381 0 21
83 215 21
354 192 21
222 5 20
305 431 20
473 35 20
250 293 20
51 241 20
47 205 20
444 192 20
126 45 20
231 195 20
139 163 20
308 109 20
330 18 20
419 484 20
143 398 20
115 196 20
169 213 20
377 306 20
283 263 19
48 456 19
36 21 19
433 345 19
467 362 19
2 242 19
454 419 19
458 472 19
75 452 19
18 16 19
16 256 19
487 477 19
225 204 19
472 364 19
79 371 19
10 166 19
142 19 19
34 14 19
495 386 19
300 382 19
375 5 19
64 29 19
204 253 18
476 323 18
92 202 18
496 416 18
116 438 18
87 334 18
55 398 18
357 314 18
211 324 18
40 363 18
325 103 18
409 383 18
331 399 18
344 473 17
345 386 17
56 58 17
150 129 17
255 268 17
412 407 17
499 197 17
108 28 17
269 306 17
388 73 17
415 157 17
192 86 17
30 423 17
266 86 17
374 25 17
54 497 17
422 267 17
293 389 17
3 222 17
436 85 17
114 134 16
75 135 16
409 12 16
491 139 16
249 294 16
62 93 16
41 482 16
48 3 16
484 75 16
35 21 16
183 258 16
167 4 16
431 479 16
90 431 16
19 55 16
153 487 16
427 419 16
150 136 15
305 388 15
419 455 15
393 151 15
399 405 15
150 70 15
490 300 15
25 224 15
173 72 15
382 180 15
365 165 15
181 52 15
201 358 15
248 108 15
312 441 15
375 18 15
160 180 15
268 485 15
185 239 15
390 466 15
0 402 15
313 35 14
467 192 14
406 489 14
362 126 14
32 28 14
141 205 14
54 328 14
7 153 14
132 153 14
209 214 14
389 11 14
470 461 14
181 102 14
431 68 14
316 460 14
375 452 14
404 83 14
396 131 14
248 195 14
225 358 14
339 29 14
482 212 13
126 277 13
99 436 13
123 413 13
237 478 13
407 164 13
471 159 13
332 78 13
256 243 13
281 416 13
362 233 13
204 456 13
294 81 13
302 337 13
126 106 13
374 286 13
370 470 13
56 381 12
182 178 12
310 309 12
204 463 12
299 429 12
165 409 12
204 291 12
24 327 12
10 49 12
343 482 12
184 50 12
121 363 12
111 495 12
409 176 12
130 29 12
364 237 11
460 462 11
119 283 11
118 403 11
378 387 11
50 110 11
254 288 11
370 305 11
233 400 11
407 137 11
58 365 11
116 459 11
392 42 11
24 105 11
227 364 11
395 290 11
239 43 11
256 375 11
207 395 11
166 106 10
420 297 10
429 320 10
288 234 10
55 224 10
419 468 10
234 282 10
186 173 10
59 398 10
64 133 10
37 340 10
183 317 10
162 323 10
215 370 10
491 461 10
439 413 10
354 205 10
415 72 9
329 71 9
4 438 9
39 92 9
299 48 9
395 346 9
74 428 9
222 288 9
177 256 9
154 465 9
383 442 9
303 404 9
427 79 9
409 355 9
44 60 9
99 365 9
43 394 9
238 73 9
7 445 9
133 121 9
131 319 9
67 32 8
413 286 8
359 163 8
43 318 8
486 288 8
21 455 8
218 143 8
341 262 8
267 237 8
36 312 8
409 302 8
470 218 8
56 431 8
410 338 8
55 60 8
164 102 8
276 69 8
224 338 8
230 362 7
406 1 7
33 427 7
136 145 7
219 315 7
139 483 7
167 235 7
304 153 7
32 395 7
125 455 7
344 394 7
112 199 7
194 357 7
47 297 7
151 395 7
7 363 7
342 210 7
362 227 7
356 145 7
321 35 7
35 456 7
243 15 7
343 186 7
191 308 7
227 179 7
336 15 7
22 419 7
63 350 6
70 164 6
4 350 6
309 123 6
344 264 6
398 160 6
114 497 6
73 224 6
33 289 6
16 340 6
478 371 6
142 225 6
146 308 6
65 303 6
317 331 6
363 59 6
78 150 6
483 405 6
71 23 5
55 189 5
396 58 5
473 66 5
95 49 5
376 25 5
60 87 5
281 83 5
112 332 5
298 412 5
185 94 5
48 419 5
43 132 5
49 367 5
247 350 5
12 489 5
39 7 5
82 212 5
409 192 5
227 273 5
100 497 4
322 272 4
8 113 4
365 318 4
478 443 4
429 8 4
299 182 4
385 124 4
29 166 4
87 323 4
209 373 4
371 231 4
70 2 4
78 89 4
366 318 4
240 332 4
51 220 4
270 376 4
339 119 4
363 428 4
225 120 4
8 424 4
388 205 4
68 446 4
276 369 4
284 325 4
264 265 4
483 191 4
338 255 3
117 229 3
86 66 3
353 184 3
107 320 3
218 296 3
226 149 3
307 346 3
327 230 3
226 262 3
122 93 3
391 79 3
8 247 3
202 451 3
250 140 3
267 50 3
104 474 3
379 92 3
75 153 3
21 302 3
440 433 3
18 30 3
32 219 3
417 369 3
453 371 2
118 225 2
50 122 2
104 365 2
313 83 2
241 93 2
355 332 2
210 292 2
34 400 2
20 351 2
194 163 2
422 172 2
147 110 2
211 189 2
35 271 2
93 310 2
440 361 2
302 98 2
251 50 2
453 266 1
337 322 1
494 381 1
42 139 1
56 279 1
101 236 1
424 172 1
391 149 1
139 255 1
146 196 1
421 376 1
243 290 1
330 98 1
258 274 1
203 160 1
261 77 1
130 183 1
102 94 1
307 385 1
436 424 1
