0 24 100
0 42 100
0 62 100
0 84 100
0 142 100
0 155 100
0 160 100
1 28 100
1 57 100
1 128 100
3 15 100
3 60 100
3 79 100
4 130 100
4 139 100
4 173 100
5 1 100
5 71 100
6 90 100
6 198 100
7 51 100
7 176 100
8 31 100
8 57 100
8 98 100
8 99 100
8 108 100
9 105 100
9 159 100
9 197 100
10 49 100
10 53 100
10 72 100
10 100 100
10 108 100
10 116 100
10 119 100
10 124 100
11 27 100
11 68 100
11 145 100
11 172 100
12 33 100
12 86 100
13 47 100
13 102 100
13 126 100
13 153 100
14 8 100
14 22 100
14 79 100
14 107 100
14 156 100
15 39 100
15 72 100
15 96 100
15 108 100
15 177 100
16 19 100
17 29 100
17 88 100
17 190 100
18 76 100
18 80 100
19 1 100
19 79 100
19 118 100
19 138 100
19 162 100
19 195 100
22 24 100
22 62 100
22 121 100
22 130 100
23 75 100
24 11 100
24 16 100
24 187 100
25 186 100
26 55 100
26 126 100
27 51 100
27 83 100
27 86 100
27 161 100
27 199 100
29 111 100
29 116 100
29 161 100
31 48 100
31 178 100
32 74 100
32 93 100
32 113 100
32 128 100
32 135 100
33 166 100
33 172 100
34 52 100
34 181 100
35 32 100
35 69 100
36 47 100
36 53 100
36 105 100
36 122 100
36 150 100
36 194 100
37 82 100
37 156 100
37 187 100
38 50 100
38 116 100
39 151 100
39 171 100
40 26 100
40 107 100
40 109 100
40 131 100
40 139 100
41 36 100
41 113 100
41 119 100
42 4 100
42 66 100
43 27 100
43 102 100
44 23 100
44 74 100
44 171 100
44 195 100
45 79 100
46 8 100
46 123 100
46 133 100
46 177 100
47 83 100
47 98 100
47 117 100
47 197 100
48 168 100
49 70 100
49 140 100
49 141 100
49 148 100
49 188 100
50 4 100
50 61 100
50 81 100
50 166 100
51 132 100
51 133 100
51 180 100
52 83 100
52 184 100
53 0 100
53 28 100
53 31 100
53 33 100
53 39 100
53 45 100
54 23 100
54 27 100
54 114 100
55 163 100
56 32 100
56 67 100
57 70 100
57 88 100
57 175 100
58 124 100
58 149 100
59 39 100
59 107 100
59 146 100
60 23 100
60 36 100
60 85 100
61 104 100
62 26 100
62 142 100
62 164 100
63 30 100
64 116 100
64 125 100
64 156 100
64 168 100
65 54 100
65 132 100
66 68 100
66 82 100
66 152 100
66 155 100
67 54 100
67 121 100
67 127 100
67 146 100
67 183 100
68 111 100
68 145 100
68 157 100
69 11 100
69 39 100
69 42 100
69 43 100
69 127 100
69 133 100
69 141 100
69 145 100
69 169 100
70 98 100
70 114 100
71 30 100
71 69 100
71 84 100
71 121 100
72 36 100
72 41 100
72 90 100
72 132 100
73 26 100
73 88 100
73 162 100
73 175 100
74 5 100
74 42 100
75 89 100
75 103 100
75 151 100
76 12 100
76 111 100
76 169 100
77 61 100
77 100 100
77 179 100
78 75 100
78 137 100
79 21 100
79 84 100
79 133 100
79 159 100
79 183 100
80 66 100
80 93 100
80 138 100
80 154 100
82 49 100
82 58 100
83 56 100
83 74 100
83 88 100
83 171 100
84 34 100
84 174 100
85 7 100
85 41 100
85 55 100
85 70 100
85 138 100
85 149 100
85 186 100
86 105 100
86 127 100
86 135 100
87 26 100
87 59 100
87 81 100
87 144 100
87 197 100
89 38 100
89 178 100
89 193 100
90 13 100
90 92 100
90 105 100
92 35 100
92 54 100
92 105 100
92 142 100
93 103 100
93 174 100
95 155 100
96 30 100
96 57 100
96 121 100
96 140 100
96 169 100
96 188 100
97 10 100
97 85 100
98 30 100
98 121 100
98 126 100
98 141 100
98 165 100
99 2 100
99 81 100
99 100 100
99 152 100
99 182 100
99 189 100
100 21 100
100 35 100
100 50 100
100 58 100
101 32 100
101 116 100
101 127 100
102 15 100
102 83 100
103 90 100
103 111 100
104 107 100
104 131 100
104 159 100
105 38 100
105 149 100
106 140 100
107 18 100
107 35 100
107 53 100
107 158 100
108 2 100
108 186 100
109 4 100
109 63 100
109 90 100
109 119 100
109 156 100
109 162 100
109 181 100
109 199 100
110 41 100
110 161 100
111 55 100
111 170 100
112 24 100
113 46 100
113 77 100
113 162 100
114 94 100
114 107 100
114 165 100
114 169 100
115 12 100
115 22 100
115 144 100
116 78 100
116 112 100
116 162 100
117 24 100
117 39 100
117 140 100
117 163 100
117 185 100
117 197 100
118 57 100
118 64 100
118 94 100
118 171 100
118 181 100
119 17 100
119 50 100
119 56 100
119 74 100
119 79 100
119 190 100
120 124 100
120 147 100
120 168 100
121 55 100
121 84 100
121 182 100
122 9 100
122 39 100
122 57 100
122 73 100
122 145 100
122 192 100
123 19 100
123 125 100
123 155 100
124 134 100
124 199 100
125 66 100
126 78 100
126 82 100
126 156 100
126 192 100
127 22 100
127 58 100
127 62 100
128 47 100
128 126 100
129 131 100
130 86 100
131 128 100
132 46 100
132 110 100
134 45 100
134 93 100
135 35 100
135 44 100
135 134 100
135 161 100
135 171 100
136 0 100
136 199 100
137 19 100
137 33 100
137 160 100
138 70 100
139 61 100
140 87 100
140 94 100
141 73 100
141 100 100
141 120 100
141 134 100
142 1 100
142 35 100
143 22 100
143 47 100
143 64 100
143 82 100
143 166 100
144 4 100
144 93 100
145 111 100
145 171 100
145 198 100
146 19 100
146 35 100
146 159 100
146 189 100
147 97 100
147 148 100
147 199 100
148 154 100
148 183 100
149 20 100
149 64 100
149 103 100
149 119 100
149 150 100
149 189 100
150 15 100
150 109 100
151 68 100
151 125 100
151 185 100
152 14 100
152 136 100
153 118 100
153 195 100
154 6 100
155 11 100
155 38 100
155 193 100
156 33 100
156 41 100
157 173 100
157 196 100
158 69 100
158 100 100
158 108 100
158 129 100
158 137 100
159 44 100
159 135 100
160 5 100
160 171 100
161 82 100
161 151 100
162 8 100
162 18 100
162 169 100
163 22 100
163 47 100
163 66 100
163 77 100
164 56 100
164 67 100
164 81 100
164 157 100
165 13 100
165 27 100
165 83 100
165 107 100
165 152 100
165 186 100
165 188 100
166 154 100
166 164 100
167 69 100
167 119 100
167 135 100
167 168 100
168 88 100
168 96 100
168 190 100
168 192 100
169 40 100
169 65 100
169 101 100
170 77 100
170 106 100
170 120 100
170 126 100
170 177 100
172 170 100
172 177 100
173 28 100
175 8 100
175 59 100
175 103 100
175 161 100
175 199 100
176 15 100
176 29 100
176 52 100
176 58 100
176 123 100
176 186 100
177 21 100
177 92 100
178 8 100
178 57 100
179 130 100
179 156 100
180 0 100
180 69 100
180 92 100
180 173 100
181 19 100
181 159 100
181 191 100
182 52 100
182 70 100
182 97 100
183 12 100
184 3 100
184 171 100
184 182 100
185 28 100
185 45 100
185 65 100
185 154 100
186 0 100
186 2 100
186 16 100
186 194 100
187 84 100
188 40 100
188 148 100
189 105 100
189 144 100
191 199 100
192 148 100
192 169 100
193 17 100
193 186 100
194 97 100
195 122 100
195 156 100
196 164 100
196 168 100
197 57 100
197 186 100
198 0 100
199 55 100
199 66 100
199 74 100
199 142 100
199 183 100
