84 30 100
197 177 100
65 77 100
64 133 100
149 198 100
123 31 100
174 11 99
22 147 99
93 107 99
185 158 99
134 161 99
144 149 99
64 8 99
16 176 99
80 143 99
126 85 99
195 30 99
109 66 99
79 11 99
149 152 98
187 163 98
183 98 98
171 26 98
189 9 98
15 18 98
97 36 98
175 47 97
62 123 97
177 71 97
123 110 97
186 184 97
128 95 97
139 147 97
89 151 97
82 157 97
112 42 97
158 133 97
122 56 97
165 2 97
104 60 97
126 177 97
48 94 96
150 135 96
142 74 96
47 185 96
108 44 96
154 196 96
81 128 96
146 1 96
198 153 96
84 156 96
2 61 95
166 39 95
52 183 95
48 143 95
44 51 95
34 138 94
74 23 94
174 68 94
54 16 94
153 67 94
132 70 94
98 131 94
11 177 94
182 62 94
84 112 94
102 112 94
68 178 94
157 39 94
178 58 94
84 118 94
53 4 94
88 80 93
1 79 93
195 127 93
155 138 93
40 162 93
48 74 93
101 56 93
153 132 93
46 185 93
28 177 93
137 50 93
80 99 93
5 93 93
140 157 93
98 117 93
117 183 92
97 138 92
40 141 92
102 44 92
123 80 92
22 106 92
25 175 92
7 97 92
146 27 92
100 3 92
193 142 91
107 190 91
180 101 91
124 56 91
0 137 91
105 72 91
140 93 91
86 60 91
134 7 91
149 21 91
92 4 91
16 3 90
84 0 90
22 81 90
84 169 90
153 146 90
73 195 90
58 140 90
143 14 90
88 138 90
24 90 90
54 18 90
107 75 90
27 156 89
45 3 89
172 151 89
74 191 89
173 7 89
113 167 89
151 97 89
192 131 89
171 46 89
8 78 89
164 152 89
78 163 89
100 38 89
105 98 89
122 199 89
142 114 88
160 86 88
131 192 88
72 47 88
122 164 88
59 191 88
55 4 88
63 42 88
5 103 88
64 13 88
157 7 88
56 169 88
7 11 87
124 138 87
89 119 87
46 103 87
194 166 87
180 77 87
156 111 87
165 7 87
178 13 87
81 80 87
170 59 87
178 45 87
22 78 87
147 44 86
89 1 86
146 73 86
24 163 86
9 133 86
67 148 86
111 76 86
78 178 86
13 52 86
33 135 86
182 54 86
66 143 86
160 68 86
72 131 86
42 11 86
77 34 86
76 180 85
163 8 85
126 111 85
43 40 85
157 66 85
88 61 85
103 38 85
114 104 85
85 199 85
68 97 85
172 143 85
158 146 84
196 180 84
144 113 84
176 199 84
55 84 84
59 3 84
104 26 84
134 108 83
14 121 83
170 112 83
179 122 83
93 21 83
158 164 83
90 36 83
70 5 83
96 7 83
133 56 83
35 143 82
69 48 82
39 40 82
180 2 82
161 167 82
46 151 82
98 72 82
149 164 82
47 5 82
85 37 82
172 0 82
15 59 82
121 75 82
114 161 81
125 79 81
56 185 81
120 137 81
192 64 81
49 133 80
126 56 80
147 123 80
58 116 80
199 63 80
141 14 80
141 81 79
109 59 79
9 186 79
146 141 79
63 13 79
35 101 79
4 151 79
181 104 79
88 180 79
116 114 79
51 92 78
190 104 78
139 124 78
192 164 78
191 19 78
160 168 78
184 170 78
68 131 78
10 98 78
3 54 78
118 46 77
148 146 77
138 51 77
165 35 77
75 0 77
97 191 77
55 83 77
2 131 77
146 121 77
14 109 76
199 154 76
175 43 76
154 163 76
163 170 76
0 98 76
51 161 76
7 73 76
20 141 76
145 178 76
80 60 76
135 1 76
130 89 76
11 84 76
40 193 76
90 188 75
0 16 75
26 8 75
108 188 75
3 49 75
186 26 75
138 70 75
80 61 75
1 81 75
143 157 75
79 177 75
68 107 75
75 42 74
168 11 74
163 12 74
84 6 74
85 33 74
29 10 74
42 182 74
43 149 74
99 97 74
21 96 74
167 156 73
150 82 73
17 186 73
162 130 73
66 162 73
80 15 73
136 132 73
191 125 73
77 37 73
12 184 73
44 10 73
103 100 72
29 19 72
170 124 72
60 80 72
157 48 72
71 42 72
5 29 72
82 112 72
22 63 72
45 84 72
58 88 72
15 156 71
78 149 71
138 15 71
184 1 71
79 16 71
109 6 71
111 87 71
27 40 71
27 125 71
118 7 71
10 61 71
125 42 71
41 89 71
32 9 71
180 189 70
20 189 70
165 59 70
63 80 70
21 59 70
98 143 70
169 113 70
179 182 70
133 80 70
19 150 70
36 137 70
79 166 70
189 6 70
141 75 70
7 27 70
131 115 70
198 161 69
24 47 69
106 26 69
58 25 69
77 17 69
58 80 69
2 81 69
38 199 69
130 168 69
141 19 68
72 130 68
33 100 68
76 93 68
19 138 68
72 178 68
165 55 68
103 33 68
20 1 68
196 99 68
122 107 68
114 121 67
93 171 67
136 48 67
95 152 67
64 179 67
86 94 67
116 163 67
73 37 67
149 82 67
8 73 66
162 146 66
143 84 66
85 30 66
95 94 66
23 142 66
167 46 66
3 142 65
95 176 65
1 184 65
106 11 65
31 61 65
131 148 65
79 157 65
36 163 65
86 119 65
165 149 65
114 171 65
96 27 65
146 145 65
8 141 65
150 86 65
168 167 65
6 17 65
27 139 65
7 15 65
30 147 65
131 11 64
98 55 64
44 191 64
197 106 64
147 22 64
120 94 64
148 72 64
32 168 64
186 106 64
128 177 64
75 159 63
16 29 63
89 9 63
6 123 63
37 162 63
106 8 63
73 47 63
125 22 63
129 122 63
139 43 63
154 185 63
61 71 63
116 118 63
172 190 63
28 181 63
28 174 63
169 94 63
74 147 63
145 36 62
105 110 62
122 178 62
55 123 62
179 79 62
112 108 62
119 53 62
135 121 62
93 82 62
109 149 62
197 70 62
64 73 62
1 159 62
104 184 62
131 127 61
171 42 61
110 179 61
52 169 61
186 2 61
55 41 61
55 97 61
30 36 61
172 18 61
99 157 60
24 72 60
15 140 60
59 49 60
69 36 60
43 169 60
121 4 60
135 126 60
89 26 60
113 49 60
144 117 60
147 2 60
167 40 59
159 94 59
51 59 59
131 8 59
58 111 59
124 35 59
151 146 59
63 33 59
195 98 59
192 183 59
100 67 59
196 76 59
137 171 59
98 123 59
182 197 59
10 169 59
192 10 59
49 86 59
30 76 59
195 6 58
125 148 58
38 66 58
56 130 58
131 118 58
177 61 58
87 98 58
22 124 58
74 117 58
155 89 58
127 66 58
150 41 58
199 82 58
152 171 57
58 92 57
140 151 57
193 43 57
61 74 57
98 74 57
137 160 57
115 176 57
24 196 57
88 39 57
165 180 57
52 157 57
92 115 56
169 53 56
140 24 56
105 22 56
152 92 56
79 139 56
93 144 56
199 4 56
24 46 56
136 173 56
61 54 56
34 17 56
101 30 56
66 178 56
186 138 56
159 180 56
176 169 56
0 148 55
164 181 55
52 103 55
52 15 55
139 174 55
47 55 55
103 195 55
39 105 55
34 144 55
1 56 55
9 58 54
138 5 54
61 52 54
191 65 54
82 42 54
178 29 54
166 165 54
15 50 54
195 7 54
26 16 54
152 67 54
45 194 54
121 81 54
120 98 54
30 131 53
123 147 53
149 108 53
89 18 53
167 106 53
36 7 53
125 177 53
186 84 53
192 54 53
193 55 53
20 62 53
194 160 52
167 143 52
19 176 52
75 130 52
106 25 52
109 106 52
9 68 52
184 196 51
11 3 51
127 43 51
163 73 51
115 5 51
181 66 51
164 96 51
43 55 51
134 181 51
94 174 51
194 104 51
58 128 51
61 131 51
55 54 51
147 76 51
159 190 50
170 174 50
172 89 50
127 164 50
48 179 50
23 54 50
113 24 50
149 69 50
176 151 50
46 11 50
68 76 50
43 51 50
50 31 50
17 45 50
62 32 49
60 184 49
114 132 49
78 196 49
40 183 49
42 163 49
65 70 49
136 144 49
20 33 49
112 74 49
118 83 49
5 13 49
94 134 49
113 6 49
127 192 49
13 5 49
48 135 48
126 125 48
178 9 48
150 105 48
139 108 48
174 149 48
47 46 48
194 21 48
167 174 47
82 178 47
177 8 47
13 185 47
171 151 47
70 130 47
198 103 47
134 164 47
63 39 47
34 2 46
32 96 46
101 177 46
9 81 46
132 41 46
120 86 46
57 45 46
79 110 46
194 24 46
67 130 46
58 178 46
124 137 46
64 23 45
140 2 45
118 103 45
49 115 45
2 123 45
8 185 45
114 111 45
187 35 45
47 69 45
182 80 44
189 37 44
185 85 44
50 70 44
185 177 44
20 28 44
70 34 44
28 75 44
118 146 44
193 20 43
92 141 43
4 96 43
58 107 43
137 86 43
86 50 43
79 100 43
134 73 43
191 146 43
102 156 43
80 24 43
168 22 42
11 115 42
179 111 42
89 177 42
169 20 42
168 72 42
103 99 42
82 177 42
75 51 42
126 167 42
81 37 42
41 78 42
27 152 42
139 25 42
129 133 42
72 101 42
28 114 42
102 170 41
193 119 41
113 117 41
12 30 41
165 6 41
159 123 41
29 165 41
196 41 41
44 190 41
100 126 41
161 187 41
190 72 41
111 189 41
183 6 41
25 138 41
40 72 40
140 119 40
184 187 40
177 41 40
112 103 40
140 100 40
99 165 40
192 175 40
76 65 39
62 4 39
183 130 39
3 146 39
100 121 39
196 5 39
106 129 39
109 58 39
129 46 39
41 149 39
197 63 39
87 50 38
36 128 38
13 49 38
32 26 38
135 124 38
135 110 38
102 96 38
20 61 38
44 169 38
151 39 38
51 11 38
14 193 38
155 183 38
94 106 38
80 166 38
56 44 38
121 185 38
39 37 37
135 171 37
139 63 37
54 23 37
11 35 37
71 45 37
142 70 37
172 189 37
103 157 37
27 174 37
142 100 37
48 166 36
131 92 36
5 10 36
86 121 36
86 71 36
198 93 36
82 107 36
69 30 36
75 147 36
103 182 36
165 73 35
45 153 35
100 79 35
107 93 35
121 84 35
21 148 35
173 37 35
179 166 35
84 80 35
34 99 35
96 53 35
196 23 35
8 77 35
60 48 35
72 12 34
167 177 34
75 26 34
178 85 34
57 79 34
113 14 34
14 9 34
171 145 34
4 75 34
25 114 33
197 52 33
70 72 33
102 38 33
59 143 33
92 2 33
25 75 33
164 20 33
140 150 33
187 143 33
96 24 32
145 40 32
55 122 32
113 193 32
199 102 32
164 189 32
57 198 32
26 81 32
82 147 31
65 98 31
151 24 31
37 52 31
74 145 31
193 195 31
81 160 31
68 185 31
12 36 31
153 160 31
126 41 31
118 64 30
155 117 30
13 128 30
64 58 30
112 94 30
151 0 30
8 199 30
2 88 30
138 6 30
124 114 30
145 192 30
102 4 30
149 6 30
168 19 30
31 58 30
84 131 30
66 80 30
120 82 30
60 192 29
161 27 29
34 133 29
12 102 29
96 72 29
198 95 29
163 77 29
90 197 29
181 82 29
45 154 29
26 136 29
94 164 28
99 197 28
44 58 28
179 63 28
92 118 28
189 71 28
159 101 28
7 33 28
142 144 28
173 54 28
179 163 27
33 9 27
36 181 27
85 160 27
110 177 27
98 122 27
9 24 27
12 90 27
195 59 27
137 77 27
134 101 27
5 0 27
145 3 27
188 108 27
165 159 27
68 32 26
78 144 26
80 64 26
64 181 26
49 39 26
33 83 26
10 148 26
19 25 26
86 142 26
195 171 26
22 188 26
27 31 26
82 166 26
33 41 26
147 79 25
143 72 25
108 77 25
190 146 25
139 23 25
179 132 25
169 150 25
180 22 25
194 12 25
11 133 25
33 11 25
104 118 25
160 113 25
53 55 25
165 138 25
144 28 25
113 90 25
31 35 24
60 194 24
197 175 24
57 179 24
20 69 24
184 38 24
63 11 24
178 32 24
191 156 24
199 107 24
102 81 24
135 109 24
61 87 24
106 82 24
137 39 24
63 111 24
132 33 24
69 187 24
103 49 24
164 73 24
170 50 24
188 170 23
189 183 23
96 120 23
64 165 23
56 136 23
25 53 23
148 56 23
145 92 23
111 22 23
9 176 23
95 104 23
84 197 23
113 164 22
70 170 22
176 76 22
187 37 22
61 11 22
58 187 22
147 10 22
137 17 22
14 184 22
21 131 22
7 141 22
85 135 22
1 198 22
101 81 22
81 136 22
142 187 21
59 197 21
146 148 21
0 24 21
130 190 21
38 12 21
50 65 20
65 69 20
163 5 20
6 99 20
184 153 20
161 173 20
156 174 20
36 179 20
152 197 19
11 155 19
64 118 19
124 192 19
197 58 19
174 186 19
110 174 19
116 95 19
43 116 19
198 177 19
193 146 19
25 116 19
151 109 19
105 90 19
57 48 19
8 128 19
53 107 18
5 169 18
20 131 18
37 81 18
16 33 18
2 181 18
183 120 18
170 27 17
71 159 17
70 79 17
36 28 17
59 157 17
11 54 17
18 81 17
28 21 17
93 20 17
59 37 17
142 113 17
183 4 17
154 124 17
198 80 17
183 31 16
167 92 16
115 31 16
126 199 16
47 156 16
85 60 16
8 144 16
35 128 16
55 89 16
132 125 16
189 195 16
145 34 16
43 111 16
159 26 16
116 23 16
72 139 16
183 67 16
101 85 15
111 3 15
167 32 15
187 74 15
167 25 15
163 182 15
125 135 15
157 85 15
100 17 15
150 98 15
155 70 15
23 52 14
99 168 14
116 166 14
6 170 14
73 27 14
22 119 14
191 103 14
157 187 14
158 119 14
76 134 14
154 186 14
39 90 14
154 141 14
70 122 14
52 163 14
106 73 14
179 129 14
13 158 14
122 131 14
21 29 13
118 169 13
114 96 13
103 30 13
31 38 13
1 3 13
56 111 13
39 131 13
15 136 13
36 18 13
71 121 13
88 43 13
39 196 12
40 114 12
175 132 12
5 145 12
42 71 12
42 141 12
149 181 12
99 163 12
30 145 12
66 69 12
47 123 12
144 138 12
98 64 12
84 159 11
95 168 11
29 151 11
130 105 11
20 32 11
87 184 11
79 27 11
177 98 11
42 187 11
15 180 11
88 196 11
27 155 10
111 130 10
68 7 10
87 118 10
106 57 10
15 160 10
183 110 10
161 145 10
53 77 10
109 122 10
8 20 10
18 162 10
67 42 10
23 3 9
4 198 9
129 158 9
110 197 9
116 31 9
116 63 9
176 120 9
82 111 9
148 192 9
162 2 9
2 92 9
170 64 9
142 196 9
21 127 8
139 121 8
15 75 8
125 184 8
59 170 8
138 196 8
98 6 8
118 29 8
50 57 7
111 174 7
23 181 7
139 76 7
24 88 7
124 174 7
157 139 7
57 22 6
63 57 6
53 148 6
184 97 6
8 59 6
98 136 6
110 22 6
87 165 6
83 94 6
117 66 6
174 39 6
197 155 6
197 181 6
175 24 6
134 29 6
35 71 5
183 118 5
59 20 5
50 108 5
161 11 5
28 87 5
31 164 5
168 4 5
194 107 5
76 115 4
123 71 4
65 25 4
3 74 4
94 54 4
1 32 4
152 143 4
72 37 4
2 144 4
191 38 4
185 154 4
68 170 4
101 139 4
107 41 4
138 0 3
22 88 3
69 183 3
124 79 3
128 3 3
74 55 3
116 133 3
89 71 3
113 16 3
130 77 3
85 196 3
187 156 3
113 26 3
27 111 3
14 148 3
88 199 3
104 46 2
99 75 2
82 181 2
43 191 2
136 86 2
22 86 2
89 60 2
54 33 2
129 88 2
134 10 2
106 153 1
148 63 1
141 176 1
186 142 1
13 31 1
189 152 1
64 146 1
184 76 1
79 28 1
139 157 1
121 71 1
149 135 1
27 151 1
71 116 1
139 180 1
186 71 1
