1 0 100
0 1 100
2 1 94
1 2 82
3 2 68
2 3 93
4 3 100
3 4 100
5 4 93
4 5 92
0 5 96
5 0 94
2 5 94
5 2 96
3 5 99
5 3 98
1 6 96
6 1 97
2 6 85
6 2 87
0 6 100
6 0 95
2 7 89
7 2 95
0 7 94
7 0 98
5 7 93
7 5 94
4 8 85
8 4 93
5 8 100
8 5 100
5 8 96
8 5 97
1 9 100
9 1 100
1 9 98
9 1 100
5 9 91
9 5 96
2 10 100
10 2 100
5 10 65
10 5 98
2 10 94
10 2 85
8 11 91
11 8 95
0 11 91
11 0 84
2 11 82
11 2 92
0 12 95
12 0 90
6 12 100
12 6 96
5 12 93
12 5 100
4 13 100
13 4 100
10 13 96
13 10 100
2 13 87
13 2 82
7 14 92
14 7 96
2 14 93
14 2 98
8 14 88
14 8 90
9 15 95
15 9 100
2 15 95
15 2 93
10 15 100
15 10 99
0 16 97
16 0 95
5 16 99
16 5 97
8 16 91
16 8 99
2 17 92
17 2 76
10 17 95
17 10 96
4 17 84
17 4 92
2 18 89
18 2 100
16 18 92
18 16 100
5 18 90
18 5 94
16 19 100
19 16 100
6 19 99
19 6 92
10 19 96
19 10 94
2 20 86
20 2 89
7 20 91
20 7 97
16 20 93
20 16 100
5 21 99
21 5 91
6 21 89
21 6 100
7 21 96
21 7 79
14 22 89
22 14 95
17 22 93
22 17 96
0 22 97
22 0 100
11 23 100
23 11 100
4 23 95
23 4 95
10 23 90
23 10 90
11 24 98
24 11 91
24 24 100
24 24 100
21 24 84
24 21 92
5 25 96
25 5 96
3 25 89
25 3 91
9 25 100
25 9 90
22 26 95
26 22 100
17 26 97
26 17 100
5 26 93
26 5 92
0 27 100
27 0 96
14 27 90
27 14 91
2 27 92
27 2 97
24 28 100
28 24 95
3 28 100
28 3 100
4 28 100
28 4 100
16 29 89
29 16 100
9 29 98
29 9 90
2 29 82
29 2 93
2 30 91
30 2 92
5 30 100
30 5 100
5 30 94
30 5 93
22 31 89
31 22 88
4 31 100
31 4 97
24 31 100
31 24 95
5 32 98
32 5 99
19 32 100
32 19 99
14 32 91
32 14 99
5 33 100
33 5 100
8 33 100
33 8 100
14 33 99
33 14 95
9 34 90
34 9 100
19 34 100
34 19 96
14 34 89
34 14 95
8 35 91
35 8 92
14 35 100
35 14 90
3 35 92
35 3 94
6 36 90
36 6 95
10 36 91
36 10 92
31 36 98
36 31 95
2 37 91
37 2 96
8 37 85
37 8 92
12 37 96
37 12 100
6 38 96
38 6 94
2 38 88
38 2 86
0 38 100
38 0 100
8 39 94
39 8 100
11 39 100
39 11 100
3 39 100
39 3 96
20 40 98
40 20 94
32 40 98
40 32 100
8 40 96
40 8 96
14 41 86
41 14 89
40 41 98
41 40 100
8 41 80
41 8 83
4 42 98
42 4 100
8 42 96
42 8 100
5 42 89
42 5 91
2 43 90
43 2 96
8 43 100
43 8 97
9 43 100
43 9 96
25 44 95
44 25 97
12 44 100
44 12 99
21 44 95
44 21 88
31 45 98
45 31 100
37 45 96
45 37 100
3 45 96
45 3 78
8 46 99
46 8 98
9 46 93
46 9 92
38 46 100
46 38 86
3 47 100
47 3 100
41 47 100
47 41 99
29 47 95
47 29 91
0 48 100
48 0 92
4 48 96
48 4 96
3 48 89
48 3 94
29 49 98
49 29 100
14 49 86
49 14 93
25 49 92
49 25 99
6 50 98
50 6 95
32 50 88
50 32 100
8 50 100
50 8 99
25 51 100
51 25 100
50 51 97
51 50 96
2 51 93
51 2 81
22 52 86
52 22 95
30 52 100
52 30 98
10 52 93
52 10 96
8 53 94
53 8 98
3 53 94
53 3 97
22 53 100
53 22 98
8 54 91
54 8 97
37 54 100
54 37 100
41 54 95
54 41 95
7 55 88
55 7 100
30 55 97
55 30 100
5 55 96
55 5 82
5 56 88
56 5 95
8 56 100
56 8 83
22 56 95
56 22 99
19 57 98
57 19 100
22 57 99
57 22 100
5 57 95
57 5 90
53 58 94
58 53 97
37 58 100
58 37 100
2 58 80
58 2 97
4 59 100
59 4 98
14 59 94
59 14 100
30 59 100
59 30 100
2 60 86
60 2 93
5 60 95
60 5 95
7 60 100
60 7 91
37 61 99
61 37 100
21 61 99
61 21 100
41 61 95
61 41 89
17 62 89
62 17 100
29 62 95
62 29 84
23 62 95
62 23 97
2 63 89
63 2 90
16 63 100
63 16 94
31 63 96
63 31 92
20 64 87
64 20 93
28 64 98
64 28 99
8 64 92
64 8 76
2 65 100
65 2 100
27 65 96
65 27 95
2 65 75
65 2 93
25 66 100
66 25 100
25 66 94
66 25 100
27 66 99
66 27 96
29 67 95
67 29 100
8 67 93
67 8 100
5 67 100
67 5 91
8 68 96
68 8 97
9 68 96
68 9 96
14 68 100
68 14 100
2 69 100
69 2 100
2 69 94
69 2 88
29 69 100
69 29 100
59 70 96
70 59 100
8 70 92
70 8 93
11 70 100
70 11 100
1 71 98
71 1 100
10 71 100
71 10 98
56 71 89
71 56 89
59 72 100
72 59 100
2 72 88
72 2 89
1 72 100
72 1 99
10 73 95
73 10 100
8 73 100
73 8 100
60 73 100
73 60 92
2 74 83
74 2 89
16 74 99
74 16 98
68 74 100
74 68 100
24 75 88
75 24 100
20 75 89
75 20 100
56 75 100
75 56 100
27 76 96
76 27 97
2 76 90
76 2 100
5 76 96
76 5 95
37 77 99
77 37 100
2 77 97
77 2 100
54 77 100
77 54 100
26 78 95
78 26 100
29 78 90
78 29 100
32 78 100
78 32 95
77 79 95
79 77 95
24 79 98
79 24 95
2 79 85
79 2 84
0 80 94
80 0 100
30 80 93
80 30 95
41 80 91
80 41 99
67 81 100
81 67 100
8 81 84
81 8 98
53 81 96
81 53 98
8 82 88
82 8 95
23 82 99
82 23 96
62 82 100
82 62 97
11 83 100
83 11 100
11 83 93
83 11 97
36 83 97
83 36 98
29 84 96
84 29 100
22 84 96
84 22 90
2 84 88
84 2 86
7 85 100
85 7 97
9 85 96
85 9 100
37 85 89
85 37 95
10 86 100
86 10 100
62 86 90
86 62 100
5 86 96
86 5 83
82 87 93
87 82 100
55 87 96
87 55 100
2 87 79
87 2 87
58 88 100
88 58 100
2 88 89
88 2 79
39 88 96
88 39 96
83 89 93
89 83 100
80 89 94
89 80 99
22 89 91
89 22 92
8 90 99
90 8 97
10 90 100
90 10 100
2 90 95
90 2 99
69 91 96
91 69 100
67 91 100
91 67 98
5 91 86
91 5 91
9 92 94
92 9 100
21 92 86
92 21 96
6 92 100
92 6 87
6 93 92
93 6 97
27 93 100
93 27 96
21 93 100
93 21 100
27 94 100
94 27 100
6 94 100
94 6 100
41 94 94
94 41 97
2 95 91
95 2 88
0 95 100
95 0 95
37 95 100
95 37 96
2 96 100
96 2 100
2 96 91
96 2 91
8 96 100
96 8 97
65 97 83
97 65 100
23 97 100
97 23 95
40 97 100
97 40 100
59 98 99
98 59 98
87 98 99
98 87 100
2 98 90
98 2 84
88 99 94
99 88 100
8 99 83
99 8 92
91 99 97
99 91 100
5 100 97
100 5 99
25 100 100
100 25 100
2 100 83
100 2 93
2 101 97
101 2 99
8 101 97
101 8 94
41 101 93
101 41 91
65 102 92
102 65 95
19 102 98
102 19 100
29 102 97
102 29 89
5 103 99
103 5 90
90 103 100
103 90 95
9 103 90
103 9 89
87 104 100
104 87 100
41 104 97
104 41 97
5 104 94
104 5 91
5 105 97
105 5 95
41 105 100
105 41 93
29 105 95
105 29 95
3 106 92
106 3 100
5 106 95
106 5 96
11 106 97
106 11 94
22 107 96
107 22 92
65 107 97
107 65 100
66 107 96
107 66 99
49 108 91
108 49 100
62 108 100
108 62 93
30 108 92
108 30 94
2 109 86
109 2 83
22 109 99
109 22 95
49 109 98
109 49 100
13 110 98
110 13 100
58 110 100
110 58 100
2 110 87
110 2 83
30 111 100
111 30 100
41 111 95
111 41 100
2 111 93
111 2 88
30 112 100
112 30 100
2 112 80
112 2 88
21 112 96
112 21 95
60 113 100
113 60 100
21 113 100
113 21 95
2 113 80
113 2 86
5 114 92
114 5 97
8 114 100
114 8 96
44 114 93
114 44 100
8 115 97
115 8 96
22 115 100
115 22 97
2 115 96
115 2 92
94 116 100
116 94 97
87 116 100
116 87 98
12 116 98
116 12 90
2 117 93
117 2 98
5 117 96
117 5 88
94 117 95
117 94 99
23 118 96
118 23 100
66 118 95
118 66 100
31 118 98
118 31 90
117 119 95
119 117 100
2 119 94
119 2 87
6 119 100
119 6 97
20 120 96
120 20 95
112 120 97
120 112 94
4 120 92
120 4 97
105 121 95
121 105 100
16 121 96
121 16 100
2 121 91
121 2 92
20 122 86
122 20 96
22 122 100
122 22 95
92 122 95
122 92 96
4 123 99
123 4 100
10 123 93
123 10 96
13 123 92
123 13 98
28 124 94
124 28 100
103 124 100
124 103 93
44 124 97
124 44 100
9 125 90
125 9 100
2 125 93
125 2 95
77 125 100
125 77 100
7 126 97
126 7 100
8 126 95
126 8 95
19 126 100
126 19 100
42 127 100
127 42 100
5 127 82
127 5 100
35 127 100
127 35 95
2 128 93
128 2 91
74 128 100
128 74 100
8 128 94
128 8 97
24 129 100
129 24 100
62 129 98
129 62 100
43 129 97
129 43 92
11 130 95
130 11 100
29 130 97
130 29 99
3 130 98
130 3 87
37 131 95
131 37 96
24 131 95
131 24 95
55 131 95
131 55 87
3 132 96
132 3 98
9 132 100
132 9 97
16 132 96
132 16 89
8 133 100
133 8 100
23 133 100
133 23 100
8 133 96
133 8 89
98 134 99
134 98 100
10 134 91
134 10 95
130 134 100
134 130 100
10 135 93
135 10 98
38 135 100
135 38 100
54 135 100
135 54 100
40 136 98
136 40 98
23 136 93
136 23 98
91 136 100
136 91 98
37 137 100
137 37 96
51 137 95
137 51 91
40 137 96
137 40 95
62 138 99
138 62 98
87 138 88
138 87 100
31 138 93
138 31 100
121 139 89
139 121 100
83 139 100
139 83 100
3 139 100
139 3 91
5 140 94
140 5 97
8 140 96
140 8 95
29 140 90
140 29 100
40 141 98
141 40 98
20 141 92
141 20 100
64 141 98
141 64 99
1 142 100
142 1 100
2 142 95
142 2 89
30 142 100
142 30 100
31 143 98
143 31 95
41 143 97
143 41 94
20 143 98
143 20 95
10 144 99
144 10 90
87 144 93
144 87 96
112 144 92
144 112 92
20 145 98
145 20 100
59 145 100
145 59 100
3 145 100
145 3 91
27 146 97
146 27 96
87 146 84
146 87 93
6 146 94
146 6 89
22 147 97
147 22 91
93 147 99
147 93 100
132 147 100
147 132 94
79 148 92
148 79 100
60 148 99
148 60 95
93 148 100
148 93 95
2 149 93
149 2 99
29 149 100
149 29 100
20 149 100
149 20 99
2 150 84
150 2 93
64 150 100
150 64 97
20 150 100
150 20 100
2 151 94
151 2 100
91 151 96
151 91 100
8 151 84
151 8 88
41 152 96
152 41 94
0 152 99
152 0 93
29 152 96
152 29 95
2 153 90
153 2 90
68 153 100
153 68 100
132 153 94
153 132 100
5 154 90
154 5 98
140 154 95
154 140 95
3 154 100
154 3 95
37 155 100
155 37 100
91 155 91
155 91 100
2 155 98
155 2 75
1 156 100
156 1 100
6 156 93
156 6 100
21 156 100
156 21 86
48 157 93
157 48 100
2 157 95
157 2 80
9 157 94
157 9 95
1 158 96
158 1 96
0 158 99
158 0 96
22 158 98
158 22 95
4 159 98
159 4 96
8 159 92
159 8 94
23 159 100
159 23 100
154 160 95
160 154 98
120 160 96
160 120 95
48 160 100
160 48 97
6 161 92
161 6 95
68 161 95
161 68 97
72 161 96
161 72 98
41 162 86
162 41 92
45 162 96
162 45 92
64 162 92
162 64 99
2 163 100
163 2 94
27 163 93
163 27 82
124 163 97
163 124 100
75 164 97
164 75 92
76 164 100
164 76 100
2 164 79
164 2 92
27 165 95
165 27 91
3 165 95
165 3 96
65 165 99
165 65 100
110 166 95
166 110 100
41 166 92
166 41 94
34 166 100
166 34 97
2 167 93
167 2 99
8 167 88
167 8 100
114 167 99
167 114 100
153 168 97
168 153 100
7 168 88
168 7 93
29 168 98
168 29 92
16 169 97
169 16 97
2 169 83
169 2 91
8 169 95
169 8 98
84 170 97
170 84 98
40 170 93
170 40 98
169 170 89
170 169 98
2 171 95
171 2 94
52 171 91
171 52 98
10 171 98
171 10 96
29 172 95
172 29 98
91 172 100
172 91 92
25 172 97
172 25 87
89 173 99
173 89 100
17 173 89
173 17 89
147 173 98
173 147 99
0 174 90
174 0 100
10 174 96
174 10 95
16 174 95
174 16 93
3 175 96
175 3 97
1 175 99
175 1 100
11 175 94
175 11 95
25 176 95
176 25 100
5 176 93
176 5 93
6 176 95
176 6 92
79 177 97
177 79 100
136 177 92
177 136 100
8 177 92
177 8 88
1 178 96
178 1 96
62 178 99
178 62 99
22 178 94
178 22 94
2 179 84
179 2 87
5 179 99
179 5 95
7 179 87
179 7 91
31 180 100
180 31 100
38 180 95
180 38 99
121 180 96
180 121 94
34 181 98
181 34 100
140 181 93
181 140 100
179 181 96
181 179 87
144 182 100
182 144 97
34 182 82
182 34 100
119 182 100
182 119 97
136 183 100
183 136 100
5 183 97
183 5 95
87 183 100
183 87 100
30 184 100
184 30 100
81 184 83
184 81 100
10 184 89
184 10 81
139 185 92
185 139 100
2 185 93
185 2 93
5 185 100
185 5 90
134 186 99
186 134 100
45 186 98
186 45 98
65 186 100
186 65 98
3 187 93
187 3 100
100 187 100
187 100 99
135 187 100
187 135 99
30 188 100
188 30 100
86 188 98
188 86 100
10 188 100
188 10 93
3 189 92
189 3 100
98 189 99
189 98 95
124 189 100
189 124 97
15 190 100
190 15 100
23 190 100
190 23 100
2 190 82
190 2 93
25 191 100
191 25 100
89 191 100
191 89 100
109 191 95
191 109 93
157 192 100
192 157 94
41 192 97
192 41 95
62 192 97
192 62 92
62 193 91
193 62 93
169 193 97
193 169 98
41 193 92
193 41 96
11 194 98
194 11 100
189 194 100
194 189 100
5 194 95
194 5 99
7 195 88
195 7 90
76 195 91
195 76 94
48 195 100
195 48 90
54 196 100
196 54 100
58 196 97
196 58 100
86 196 100
196 86 96
30 197 94
197 30 96
41 197 100
197 41 100
27 197 100
197 27 100
37 198 95
198 37 100
52 198 99
198 52 98
3 198 95
198 3 90
14 199 89
199 14 88
5 199 82
199 5 93
55 199 93
199 55 100
152 200 100
200 152 98
31 200 99
200 31 96
20 200 100
200 20 89
8 201 100
201 8 100
8 201 95
201 8 100
2 201 78
201 2 88
130 202 100
202 130 97
10 202 87
202 10 91
46 202 89
202 46 95
8 203 93
203 8 87
19 203 95
203 19 96
115 203 100
203 115 98
22 204 97
204 22 100
7 204 97
204 7 100
14 204 99
204 14 96
37 205 100
205 37 100
108 205 90
205 108 100
79 205 100
205 79 91
84 206 100
206 84 96
110 206 97
206 110 92
192 206 100
206 192 96
28 207 98
207 28 100
74 207 96
207 74 94
91 207 96
207 91 100
66 208 91
208 66 100
2 208 89
208 2 89
22 208 98
208 22 100
9 209 99
209 9 100
117 209 91
209 117 100
8 209 89
209 8 91
2 210 96
210 2 100
6 210 100
210 6 99
23 210 100
210 23 95
142 211 100
211 142 95
202 211 95
211 202 100
10 211 78
211 10 88
144 212 100
212 144 100
167 212 91
212 167 100
147 212 100
212 147 100
65 213 100
213 65 96
2 213 97
213 2 83
183 213 88
213 183 98
52 214 94
214 52 95
99 214 97
214 99 100
103 214 92
214 103 96
154 215 92
215 154 100
159 215 92
215 159 98
66 215 98
215 66 85
19 216 87
216 19 100
116 216 100
216 116 95
161 216 100
216 161 98
1 217 100
217 1 96
9 217 96
217 9 87
138 217 100
217 138 100
2 218 94
218 2 95
11 218 93
218 11 100
20 218 100
218 20 100
213 219 100
219 213 100
199 219 95
219 199 98
17 219 93
219 17 77
6 220 91
220 6 89
41 220 98
220 41 95
19 220 98
220 19 95
4 221 95
221 4 98
101 221 93
221 101 96
24 221 100
221 24 97
4 222 94
222 4 92
45 222 99
222 45 96
113 222 93
222 113 81
2 223 84
223 2 96
6 223 95
223 6 99
28 223 99
223 28 94
146 224 97
224 146 100
169 224 93
224 169 88
64 224 100
224 64 83
5 225 91
225 5 86
171 225 99
225 171 100
111 225 97
225 111 98
112 226 91
226 112 95
136 226 98
226 136 100
86 226 100
226 86 98
0 227 95
227 0 97
66 227 97
227 66 98
109 227 95
227 109 95
31 228 100
228 31 98
3 228 95
228 3 100
22 228 100
228 22 96
18 229 98
229 18 100
136 229 100
229 136 98
5 229 91
229 5 93
54 230 94
230 54 95
89 230 94
230 89 100
79 230 87
230 79 87
65 231 93
231 65 98
5 231 95
231 5 88
83 231 96
231 83 97
112 232 100
232 112 100
7 232 100
232 7 99
19 232 99
232 19 97
62 233 90
233 62 94
184 233 98
233 184 91
203 233 93
233 203 95
2 234 91
234 2 91
70 234 98
234 70 100
78 234 94
234 78 100
52 235 98
235 52 100
50 235 88
235 50 100
158 235 100
235 158 94
121 236 94
236 121 95
79 236 97
236 79 92
8 236 87
236 8 88
29 237 98
237 29 100
137 237 100
237 137 100
186 237 100
237 186 100
2 238 98
238 2 91
10 238 95
238 10 100
115 238 98
238 115 100
24 239 85
239 24 98
30 239 98
239 30 91
2 239 95
239 2 86
75 240 94
240 75 97
114 240 97
240 114 100
24 240 91
240 24 86
48 241 96
241 48 100
202 241 94
241 202 91
78 241 100
241 78 94
88 242 98
242 88 91
191 242 97
242 191 100
4 242 97
242 4 94
124 243 100
243 124 100
119 243 95
243 119 96
131 243 100
243 131 94
38 244 94
244 38 95
81 244 100
244 81 96
203 244 93
244 203 93
14 245 93
245 14 90
60 245 100
245 60 96
160 245 99
245 160 98
167 246 96
246 167 100
7 246 100
246 7 95
87 246 95
246 87 90
18 247 100
247 18 100
135 247 100
247 135 100
49 247 100
247 49 93
20 248 100
248 20 95
22 248 95
248 22 99
86 248 92
248 86 98
2 249 88
249 2 85
103 249 98
249 103 91
54 249 96
249 54 97
58 250 95
250 58 100
141 250 98
250 141 96
158 250 99
250 158 100
7 251 94
251 7 100
143 251 100
251 143 95
3 251 95
251 3 90
94 252 96
252 94 100
22 252 90
252 22 100
48 252 99
252 48 96
125 253 100
253 125 100
128 253 94
253 128 97
7 253 100
253 7 89
7 254 88
254 7 85
162 254 87
254 162 96
202 254 100
254 202 92
23 255 98
255 23 100
74 255 97
255 74 100
187 255 100
255 187 99
81 256 100
256 81 100
8 256 100
256 8 77
44 256 95
256 44 95
41 257 92
257 41 98
11 257 98
257 11 92
86 257 96
257 86 100
43 258 100
258 43 100
55 258 98
258 55 93
201 258 88
258 201 96
23 259 96
259 23 87
0 259 97
259 0 92
110 259 98
259 110 100
16 260 100
260 16 99
134 260 99
260 134 100
65 260 100
260 65 99
33 261 96
261 33 100
73 261 91
261 73 100
1 261 100
261 1 82
252 262 94
262 252 100
0 262 93
262 0 98
112 262 99
262 112 100
21 263 97
263 21 100
2 263 100
263 2 91
22 263 97
263 22 95
0 264 84
264 0 100
2 264 91
264 2 92
1 264 100
264 1 100
11 265 96
265 11 100
189 265 90
265 189 95
2 265 80
265 2 70
184 266 96
266 184 98
179 266 92
266 179 92
212 266 99
266 212 100
240 267 100
267 240 99
91 267 90
267 91 82
252 267 96
267 252 100
104 268 99
268 104 100
2 268 82
268 2 75
172 268 99
268 172 93
31 269 95
269 31 93
164 269 100
269 164 100
268 269 95
269 268 82
56 270 100
270 56 100
1 270 100
270 1 100
17 270 100
270 17 94
8 271 97
271 8 91
11 271 100
271 11 88
196 271 99
271 196 100
23 272 100
272 23 100
95 272 100
272 95 96
165 272 93
272 165 100
39 273 90
273 39 98
16 273 97
273 16 86
7 273 90
273 7 96
64 274 89
274 64 95
252 274 92
274 252 96
165 274 95
274 165 82
146 275 99
275 146 96
38 275 94
275 38 90
103 275 100
275 103 93
207 276 100
276 207 100
110 276 100
276 110 96
172 276 100
276 172 93
6 277 96
277 6 97
11 277 89
277 11 96
66 277 100
277 66 100
2 278 91
278 2 88
13 278 100
278 13 100
120 278 97
278 120 98
17 279 86
279 17 92
103 279 95
279 103 95
19 279 97
279 19 86
135 280 100
280 135 100
186 280 100
280 186 100
2 280 93
280 2 91
39 281 100
281 39 100
10 281 95
281 10 95
151 281 96
281 151 97
59 282 92
282 59 95
70 282 97
282 70 100
27 282 87
282 27 95
14 283 97
283 14 90
74 283 95
283 74 94
259 283 95
283 259 95
22 284 96
284 22 96
32 284 98
284 32 96
157 284 94
284 157 95
213 285 100
285 213 95
8 285 99
285 8 90
160 285 96
285 160 100
8 286 92
286 8 91
130 286 100
286 130 95
33 286 100
286 33 100
184 287 95
287 184 96
2 287 89
287 2 83
152 287 99
287 152 100
248 288 100
288 248 100
8 288 87
288 8 93
41 288 100
288 41 95
14 289 92
289 14 98
68 289 100
289 68 100
2 289 100
289 2 96
22 290 86
290 22 97
135 290 97
290 135 99
243 290 100
290 243 100
65 291 100
291 65 100
79 291 95
291 79 100
13 291 96
291 13 95
41 292 88
292 41 100
86 292 98
292 86 98
198 292 100
292 198 92
30 293 100
293 30 97
103 293 87
293 103 92
19 293 92
293 19 92
27 294 100
294 27 100
186 294 97
294 186 95
2 294 92
294 2 90
55 295 93
295 55 98
65 295 98
295 65 94
205 295 100
295 205 98
175 296 100
296 175 100
287 296 95
296 287 100
27 296 96
296 27 99
27 297 98
297 27 98
11 297 98
297 11 100
2 297 88
297 2 87
41 298 98
298 41 99
58 298 100
298 58 99
9 298 98
298 9 96
281 299 100
299 281 100
7 299 88
299 7 93
60 299 95
299 60 96
