158 270 91
275 232 88
180 105 87
228 27 86
34 100 86
22 94 86
96 188 85
7 76 85
229 52 85
60 120 84
258 89 84
34 214 84
128 23 84
245 186 83
205 59 83
42 10 83
31 178 83
228 35 83
7 136 83
33 101 82
160 29 82
33 151 82
215 30 81
12 129 81
25 220 81
35 78 81
150 119 81
59 202 81
236 246 80
125 245 80
111 116 80
98 46 80
108 150 80
287 16 80
282 182 79
152 282 79
190 200 79
254 30 79
292 271 79
240 98 79
9 298 78
146 74 78
179 248 78
218 7 78
174 230 78
116 123 78
121 41 78
206 21 78
209 166 77
106 73 77
20 32 77
126 190 77
227 179 77
82 293 77
235 202 77
207 290 77
40 23 77
159 216 77
150 61 76
209 229 76
99 160 76
189 163 76
75 294 76
80 256 76
184 192 76
287 297 76
245 133 76
116 44 76
86 159 76
262 284 75
185 113 75
191 85 75
273 8 75
275 277 75
285 233 75
56 104 75
151 37 74
145 207 74
272 200 74
117 67 74
145 208 74
9 214 73
43 224 73
124 126 73
57 14 73
160 137 73
111 211 73
96 220 73
6 185 73
12 110 73
119 41 73
110 169 73
115 270 73
189 83 73
74 138 72
77 164 72
7 104 72
193 210 72
135 43 71
34 221 71
299 270 71
28 94 71
15 284 71
58 76 71
274 79 71
55 94 71
80 294 71
46 247 71
276 208 70
225 70 70
179 267 70
9 1 70
239 43 70
162 56 70
111 61 70
52 71 70
265 203 69
295 31 69
154 220 69
41 183 68
67 104 68
74 4 68
266 87 68
232 212 68
178 89 68
112 93 68
175 64 68
224 233 68
217 236 68
234 147 68
280 21 68
224 128 67
265 272 67
286 195 67
131 164 67
6 25 67
226 118 66
13 228 66
270 183 66
161 112 66
173 111 66
246 81 66
239 257 66
193 25 66
5 41 66
174 102 66
67 1 65
271 69 65
167 206 65
72 166 65
189 11 65
155 156 65
215 230 65
58 101 65
199 264 65
278 289 65
68 114 65
292 251 65
182 264 64
286 289 64
95 165 64
27 148 64
125 223 64
180 227 64
254 270 64
39 57 64
15 13 64
170 94 64
299 293 64
97 134 64
136 46 64
252 136 64
72 189 63
181 244 63
90 219 63
128 176 63
143 129 63
230 298 63
3 202 63
170 158 63
182 241 63
135 142 63
130 195 63
292 73 62
70 19 62
119 96 62
110 129 62
175 18 62
168 60 62
149 32 62
282 209 62
72 88 62
70 84 61
134 157 61
111 28 61
51 263 61
92 110 61
234 201 61
31 179 61
29 229 61
25 158 61
20 52 61
20 85 61
233 11 61
150 236 61
16 59 60
153 111 60
132 119 60
40 199 60
259 225 60
105 216 60
242 260 60
182 145 60
152 248 60
141 82 60
59 263 59
212 153 59
0 105 59
40 149 59
150 164 59
33 6 59
274 76 59
267 32 58
291 243 58
133 161 58
158 54 58
72 231 58
163 73 58
98 113 58
263 288 58
218 30 58
61 93 58
274 144 57
19 40 57
146 98 57
46 259 57
10 177 57
100 250 56
174 249 56
50 29 56
184 75 56
29 232 56
109 217 56
5 97 56
244 167 56
186 195 56
163 79 56
255 6 56
194 23 56
223 152 56
90 46 56
283 28 56
122 107 56
51 81 55
110 179 55
204 11 55
17 200 55
286 212 55
54 80 55
8 104 55
17 166 55
32 279 55
243 56 55
249 286 54
155 278 54
135 75 54
117 112 54
161 274 54
155 176 54
20 242 54
275 205 54
67 146 53
271 77 53
137 1 53
48 127 53
287 236 53
156 158 53
85 171 53
83 115 53
55 135 53
213 147 53
178 265 53
65 231 53
200 161 53
198 296 53
172 166 53
25 30 53
60 140 53
285 182 52
226 24 52
165 18 52
229 34 52
18 267 52
164 241 52
16 238 52
164 108 52
256 154 52
141 116 52
289 155 52
228 155 52
110 170 51
108 226 51
225 79 51
29 172 51
63 186 51
24 176 51
62 85 51
299 139 51
104 165 51
97 62 51
101 119 50
37 269 50
297 108 50
124 205 50
256 153 50
225 19 49
69 40 49
214 217 49
25 40 49
7 164 49
147 205 49
131 134 49
11 40 49
19 218 49
159 19 49
296 208 49
62 237 49
56 49 49
9 201 49
35 194 49
299 287 48
112 136 48
24 189 48
151 106 48
256 36 48
281 105 48
227 271 48
171 93 48
255 104 47
299 291 47
9 55 47
77 80 47
25 89 47
233 49 47
135 223 47
92 73 47
181 175 47
243 46 47
110 161 47
240 35 47
149 156 46
213 85 46
198 123 46
72 191 46
56 260 46
185 56 46
282 164 46
241 231 45
160 58 45
141 32 45
299 206 45
42 250 45
19 285 45
256 181 45
239 247 45
83 258 45
241 28 44
297 176 44
140 133 44
257 81 44
261 30 44
201 127 44
291 39 44
209 192 44
88 285 43
124 277 43
35 190 43
147 297 43
78 243 43
173 87 43
121 76 43
276 46 43
243 113 43
120 181 43
221 84 43
47 200 43
73 208 43
179 160 43
205 171 43
261 266 43
258 162 43
204 199 43
16 262 43
68 279 43
57 266 43
57 117 43
271 117 42
161 101 42
286 136 42
115 90 42
11 130 42
249 292 42
239 128 42
279 183 42
267 252 42
145 72 42
183 242 42
291 261 42
290 272 42
129 108 42
211 286 42
236 124 42
196 141 42
142 199 42
62 104 41
41 18 41
206 295 41
38 62 41
172 211 41
120 223 41
14 105 41
140 75 41
11 78 41
23 197 40
146 277 40
260 44 40
210 260 40
114 261 40
268 83 40
254 247 40
258 242 40
281 182 40
5 30 40
286 38 40
51 261 40
46 195 40
98 146 39
292 24 39
185 138 39
129 64 39
259 6 39
21 292 39
20 148 39
164 113 39
65 186 39
1 107 38
204 138 38
253 59 38
85 206 38
58 265 37
244 231 37
134 255 37
147 287 37
51 167 37
160 30 37
142 134 37
214 229 36
153 268 36
61 261 36
226 126 36
294 167 36
28 162 36
106 91 36
83 291 36
225 115 36
292 249 36
43 298 36
98 75 36
171 152 35
151 183 35
281 267 35
27 60 35
130 161 35
246 8 35
84 103 35
151 66 35
224 145 35
294 44 35
126 154 35
192 282 35
63 286 35
187 50 35
296 167 35
290 28 35
70 8 35
107 220 34
297 265 34
161 28 34
141 293 34
265 2 34
121 163 34
168 99 33
129 35 33
276 55 33
104 153 33
87 274 33
203 280 33
118 103 33
235 221 33
226 279 33
98 73 33
179 35 32
214 197 32
92 87 32
266 286 32
145 183 32
1 55 32
47 236 32
108 180 32
166 116 32
273 241 32
250 294 32
258 58 32
285 24 32
269 165 32
187 7 31
262 128 31
62 109 31
51 247 31
104 170 31
160 163 31
216 97 31
180 134 31
152 8 31
49 257 31
195 66 31
111 30 31
213 148 31
141 153 31
18 108 31
240 295 31
207 288 31
267 50 30
116 227 30
162 212 30
218 243 30
218 25 30
77 29 30
37 144 30
146 273 30
194 163 30
158 241 30
173 177 30
44 158 30
273 69 30
100 293 30
101 73 30
270 57 30
128 95 30
172 241 29
76 158 29
263 111 29
200 255 29
260 112 29
161 160 29
43 132 29
114 208 29
73 185 29
31 75 29
39 44 29
69 275 29
128 58 29
214 162 29
225 187 28
65 58 28
251 269 28
168 229 28
71 35 28
4 5 28
13 179 28
121 183 28
66 297 28
183 16 28
5 232 28
15 296 28
12 219 28
23 89 28
158 6 28
221 257 27
184 155 27
99 25 27
248 113 27
50 19 27
190 139 27
279 68 27
108 209 27
111 139 27
251 65 27
176 239 26
108 250 26
214 169 26
217 146 26
137 184 26
29 287 26
108 257 26
113 128 26
57 219 26
279 222 26
213 26 26
249 242 26
292 6 26
175 268 26
272 159 26
245 82 26
5 193 26
189 141 25
212 253 25
228 253 25
226 251 25
137 114 25
91 77 25
220 49 25
117 252 25
146 115 25
57 272 25
143 247 25
97 148 25
8 268 25
87 296 24
186 120 24
138 94 24
207 38 24
207 95 24
36 223 24
145 18 24
168 201 24
233 191 24
55 98 24
168 147 24
297 299 24
157 109 24
241 224 24
245 13 23
197 278 23
58 62 23
133 176 23
69 201 23
158 47 23
292 86 23
294 87 23
270 228 23
296 194 23
243 118 22
206 284 22
211 100 22
79 139 22
98 287 22
233 205 22
36 151 22
41 149 21
271 182 21
134 82 21
32 113 21
108 47 21
42 255 21
260 291 21
140 64 21
36 63 21
238 104 21
19 103 20
98 72 20
248 117 20
270 58 20
115 293 20
29 208 20
277 106 20
160 170 20
175 252 20
78 12 20
3 126 20
24 293 20
261 82 20
232 285 20
41 279 20
271 85 19
134 80 19
21 255 19
45 165 19
157 239 19
127 30 19
230 140 19
33 194 19
166 50 19
75 199 19
185 127 19
132 253 19
90 193 19
4 165 18
8 88 18
150 141 18
24 131 18
252 36 18
51 89 18
2 107 18
104 5 18
105 288 18
197 17 18
143 244 17
129 146 17
283 20 17
142 72 17
124 38 17
171 263 17
87 23 17
207 223 17
136 245 17
129 119 17
225 255 17
3 82 17
295 191 16
107 85 16
1 183 16
278 243 16
101 34 16
285 105 15
151 48 15
127 216 15
72 85 15
45 240 15
76 217 15
142 289 15
41 262 15
57 49 15
74 272 15
206 201 15
94 214 15
11 124 15
231 182 15
29 233 15
258 108 14
66 82 14
44 267 14
240 256 14
150 174 14
76 137 14
216 19 14
276 136 14
225 262 14
233 298 14
134 162 14
29 150 13
89 104 13
23 270 13
153 148 13
263 228 13
117 8 13
254 181 13
189 224 13
118 181 13
190 101 12
246 242 12
237 61 12
91 176 12
201 249 11
73 25 11
186 78 11
116 60 11
248 203 11
10 238 11
28 65 11
209 251 11
202 251 11
39 171 11
70 53 11
263 240 11
210 281 11
29 171 11
72 64 11
249 137 11
81 44 11
88 12 11
251 260 10
39 107 10
200 297 10
270 112 10
19 156 10
89 59 10
93 26 10
256 22 10
121 284 10
144 255 10
50 170 10
101 108 9
281 268 9
209 281 9
191 170 9
51 181 9
155 198 9
56 107 9
108 135 9
263 114 9
269 206 9
241 174 9
132 168 9
148 208 8
149 211 8
157 133 8
102 42 8
261 43 8
170 241 8
132 24 8
104 143 8
55 158 8
71 255 8
113 197 8
195 79 8
89 195 7
165 238 7
188 184 7
174 295 7
9 81 7
203 289 7
175 93 7
60 280 7
66 9 7
264 235 7
255 295 7
285 107 7
69 60 7
278 4 6
92 233 6
139 25 6
20 4 6
171 147 6
86 256 6
124 9 6
159 90 6
45 9 6
293 78 6
244 19 6
154 218 6
130 86 6
154 94 6
269 82 6
67 123 6
225 24 6
235 11 6
284 25 5
293 264 5
88 219 5
276 87 5
209 114 5
251 241 5
167 68 5
20 237 5
98 262 5
134 85 5
14 246 5
198 299 5
281 114 5
281 31 5
240 156 4
65 284 4
134 205 4
139 213 4
122 118 4
211 169 4
149 141 4
63 171 4
247 142 4
17 103 4
201 273 4
134 292 4
54 188 4
11 206 4
82 11 4
58 16 3
256 262 3
94 135 3
233 151 3
181 194 3
34 68 3
296 260 3
241 113 3
76 180 3
182 249 3
10 70 3
82 100 2
27 170 2
11 225 2
201 251 2
118 196 2
196 33 2
109 284 2
187 15 2
273 48 2
128 155 2
78 125 2
29 284 1
27 149 1
43 15 1
298 193 1
172 116 1
120 275 1
39 168 1
89 56 1
212 283 1
172 157 1
289 227 1
206 251 1
