518 0 94
0 518 97
569 0 93
0 569 89
521 1 100
1 521 95
574 1 85
1 574 100
842 1 93
1 842 90
945 1 97
1 945 84
63 2 100
2 63 99
229 2 97
2 229 97
947 3 99
3 947 100
622 4 100
4 622 95
743 4 99
4 743 82
805 4 96
4 805 88
972 4 93
4 972 100
594 6 93
6 594 98
733 6 92
6 733 98
85 7 97
7 85 91
40 8 100
8 40 95
603 8 92
8 603 94
725 8 90
8 725 96
348 9 99
9 348 97
470 9 94
9 470 92
27 10 97
10 27 100
427 10 100
10 427 96
584 11 91
11 584 100
491 12 97
12 491 100
776 12 92
12 776 100
868 12 100
12 868 87
530 13 97
13 530 100
175 14 100
14 175 96
599 14 94
14 599 96
636 14 100
14 636 90
894 14 100
14 894 95
899 14 95
14 899 98
13 15 95
15 13 95
292 15 88
15 292 94
425 15 95
15 425 99
850 15 91
15 850 94
354 16 100
16 354 100
561 16 100
16 561 90
935 16 95
16 935 95
441 17 97
17 441 97
302 18 83
18 302 98
349 18 93
18 349 89
650 18 92
18 650 94
668 18 84
18 668 93
669 18 91
18 669 97
27 19 92
19 27 91
149 19 90
19 149 100
683 19 95
19 683 95
217 20 99
20 217 96
739 20 98
20 739 95
247 21 99
21 247 95
581 21 100
21 581 98
858 21 100
21 858 100
951 21 93
21 951 87
115 22 90
22 115 95
445 22 100
22 445 95
540 22 100
22 540 98
582 22 95
22 582 100
2 23 95
23 2 98
266 23 99
23 266 85
737 23 87
23 737 99
776 23 95
23 776 93
166 24 90
24 166 100
193 24 95
24 193 98
462 24 98
24 462 94
771 24 93
24 771 95
63 26 100
26 63 100
751 26 100
26 751 100
798 26 97
26 798 92
848 26 85
26 848 97
248 27 100
27 248 100
644 27 92
27 644 97
741 27 93
27 741 100
70 28 98
28 70 90
868 28 94
28 868 99
869 29 90
29 869 100
98 30 100
30 98 100
117 31 98
31 117 96
287 31 96
31 287 94
843 31 95
31 843 100
698 32 96
32 698 90
787 32 100
32 787 96
897 32 84
32 897 99
740 33 99
33 740 95
9 34 88
34 9 95
20 34 98
34 20 92
281 34 100
34 281 92
727 34 96
34 727 99
828 34 97
34 828 92
513 35 100
35 513 98
370 36 100
36 370 100
655 36 96
36 655 100
829 36 100
36 829 98
835 36 100
36 835 92
986 36 93
36 986 91
497 37 99
37 497 98
833 37 89
37 833 99
77 38 95
38 77 100
236 38 99
38 236 99
850 39 100
39 850 100
931 39 98
39 931 96
395 41 89
41 395 92
793 41 93
41 793 100
922 41 90
41 922 92
962 41 100
41 962 94
235 43 100
43 235 100
358 43 95
43 358 97
447 43 89
43 447 87
553 43 94
43 553 95
683 43 89
43 683 100
775 43 100
43 775 99
927 43 91
43 927 87
719 44 95
44 719 94
720 45 92
45 720 95
875 45 96
45 875 94
952 45 100
45 952 95
786 47 100
47 786 100
157 49 100
49 157 100
463 49 100
49 463 100
698 49 96
49 698 100
778 49 100
49 778 98
840 49 95
49 840 95
165 50 94
50 165 100
394 50 94
50 394 91
621 50 88
50 621 99
582 51 100
51 582 95
13 52 100
52 13 100
110 52 93
52 110 97
121 52 95
52 121 100
417 52 100
52 417 98
821 52 100
52 821 100
975 52 97
52 975 98
873 53 100
53 873 97
395 54 82
54 395 94
139 55 97
55 139 100
478 55 91
55 478 98
191 56 100
56 191 91
205 56 96
56 205 96
325 56 90
56 325 100
486 56 99
56 486 98
619 56 95
56 619 85
854 56 90
56 854 100
259 57 96
57 259 95
333 57 100
57 333 98
531 57 95
57 531 100
617 57 100
57 617 90
881 57 78
57 881 98
24 58 98
58 24 100
734 58 96
58 734 97
839 58 95
58 839 94
166 59 96
59 166 92
185 59 97
59 185 97
191 59 96
59 191 97
800 59 100
59 800 96
881 59 95
59 881 97
221 60 92
60 221 95
95 61 88
61 95 99
150 61 100
61 150 91
136 62 100
62 136 86
683 63 99
63 683 92
134 64 95
64 134 98
505 64 96
64 505 94
513 64 83
64 513 92
766 64 98
64 766 95
859 64 93
64 859 95
923 64 100
64 923 94
920 65 95
65 920 97
144 67 100
67 144 96
540 67 96
67 540 100
612 67 95
67 612 100
700 68 98
68 700 98
214 69 100
69 214 97
479 69 100
69 479 97
817 69 94
69 817 100
768 70 100
70 768 91
791 70 95
70 791 93
940 71 93
71 940 93
61 72 99
72 61 100
276 72 97
72 276 86
401 72 99
72 401 100
738 72 95
72 738 96
741 72 91
72 741 97
89 73 89
73 89 100
254 73 95
73 254 98
691 73 100
73 691 89
766 73 96
73 766 97
849 73 93
73 849 96
990 74 92
74 990 92
149 75 93
75 149 95
240 75 97
75 240 97
647 75 97
75 647 92
674 75 92
75 674 92
747 75 87
75 747 96
256 76 100
76 256 100
437 76 89
76 437 92
510 76 93
76 510 94
740 76 87
76 740 100
789 76 100
76 789 93
720 77 92
77 720 91
960 77 90
77 960 82
156 78 100
78 156 95
267 79 99
79 267 94
480 79 92
79 480 87
754 79 87
79 754 96
775 79 95
79 775 98
937 79 100
79 937 100
264 80 100
80 264 100
267 80 100
80 267 100
663 81 86
81 663 94
830 81 96
81 830 94
284 82 89
82 284 94
836 82 95
82 836 89
92 83 97
83 92 97
411 83 94
83 411 100
601 83 95
83 601 92
765 83 99
83 765 96
924 83 92
83 924 98
333 84 92
84 333 100
577 84 99
84 577 97
120 85 100
85 120 95
480 85 100
85 480 93
654 85 98
85 654 97
675 85 94
85 675 93
677 85 90
85 677 92
597 87 97
87 597 96
317 88 100
88 317 95
149 89 100
89 149 100
459 89 100
89 459 100
733 89 100
89 733 96
135 90 100
90 135 100
775 90 100
90 775 95
904 90 95
90 904 100
926 90 99
90 926 88
127 91 92
91 127 98
258 91 95
91 258 95
343 91 93
91 343 98
829 91 95
91 829 100
2 92 82
92 2 89
72 92 96
92 72 91
149 92 81
92 149 100
317 92 96
92 317 95
985 92 89
92 985 88
196 93 93
93 196 96
395 93 98
93 395 93
38 94 99
94 38 100
77 94 95
94 77 95
551 94 100
94 551 87
250 95 84
95 250 92
337 95 97
95 337 82
511 95 90
95 511 95
619 95 90
95 619 97
738 95 95
95 738 94
757 96 96
96 757 100
950 96 99
96 950 93
985 96 82
96 985 97
896 97 96
97 896 99
419 98 99
98 419 99
485 98 97
98 485 100
512 98 89
98 512 99
305 99 94
99 305 96
344 99 100
99 344 100
746 99 85
99 746 100
719 100 92
100 719 95
733 100 93
100 733 85
385 101 95
101 385 100
314 102 98
102 314 90
69 103 99
103 69 92
128 103 96
103 128 97
356 103 97
103 356 95
485 103 90
103 485 100
993 103 84
103 993 100
366 104 100
104 366 100
239 105 100
105 239 92
751 105 99
105 751 95
205 106 87
106 205 98
387 106 97
106 387 100
499 106 97
106 499 100
768 106 98
106 768 97
40 107 98
107 40 99
468 107 98
107 468 85
668 107 97
107 668 95
208 108 100
108 208 100
542 108 100
108 542 93
9 109 92
109 9 89
412 109 84
109 412 100
416 109 97
109 416 90
641 109 93
109 641 94
978 109 100
109 978 87
329 110 82
110 329 94
352 110 88
110 352 88
578 111 100
111 578 88
720 111 78
111 720 87
835 111 90
111 835 95
959 111 90
111 959 91
233 112 88
112 233 92
276 112 91
112 276 100
993 112 91
112 993 95
256 113 93
113 256 99
279 113 93
113 279 95
283 113 95
113 283 95
545 113 99
113 545 94
742 114 87
114 742 97
91 115 78
115 91 93
816 115 74
115 816 93
884 115 96
115 884 90
363 116 97
116 363 96
58 117 96
117 58 100
416 117 98
117 416 97
466 117 100
117 466 98
838 117 99
117 838 98
616 118 100
118 616 100
435 119 100
119 435 95
907 119 100
119 907 100
970 119 95
119 970 96
95 120 89
120 95 100
155 121 100
121 155 95
430 121 99
121 430 100
483 121 97
121 483 99
616 121 100
121 616 99
842 121 100
121 842 100
334 122 97
122 334 86
974 122 88
122 974 95
119 124 100
124 119 100
910 124 100
124 910 100
145 125 95
125 145 97
667 125 93
125 667 94
42 126 100
126 42 95
483 126 90
126 483 91
773 126 89
126 773 95
275 127 90
127 275 100
550 127 97
127 550 96
70 128 100
128 70 97
201 128 100
128 201 100
694 128 97
128 694 92
727 128 95
128 727 100
894 128 95
128 894 96
940 128 100
128 940 92
492 129 95
129 492 82
153 130 89
130 153 100
166 130 94
130 166 85
23 131 88
131 23 100
207 131 100
131 207 100
284 131 96
131 284 97
559 132 98
132 559 100
95 133 89
133 95 82
264 133 97
133 264 91
379 133 97
133 379 94
572 133 92
133 572 92
941 133 98
133 941 100
155 134 100
134 155 100
33 135 91
135 33 90
84 135 91
135 84 100
92 135 83
135 92 100
607 135 100
135 607 91
440 136 100
136 440 87
546 136 90
136 546 99
620 136 100
136 620 84
43 137 97
137 43 96
316 137 98
137 316 100
364 137 97
137 364 94
463 137 88
137 463 84
493 137 82
137 493 97
582 137 100
137 582 96
436 139 96
139 436 100
640 139 87
139 640 100
95 140 89
140 95 99
507 140 100
140 507 92
630 140 94
140 630 96
448 141 100
141 448 100
663 141 95
141 663 100
992 141 100
141 992 95
134 142 96
142 134 95
319 142 97
142 319 98
324 142 95
142 324 97
483 142 100
142 483 87
818 142 98
142 818 96
31 143 94
143 31 82
639 143 93
143 639 92
650 143 95
143 650 90
798 143 92
143 798 82
676 144 92
144 676 93
826 144 99
144 826 100
137 145 95
145 137 97
681 145 100
145 681 94
426 146 100
146 426 100
110 147 98
147 110 100
518 147 95
147 518 98
727 147 100
147 727 95
841 147 100
147 841 100
960 147 100
147 960 97
297 148 95
148 297 90
624 148 91
148 624 89
627 148 93
148 627 92
935 148 100
148 935 91
615 149 100
149 615 100
986 149 92
149 986 90
329 150 93
150 329 94
709 150 100
150 709 95
711 150 96
150 711 100
135 151 94
151 135 95
143 151 91
151 143 84
347 151 96
151 347 99
587 151 96
151 587 93
601 151 95
151 601 96
826 151 97
151 826 100
911 151 87
151 911 90
14 152 85
152 14 94
48 152 97
152 48 89
401 152 96
152 401 97
429 152 100
152 429 90
976 152 87
152 976 98
68 153 100
153 68 94
311 153 100
153 311 100
643 153 95
153 643 95
873 153 100
153 873 90
996 153 95
153 996 94
821 155 90
155 821 99
410 157 89
157 410 91
736 157 94
157 736 98
226 158 100
158 226 90
335 158 99
158 335 100
863 159 92
159 863 91
917 159 92
159 917 94
950 159 89
159 950 93
252 160 97
160 252 92
808 160 90
160 808 100
1 161 100
161 1 96
117 161 96
161 117 94
181 161 92
161 181 97
420 161 95
161 420 100
763 161 96
161 763 96
164 162 98
162 164 97
891 162 96
162 891 93
76 163 94
163 76 92
148 163 100
163 148 100
759 163 98
163 759 100
395 164 96
164 395 99
539 165 97
165 539 100
331 166 95
166 331 94
372 166 95
166 372 86
874 166 100
166 874 99
578 167 88
167 578 100
337 168 95
168 337 90
426 168 98
168 426 100
486 168 97
168 486 93
720 168 94
168 720 85
769 168 95
168 769 97
822 168 100
168 822 82
948 168 82
168 948 100
658 169 95
169 658 91
861 169 95
169 861 95
272 170 99
170 272 100
365 170 100
170 365 97
467 170 100
170 467 100
359 171 100
171 359 93
404 171 100
171 404 100
457 171 95
171 457 99
15 172 85
172 15 99
350 172 98
172 350 92
767 172 89
172 767 93
893 172 96
172 893 94
495 173 85
173 495 89
28 174 97
174 28 100
262 174 100
174 262 94
298 174 95
174 298 96
629 175 100
175 629 97
149 176 90
176 149 82
325 176 82
176 325 96
409 176 89
176 409 91
436 176 100
176 436 86
565 176 100
176 565 90
854 176 91
176 854 100
252 177 91
177 252 89
289 177 94
177 289 100
546 177 95
177 546 95
761 177 78
177 761 98
377 178 100
178 377 92
460 178 99
178 460 100
600 178 95
178 600 94
645 178 100
178 645 99
803 178 91
178 803 87
916 178 89
178 916 94
781 179 100
179 781 97
804 179 97
179 804 96
42 180 88
180 42 100
108 180 100
180 108 89
254 180 100
180 254 100
441 180 81
180 441 97
999 180 97
180 999 95
452 181 97
181 452 100
536 181 95
181 536 93
912 181 95
181 912 97
39 182 85
182 39 98
479 182 96
182 479 94
761 182 98
182 761 88
960 182 97
182 960 96
174 183 91
183 174 100
308 183 96
183 308 86
946 183 86
183 946 92
140 185 93
185 140 97
451 185 93
185 451 96
798 185 93
185 798 100
600 186 94
186 600 92
835 186 95
186 835 100
287 187 97
187 287 94
503 187 97
187 503 100
644 187 95
187 644 99
727 187 85
187 727 100
876 187 100
187 876 96
268 188 94
188 268 94
574 188 97
188 574 99
731 188 100
188 731 97
211 190 100
190 211 98
249 190 96
190 249 91
508 190 86
190 508 97
612 191 99
191 612 91
892 191 100
191 892 96
72 192 90
192 72 93
653 192 100
192 653 88
747 193 100
193 747 93
166 194 100
194 166 100
426 194 95
194 426 96
459 194 92
194 459 95
890 194 95
194 890 100
74 195 96
195 74 96
458 195 88
195 458 82
267 196 93
196 267 95
434 196 100
196 434 86
823 196 100
196 823 95
888 196 93
196 888 91
364 197 91
197 364 85
634 197 91
197 634 94
285 198 96
198 285 95
795 198 89
198 795 91
840 198 94
198 840 89
988 198 95
198 988 95
981 199 96
199 981 100
508 200 95
200 508 84
44 201 95
201 44 100
268 201 100
201 268 100
156 202 95
202 156 100
347 202 96
202 347 100
747 202 96
202 747 93
100 203 95
203 100 92
359 203 95
203 359 99
416 203 85
203 416 98
839 203 91
203 839 92
232 204 96
204 232 85
601 204 96
204 601 95
632 204 100
204 632 88
954 204 66
204 954 97
971 205 93
205 971 100
48 206 86
206 48 100
848 206 96
206 848 100
949 206 93
206 949 91
500 207 95
207 500 100
888 207 96
207 888 100
956 207 96
207 956 93
951 208 92
208 951 89
278 209 95
209 278 100
532 209 100
209 532 97
583 209 96
209 583 95
907 209 96
209 907 93
102 210 100
210 102 97
343 210 91
210 343 89
8 211 93
211 8 99
128 212 100
212 128 99
269 212 100
212 269 96
713 212 96
212 713 100
568 213 95
213 568 96
207 214 99
214 207 96
233 214 92
214 233 100
518 215 89
215 518 100
734 216 100
216 734 97
135 217 95
217 135 91
605 217 95
217 605 96
613 217 94
217 613 91
821 217 100
217 821 85
927 217 78
217 927 99
581 218 100
218 581 100
675 218 98
218 675 86
7 219 96
219 7 91
525 219 97
219 525 98
561 219 95
219 561 98
375 220 86
220 375 93
801 220 96
220 801 94
971 220 90
220 971 98
192 221 93
221 192 99
556 221 100
221 556 98
913 221 93
221 913 94
182 222 97
222 182 93
359 222 97
222 359 96
147 223 95
223 147 99
213 223 97
223 213 95
381 223 78
223 381 98
451 223 88
223 451 93
736 224 93
224 736 90
756 224 94
224 756 100
971 224 100
224 971 98
239 225 99
225 239 100
438 225 100
225 438 96
558 225 96
225 558 95
715 225 95
225 715 100
956 225 99
225 956 100
475 226 97
226 475 100
620 226 100
226 620 100
903 226 100
226 903 88
17 227 94
227 17 100
842 227 93
227 842 97
76 228 100
228 76 94
119 228 99
228 119 92
245 228 93
228 245 100
357 228 98
228 357 91
478 228 100
228 478 96
896 228 99
228 896 93
695 229 98
229 695 93
38 230 96
230 38 89
443 230 90
230 443 100
478 230 100
230 478 84
659 230 93
230 659 95
775 230 94
230 775 86
887 230 96
230 887 94
951 230 79
230 951 90
71 231 93
231 71 78
256 231 99
231 256 95
416 231 95
231 416 91
968 231 92
231 968 100
984 231 86
231 984 99
115 232 97
232 115 90
627 232 95
232 627 93
464 233 89
233 464 95
492 233 83
233 492 95
58 234 96
234 58 100
785 234 98
234 785 93
192 235 100
235 192 89
265 235 97
235 265 96
659 235 95
235 659 98
959 235 87
235 959 100
782 236 90
236 782 96
269 237 100
237 269 98
422 237 91
237 422 98
494 237 98
237 494 94
599 237 96
237 599 100
67 238 95
238 67 96
243 238 98
238 243 96
597 238 98
238 597 95
717 238 97
238 717 100
204 239 90
239 204 95
804 239 88
239 804 94
827 239 91
239 827 100
870 239 97
239 870 93
467 240 97
240 467 97
542 240 95
240 542 100
575 240 100
240 575 100
712 240 92
240 712 96
250 241 100
241 250 89
275 242 96
242 275 100
292 242 100
242 292 91
377 242 100
242 377 100
410 242 97
242 410 100
644 242 100
242 644 97
851 242 86
242 851 95
196 243 96
243 196 84
221 243 95
243 221 96
272 243 100
243 272 100
443 243 97
243 443 91
453 243 88
243 453 93
204 244 93
244 204 94
259 244 100
244 259 99
553 245 95
245 553 96
396 246 98
246 396 85
634 246 96
246 634 99
154 247 94
247 154 95
805 247 86
247 805 90
882 247 94
247 882 99
67 248 100
248 67 92
140 248 93
248 140 96
963 248 95
248 963 99
65 249 100
249 65 88
428 249 95
249 428 97
901 249 93
249 901 100
138 250 98
250 138 96
334 250 99
250 334 89
414 250 90
250 414 92
103 251 100
251 103 98
201 251 95
251 201 100
416 251 95
251 416 95
464 251 92
251 464 91
538 252 100
252 538 99
565 252 96
252 565 99
587 252 98
252 587 98
600 252 92
252 600 92
837 252 98
252 837 88
953 252 93
252 953 93
989 252 100
252 989 92
175 253 100
253 175 92
822 253 92
253 822 89
830 253 89
253 830 100
318 254 98
254 318 98
850 254 98
254 850 93
975 254 91
254 975 94
121 255 97
255 121 90
558 255 92
255 558 97
720 255 89
255 720 91
862 255 100
255 862 89
91 256 92
256 91 95
820 256 100
256 820 92
127 257 95
257 127 93
675 257 72
257 675 91
300 258 100
258 300 100
324 259 95
259 324 92
124 260 100
260 124 95
459 260 100
260 459 97
569 260 90
260 569 98
868 261 100
261 868 100
956 261 98
261 956 87
605 262 87
262 605 99
154 263 93
263 154 100
242 263 94
263 242 100
512 263 94
263 512 90
773 263 96
263 773 89
13 264 97
264 13 100
232 264 92
264 232 82
417 264 100
264 417 95
30 265 95
265 30 89
402 265 92
265 402 90
553 265 94
265 553 95
632 265 85
265 632 98
713 265 93
265 713 91
998 265 97
265 998 96
217 266 92
266 217 89
602 266 97
266 602 84
197 268 97
268 197 88
287 268 93
268 287 87
546 268 100
268 546 100
588 268 95
268 588 91
590 268 87
268 590 100
619 268 95
268 619 95
642 268 98
268 642 93
668 268 93
268 668 96
681 268 97
268 681 92
983 268 83
268 983 98
200 269 98
269 200 91
932 269 94
269 932 96
13 270 99
270 13 98
11 271 98
271 11 94
115 271 88
271 115 95
349 271 90
271 349 95
673 271 99
271 673 84
694 271 99
271 694 97
980 271 95
271 980 92
192 272 95
272 192 95
459 272 100
272 459 98
861 272 98
272 861 100
643 273 96
273 643 100
260 274 95
274 260 99
262 274 89
274 262 100
342 274 99
274 342 97
579 274 97
274 579 95
664 274 99
274 664 84
424 275 97
275 424 93
792 275 93
275 792 100
297 276 93
276 297 100
532 276 96
276 532 96
27 277 91
277 27 96
204 277 100
277 204 97
214 277 96
277 214 100
251 277 93
277 251 100
484 277 92
277 484 92
526 277 97
277 526 92
564 277 94
277 564 89
607 277 96
277 607 89
748 278 90
278 748 100
996 278 97
278 996 95
29 279 88
279 29 100
247 279 99
279 247 97
409 279 96
279 409 100
573 279 96
279 573 95
82 280 92
280 82 89
154 280 95
280 154 81
200 280 94
280 200 91
711 280 90
280 711 96
930 281 91
281 930 100
18 282 81
282 18 100
183 282 92
282 183 81
744 282 94
282 744 96
990 282 100
282 990 90
48 283 95
283 48 89
670 283 97
283 670 100
884 283 100
283 884 96
913 283 92
283 913 91
108 284 100
284 108 95
412 284 86
284 412 89
446 284 98
284 446 99
518 284 92
284 518 95
599 284 89
284 599 93
734 284 95
284 734 95
150 285 94
285 150 98
270 285 92
285 270 92
426 285 100
285 426 98
512 285 96
285 512 90
738 285 92
285 738 100
766 285 94
285 766 96
886 285 99
285 886 85
240 286 95
286 240 96
457 286 95
286 457 95
995 286 98
286 995 80
323 287 84
287 323 90
987 287 95
287 987 95
159 288 95
288 159 92
338 288 100
288 338 91
450 288 87
288 450 100
542 288 95
288 542 94
747 288 100
288 747 100
968 288 91
288 968 92
926 289 99
289 926 96
5 290 95
290 5 100
98 291 90
291 98 91
362 291 96
291 362 97
14 292 97
292 14 90
185 292 98
292 185 95
479 292 89
292 479 95
714 292 97
292 714 99
890 292 95
292 890 93
714 293 100
293 714 99
911 293 94
293 911 100
100 294 95
294 100 89
330 294 100
294 330 100
367 294 96
294 367 100
392 294 95
294 392 93
620 294 90
294 620 96
234 295 99
295 234 100
324 295 92
295 324 100
458 295 95
295 458 96
30 296 97
296 30 90
750 296 100
296 750 98
252 297 94
297 252 91
546 297 100
297 546 100
267 298 95
298 267 97
481 298 98
298 481 95
612 298 83
298 612 98
944 298 94
298 944 90
985 298 90
298 985 94
995 298 88
298 995 91
68 299 100
299 68 95
169 299 100
299 169 97
606 299 100
299 606 96
949 299 89
299 949 98
898 300 100
300 898 98
137 301 85
301 137 91
235 301 89
301 235 98
190 302 95
302 190 93
362 302 93
302 362 91
11 303 96
303 11 100
463 303 97
303 463 99
495 303 100
303 495 93
815 303 97
303 815 100
140 304 93
304 140 98
211 304 100
304 211 97
239 304 94
304 239 92
511 304 100
304 511 96
557 305 93
305 557 96
775 305 100
305 775 96
823 305 96
305 823 100
844 305 96
305 844 93
266 306 96
306 266 86
391 306 91
306 391 95
436 306 92
306 436 97
440 306 94
306 440 96
560 306 97
306 560 88
76 307 91
307 76 92
77 307 89
307 77 97
378 307 84
307 378 90
762 307 97
307 762 88
806 307 100
307 806 98
965 307 99
307 965 90
971 307 94
307 971 96
359 309 93
309 359 94
566 309 88
309 566 96
806 310 97
310 806 96
350 311 91
311 350 100
675 311 91
311 675 95
838 311 100
311 838 100
298 312 91
312 298 96
300 312 84
312 300 94
303 312 95
312 303 93
684 312 98
312 684 91
949 312 96
312 949 95
122 313 94
313 122 100
478 313 90
313 478 100
480 313 99
313 480 97
722 313 91
313 722 90
67 314 91
314 67 95
627 314 96
314 627 95
965 314 93
314 965 91
20 315 89
315 20 93
104 315 98
315 104 100
495 315 95
315 495 92
823 315 89
315 823 100
755 316 100
316 755 100
536 317 95
317 536 100
732 317 93
317 732 99
832 317 99
317 832 93
454 318 91
318 454 100
477 318 95
318 477 94
927 318 91
318 927 97
268 319 94
319 268 92
433 319 97
319 433 100
542 319 86
319 542 100
536 320 93
320 536 96
644 320 97
320 644 95
797 320 96
320 797 99
955 320 95
320 955 93
962 320 100
320 962 100
83 321 100
321 83 100
132 321 87
321 132 91
301 321 80
321 301 92
469 321 95
321 469 100
555 321 98
321 555 95
572 321 93
321 572 96
691 321 96
321 691 97
929 322 98
322 929 74
270 323 91
323 270 96
374 323 85
323 374 98
567 323 100
323 567 88
568 323 96
323 568 96
841 323 100
323 841 95
887 323 94
323 887 88
936 323 94
323 936 92
163 324 98
324 163 89
237 324 81
324 237 100
354 324 100
324 354 82
528 324 95
324 528 93
657 324 85
324 657 97
676 324 95
324 676 95
835 324 97
324 835 97
18 325 79
325 18 96
516 325 91
325 516 100
813 325 92
325 813 93
870 325 93
325 870 100
958 325 91
325 958 91
65 326 92
326 65 99
154 326 91
326 154 100
984 326 96
326 984 92
265 327 100
327 265 98
697 328 100
328 697 93
699 328 97
328 699 97
402 329 99
329 402 90
429 329 98
329 429 100
465 329 92
329 465 96
468 329 87
329 468 89
50 330 94
330 50 90
921 330 96
330 921 87
57 331 100
331 57 93
104 331 95
331 104 93
796 331 98
331 796 99
801 331 99
331 801 94
77 332 100
332 77 93
86 332 96
332 86 100
512 332 95
332 512 100
888 332 86
332 888 94
59 333 92
333 59 95
133 333 100
333 133 93
452 334 86
334 452 95
488 334 99
334 488 95
581 334 93
334 581 85
760 334 96
334 760 92
878 334 97
334 878 95
29 335 100
335 29 100
567 335 90
335 567 94
597 335 96
335 597 100
613 335 91
335 613 90
839 335 95
335 839 93
239 336 95
336 239 100
91 337 87
337 91 88
845 337 91
337 845 81
929 338 96
338 929 93
115 339 74
339 115 90
760 339 90
339 760 96
846 339 92
339 846 96
186 340 89
340 186 97
239 340 90
340 239 97
728 340 100
340 728 84
419 341 96
341 419 96
593 341 92
341 593 94
923 341 98
341 923 94
51 342 97
342 51 89
184 342 98
342 184 98
703 342 93
342 703 95
405 343 97
343 405 97
48 344 100
344 48 94
143 344 93
344 143 93
197 344 94
344 197 100
109 345 96
345 109 82
296 345 85
345 296 98
325 345 87
345 325 97
784 345 92
345 784 92
178 346 83
346 178 94
702 346 98
346 702 89
775 346 88
346 775 91
912 346 96
346 912 84
353 347 92
347 353 93
764 347 86
347 764 100
573 348 94
348 573 97
601 348 99
348 601 100
604 348 100
348 604 100
640 348 99
348 640 93
762 348 94
348 762 97
876 348 100
348 876 93
877 348 90
348 877 95
23 349 100
349 23 99
180 349 95
349 180 96
263 349 100
349 263 100
703 349 95
349 703 95
768 349 96
349 768 94
219 350 88
350 219 96
351 350 91
350 351 100
646 351 92
351 646 100
732 351 93
351 732 90
187 352 94
352 187 91
205 352 93
352 205 85
282 352 95
352 282 100
362 352 100
352 362 90
598 352 89
352 598 86
719 352 95
352 719 81
509 353 97
353 509 89
614 353 92
353 614 97
734 353 90
353 734 95
821 354 95
354 821 97
841 354 100
354 841 100
532 355 96
355 532 93
611 355 97
355 611 96
615 355 95
355 615 99
814 355 99
355 814 80
833 355 89
355 833 100
885 355 92
355 885 99
371 356 94
356 371 90
411 356 100
356 411 86
944 356 92
356 944 97
991 356 86
356 991 95
1 357 98
357 1 96
457 358 95
358 457 98
409 359 92
359 409 96
559 359 94
359 559 94
112 360 93
360 112 93
636 360 97
360 636 98
750 360 95
360 750 95
769 360 88
360 769 92
924 360 93
360 924 92
961 360 92
360 961 99
234 361 96
361 234 95
491 361 94
361 491 87
692 361 80
361 692 100
377 362 100
362 377 95
696 362 100
362 696 98
745 362 88
362 745 92
997 362 97
362 997 99
120 363 100
363 120 96
272 363 98
363 272 100
704 363 100
363 704 89
429 364 92
364 429 92
718 364 97
364 718 88
748 364 86
364 748 91
964 364 96
364 964 92
174 365 97
365 174 100
375 365 92
365 375 93
512 365 100
365 512 88
730 365 88
365 730 100
255 366 99
366 255 97
487 366 92
366 487 98
341 367 98
367 341 100
591 367 97
367 591 100
679 367 95
367 679 100
528 368 99
368 528 100
264 369 95
369 264 86
343 369 90
369 343 95
447 369 82
369 447 82
269 370 99
370 269 97
312 370 96
370 312 97
442 370 94
370 442 98
545 370 95
370 545 92
794 370 95
370 794 100
550 371 95
371 550 90
567 371 97
371 567 92
587 371 97
371 587 90
122 372 99
372 122 85
158 372 99
372 158 91
700 372 89
372 700 100
975 372 93
372 975 96
54 373 95
373 54 100
442 373 91
373 442 97
761 373 100
373 761 98
253 374 100
374 253 93
663 374 89
374 663 76
228 375 98
375 228 88
297 375 88
375 297 90
550 375 94
375 550 95
573 375 96
375 573 92
891 375 93
375 891 98
988 375 91
375 988 96
626 376 81
376 626 98
967 376 97
376 967 96
933 377 98
377 933 95
68 378 99
378 68 99
311 378 93
378 311 98
177 379 87
379 177 100
205 379 97
379 205 93
721 379 95
379 721 97
818 379 100
379 818 97
939 379 95
379 939 95
287 380 84
380 287 91
471 380 91
380 471 95
631 380 93
380 631 96
739 380 90
380 739 87
780 380 85
380 780 85
787 380 98
380 787 97
749 381 97
381 749 93
804 381 95
381 804 91
230 382 91
382 230 98
458 382 95
382 458 92
544 382 94
382 544 100
910 382 97
382 910 100
254 383 100
383 254 95
376 384 87
384 376 99
525 384 97
384 525 90
628 384 97
384 628 95
8 385 100
385 8 100
154 385 92
385 154 89
175 385 96
385 175 100
267 385 95
385 267 95
278 385 95
385 278 100
749 385 94
385 749 98
157 386 100
386 157 94
346 386 100
386 346 89
679 386 92
386 679 97
125 387 99
387 125 96
175 387 93
387 175 100
361 388 95
388 361 90
603 388 88
388 603 95
960 389 96
389 960 90
808 390 96
390 808 99
953 390 96
390 953 89
512 391 98
391 512 94
641 391 97
391 641 100
968 393 95
393 968 95
69 394 98
394 69 96
8 395 83
395 8 96
58 395 81
395 58 89
329 395 94
395 329 95
441 395 91
395 441 93
602 395 98
395 602 95
115 396 100
396 115 87
296 396 100
396 296 89
325 396 87
396 325 93
919 396 91
396 919 97
496 397 97
397 496 82
57 398 90
398 57 94
422 398 100
398 422 91
454 398 96
398 454 87
610 398 89
398 610 91
652 398 89
398 652 91
800 399 99
399 800 90
991 399 87
399 991 96
996 399 94
399 996 100
271 400 96
400 271 90
929 400 87
400 929 97
984 400 88
400 984 100
990 401 90
401 990 90
68 402 100
402 68 100
198 402 97
402 198 81
615 402 88
402 615 100
655 402 89
402 655 93
869 402 94
402 869 93
73 403 93
403 73 98
138 403 100
403 138 99
712 403 98
403 712 96
801 403 91
403 801 100
829 403 95
403 829 100
940 403 97
403 940 97
638 405 100
405 638 100
991 405 97
405 991 99
537 407 100
407 537 91
585 407 96
407 585 91
643 407 92
407 643 90
671 407 82
407 671 99
674 407 96
407 674 100
905 407 100
407 905 91
72 408 95
408 72 93
167 408 99
408 167 100
349 408 96
408 349 99
413 408 100
408 413 97
81 409 92
409 81 99
910 409 98
409 910 99
951 409 80
409 951 94
303 410 93
410 303 100
497 410 94
410 497 94
198 411 86
411 198 96
767 411 94
411 767 87
6 412 82
412 6 100
250 412 95
412 250 81
303 412 95
412 303 93
693 412 91
412 693 89
892 412 92
412 892 97
453 413 97
413 453 100
464 414 86
414 464 92
970 414 90
414 970 77
161 415 91
415 161 100
291 415 95
415 291 98
363 415 93
415 363 96
398 415 91
415 398 96
496 415 95
415 496 92
425 416 100
416 425 95
676 416 91
416 676 92
928 416 88
416 928 97
329 418 91
418 329 92
387 418 92
418 387 97
573 419 91
419 573 100
666 419 100
419 666 87
711 419 100
419 711 85
904 419 87
419 904 91
182 420 93
420 182 90
564 420 94
420 564 98
79 421 92
421 79 82
112 421 85
421 112 95
547 421 92
421 547 92
745 421 94
421 745 95
795 421 87
421 795 91
864 421 81
421 864 81
881 421 92
421 881 88
3 422 87
422 3 99
77 422 85
422 77 90
562 422 100
422 562 95
412 423 100
423 412 95
830 423 95
423 830 95
460 424 98
424 460 89
992 424 98
424 992 100
211 425 98
425 211 100
251 425 93
425 251 96
298 425 87
425 298 85
221 426 93
426 221 100
291 426 94
426 291 85
580 426 100
426 580 100
614 426 92
426 614 93
550 427 100
427 550 98
834 427 95
427 834 96
888 427 99
427 888 95
932 427 100
427 932 95
386 428 100
428 386 97
440 428 94
428 440 98
520 428 91
428 520 98
966 428 87
428 966 100
19 429 93
429 19 93
70 429 97
429 70 92
761 429 98
429 761 89
897 429 95
429 897 95
429 430 89
430 429 100
290 431 100
431 290 100
339 431 100
431 339 93
828 431 96
431 828 100
27 433 92
433 27 100
64 433 96
433 64 95
202 433 100
433 202 92
347 433 100
433 347 92
619 433 97
433 619 100
506 434 100
434 506 95
37 435 100
435 37 100
394 435 99
435 394 100
40 436 96
436 40 100
93 436 99
436 93 89
211 436 95
436 211 97
247 436 100
436 247 96
939 436 95
436 939 100
316 437 94
437 316 92
396 437 84
437 396 93
444 437 91
437 444 87
954 437 93
437 954 82
141 438 100
438 141 100
967 438 100
438 967 97
191 439 98
439 191 95
281 439 95
439 281 96
653 439 93
439 653 95
885 439 91
439 885 96
969 439 96
439 969 99
35 440 96
440 35 90
177 440 89
440 177 98
560 440 92
440 560 100
599 440 98
440 599 97
731 440 93
440 731 75
912 440 97
440 912 89
127 441 93
441 127 97
679 441 94
441 679 95
61 442 95
442 61 94
282 442 93
442 282 93
502 442 94
442 502 98
762 442 96
442 762 100
902 442 92
442 902 100
930 442 98
442 930 94
216 443 93
443 216 94
491 443 86
443 491 100
730 443 97
443 730 93
925 443 95
443 925 92
313 444 98
444 313 87
653 444 92
444 653 97
706 444 86
444 706 100
985 444 100
444 985 87
988 444 93
444 988 100
11 445 100
445 11 100
186 445 95
445 186 100
194 445 91
445 194 92
318 445 95
445 318 98
338 445 100
445 338 95
552 445 100
445 552 98
954 446 99
446 954 89
109 447 100
447 109 95
551 447 94
447 551 97
567 447 93
447 567 94
857 447 100
447 857 94
280 448 100
448 280 94
330 449 93
449 330 96
335 449 100
449 335 100
804 449 91
449 804 99
533 450 98
450 533 100
565 450 90
450 565 100
586 450 91
450 586 98
628 450 100
450 628 100
784 450 99
450 784 98
890 450 100
450 890 100
157 451 96
451 157 89
350 451 89
451 350 83
468 451 92
451 468 96
853 451 88
451 853 97
937 451 96
451 937 91
24 452 86
452 24 100
140 453 98
453 140 93
284 453 86
453 284 92
983 453 95
453 983 90
671 454 98
454 671 88
11 455 88
455 11 89
50 455 95
455 50 100
95 455 82
455 95 81
188 456 94
456 188 97
281 456 93
456 281 100
468 456 97
456 468 92
557 456 98
456 557 94
400 457 89
457 400 100
616 457 91
457 616 99
755 457 99
457 755 91
779 457 98
457 779 97
924 457 97
457 924 91
40 458 86
458 40 98
95 458 86
458 95 75
162 458 93
458 162 93
198 458 82
458 198 95
394 458 90
458 394 81
428 458 75
458 428 90
920 458 96
458 920 92
185 459 97
459 185 94
642 459 91
459 642 88
820 459 99
459 820 91
30 460 95
460 30 96
79 460 97
460 79 93
229 460 93
460 229 92
73 461 96
461 73 93
357 462 98
462 357 92
513 462 97
462 513 94
710 462 100
462 710 100
227 463 96
463 227 94
379 463 99
463 379 99
657 463 84
463 657 90
854 463 90
463 854 96
886 463 95
463 886 97
67 464 86
464 67 96
856 464 96
464 856 89
513 465 98
465 513 90
596 465 100
465 596 92
680 465 87
465 680 99
932 465 93
465 932 98
371 466 90
466 371 91
123 467 100
467 123 98
613 467 95
467 613 91
664 467 100
467 664 100
140 468 96
468 140 94
633 468 87
468 633 90
169 469 97
469 169 96
806 469 90
469 806 97
560 470 90
470 560 89
377 471 98
471 377 100
489 471 96
471 489 95
605 471 90
471 605 94
3 472 96
472 3 100
140 472 100
472 140 96
442 472 98
472 442 96
741 472 90
472 741 96
980 472 99
472 980 96
355 473 95
473 355 100
811 473 98
473 811 94
951 473 89
473 951 95
250 474 92
474 250 97
617 474 94
474 617 100
684 474 100
474 684 96
980 474 93
474 980 97
38 475 88
475 38 100
583 475 100
475 583 100
612 475 100
475 612 86
956 475 87
475 956 100
76 476 94
476 76 100
249 476 97
476 249 98
752 476 98
476 752 100
708 477 99
477 708 89
160 479 93
479 160 99
280 479 96
479 280 72
695 479 76
479 695 96
640 480 96
480 640 100
183 481 96
481 183 97
240 482 89
482 240 99
734 482 92
482 734 94
794 482 92
482 794 100
467 483 100
483 467 97
591 483 91
483 591 100
795 483 83
483 795 82
873 483 96
483 873 84
83 484 95
484 83 94
196 484 94
484 196 94
251 484 94
484 251 95
410 484 89
484 410 91
848 484 96
484 848 90
279 486 94
486 279 100
522 486 99
486 522 95
527 486 95
486 527 96
805 486 93
486 805 87
951 486 88
486 951 89
183 487 91
487 183 100
509 487 92
487 509 94
998 487 100
487 998 97
81 488 91
488 81 95
394 488 90
488 394 91
572 488 100
488 572 94
670 488 92
488 670 100
710 488 98
488 710 94
736 488 98
488 736 89
960 488 100
488 960 96
301 489 83
489 301 97
703 489 100
489 703 95
747 489 98
489 747 92
968 489 90
489 968 90
22 490 93
490 22 100
105 490 100
490 105 90
925 490 98
490 925 95
935 490 100
490 935 96
80 491 100
491 80 100
567 491 94
491 567 90
789 491 96
491 789 96
323 492 92
492 323 84
893 492 92
492 893 97
107 493 93
493 107 94
296 493 98
493 296 98
449 493 90
493 449 97
750 493 97
493 750 95
223 494 89
494 223 100
588 494 96
494 588 95
726 494 97
494 726 98
999 494 91
494 999 84
230 495 81
495 230 93
896 495 93
495 896 95
992 495 83
495 992 91
17 496 92
496 17 95
345 496 90
496 345 93
775 496 99
496 775 92
700 497 96
497 700 96
215 498 100
498 215 100
618 498 91
498 618 100
630 498 100
498 630 100
879 498 98
498 879 95
677 499 98
499 677 94
13 500 100
500 13 94
142 500 98
500 142 85
224 500 90
500 224 88
259 500 89
500 259 98
432 500 96
500 432 92
458 500 81
500 458 99
474 500 91
500 474 97
604 500 90
500 604 93
53 501 100
501 53 100
463 501 89
501 463 100
518 501 95
501 518 88
668 501 92
501 668 96
831 501 99
501 831 92
119 502 96
502 119 100
197 502 97
502 197 99
238 502 88
502 238 96
527 502 96
502 527 98
194 503 91
503 194 96
418 503 97
503 418 91
444 503 99
503 444 98
618 503 90
503 618 88
841 503 96
503 841 84
269 504 96
504 269 85
552 504 95
504 552 100
627 504 89
504 627 93
673 504 93
504 673 84
684 504 88
504 684 86
742 504 95
504 742 89
871 504 87
504 871 87
531 505 97
505 531 100
992 505 93
505 992 91
282 506 92
506 282 100
14 507 90
507 14 95
249 507 88
507 249 80
366 507 99
507 366 99
531 507 96
507 531 99
14 508 97
508 14 86
379 508 87
508 379 100
660 508 94
508 660 97
116 509 90
509 116 94
280 509 82
509 280 90
356 509 93
509 356 91
365 509 87
509 365 93
608 509 89
509 608 97
140 510 94
510 140 100
377 510 92
510 377 100
590 510 100
510 590 95
755 510 100
510 755 97
340 511 100
511 340 96
97 512 89
512 97 100
502 512 80
512 502 98
600 512 99
512 600 81
605 512 98
512 605 93
99 513 100
513 99 100
336 513 94
513 336 96
361 513 91
513 361 98
374 513 91
513 374 90
110 514 93
514 110 99
984 514 100
514 984 100
445 515 100
515 445 94
776 515 100
515 776 92
995 515 85
515 995 100
554 516 97
516 554 100
121 517 86
517 121 92
570 517 95
517 570 96
666 517 93
517 666 89
987 517 95
517 987 92
53 518 98
518 53 100
559 518 94
518 559 99
866 518 93
518 866 95
257 519 89
519 257 97
288 519 97
519 288 93
649 519 96
519 649 99
135 520 99
520 135 100
444 520 88
520 444 100
181 521 98
521 181 100
189 521 98
521 189 95
702 521 93
521 702 100
37 522 100
522 37 91
394 522 100
522 394 100
508 522 93
522 508 97
764 522 92
522 764 90
887 522 97
522 887 96
244 523 96
523 244 99
915 524 94
524 915 96
979 524 96
524 979 98
278 525 96
525 278 94
375 525 96
525 375 88
936 525 100
525 936 88
70 526 95
526 70 99
615 527 94
527 615 93
874 528 98
528 874 100
950 528 97
528 950 90
300 529 100
529 300 96
706 529 87
529 706 96
328 530 98
530 328 95
365 530 86
530 365 95
471 530 94
530 471 96
605 530 96
530 605 87
637 530 97
530 637 92
239 531 90
531 239 92
89 532 100
532 89 95
241 532 99
532 241 92
676 532 92
532 676 99
647 533 100
533 647 100
218 534 97
534 218 93
411 534 90
534 411 94
827 534 100
534 827 100
224 535 91
535 224 97
639 535 91
535 639 93
689 535 98
535 689 100
724 535 89
535 724 90
773 535 100
535 773 97
178 536 95
536 178 92
231 536 91
536 231 100
249 536 96
536 249 96
223 537 96
537 223 97
859 537 100
537 859 100
4 538 95
538 4 76
678 538 96
538 678 96
951 538 97
538 951 96
994 538 100
538 994 94
143 539 95
539 143 91
689 539 96
539 689 100
367 540 98
540 367 96
440 540 98
540 440 88
855 540 94
540 855 96
25 541 98
541 25 95
432 541 100
541 432 100
655 542 76
542 655 94
213 543 96
543 213 98
832 543 83
543 832 97
122 544 84
544 122 99
991 544 91
544 991 92
137 545 94
545 137 82
381 546 92
546 381 95
407 547 92
547 407 85
369 548 94
548 369 96
451 548 95
548 451 95
643 548 92
548 643 98
764 548 93
548 764 92
283 549 95
549 283 96
786 549 100
549 786 100
928 549 100
549 928 88
148 551 97
551 148 83
485 551 95
551 485 93
638 551 91
551 638 86
749 551 84
551 749 88
847 551 83
551 847 89
189 552 100
552 189 100
665 552 100
552 665 100
215 554 100
554 215 96
223 554 93
554 223 96
444 554 99
554 444 90
816 554 93
554 816 98
334 555 81
555 334 89
822 555 87
555 822 87
921 555 91
555 921 97
990 555 90
555 990 95
599 556 98
556 599 91
169 557 97
557 169 100
197 557 93
557 197 91
832 557 89
557 832 85
860 557 98
557 860 94
4 558 99
558 4 96
50 558 96
558 50 92
469 558 95
558 469 97
106 559 97
559 106 91
406 559 98
559 406 100
880 559 84
559 880 91
953 559 84
559 953 79
54 560 83
560 54 100
725 560 97
560 725 73
283 562 96
562 283 92
418 563 94
563 418 95
510 563 87
563 510 95
625 563 94
563 625 100
635 563 95
563 635 88
643 563 99
563 643 97
655 563 86
563 655 86
664 563 89
563 664 82
711 565 91
565 711 100
106 566 96
566 106 100
184 566 98
566 184 100
308 566 98
566 308 100
350 566 77
566 350 97
813 566 92
566 813 97
46 567 91
567 46 84
920 567 94
567 920 92
987 567 93
567 987 96
360 568 98
568 360 100
579 568 99
568 579 96
738 568 100
568 738 96
340 569 99
569 340 98
805 569 90
569 805 96
947 569 82
569 947 87
404 570 100
570 404 99
959 570 99
570 959 91
49 571 97
571 49 100
508 572 92
572 508 96
667 572 100
572 667 94
18 573 97
573 18 97
303 573 93
573 303 96
356 573 96
573 356 95
533 573 100
573 533 94
740 573 90
573 740 93
143 575 95
575 143 91
235 575 96
575 235 93
515 576 98
576 515 89
630 576 93
576 630 100
726 576 97
576 726 92
900 576 100
576 900 94
932 576 97
576 932 100
938 576 93
576 938 100
986 576 89
576 986 91
66 577 96
577 66 97
239 577 82
577 239 99
389 577 96
577 389 98
558 577 93
577 558 92
751 577 95
577 751 95
79 578 82
578 79 90
248 578 96
578 248 95
413 578 89
578 413 90
448 578 100
578 448 100
27 579 95
579 27 92
604 579 99
579 604 89
847 579 95
579 847 94
30 580 99
580 30 99
1 581 88
581 1 95
224 581 93
581 224 92
232 581 92
581 232 90
247 581 85
581 247 95
437 581 99
581 437 97
667 581 100
581 667 96
695 581 97
581 695 84
353 582 98
582 353 97
597 582 100
582 597 96
987 582 100
582 987 98
130 583 96
583 130 94
774 583 95
583 774 100
895 583 96
583 895 99
100 584 92
584 100 96
754 584 95
584 754 95
777 584 100
584 777 100
19 585 96
585 19 100
631 585 97
585 631 94
867 585 96
585 867 94
966 585 91
585 966 95
95 586 95
586 95 90
799 586 91
586 799 98
985 586 89
586 985 100
0 587 92
587 0 89
164 587 91
587 164 95
267 587 95
587 267 94
328 587 100
587 328 91
368 587 94
587 368 93
614 587 87
587 614 98
700 587 96
587 700 89
974 587 99
587 974 88
46 588 95
588 46 99
47 589 90
589 47 100
763 589 96
589 763 88
908 589 96
589 908 93
934 589 84
589 934 88
373 590 92
590 373 97
816 590 94
590 816 100
827 590 95
590 827 95
996 591 95
591 996 92
99 592 95
592 99 94
597 592 93
592 597 100
643 592 90
592 643 88
115 593 84
593 115 100
296 593 99
593 296 90
358 593 98
593 358 100
727 593 100
593 727 88
932 593 94
593 932 93
329 594 94
594 329 100
684 594 97
594 684 93
788 594 97
594 788 95
803 594 86
594 803 96
158 595 93
595 158 96
773 595 88
595 773 96
7 596 94
596 7 91
68 596 87
596 68 97
122 596 90
596 122 91
138 596 98
596 138 96
642 597 95
597 642 97
114 598 92
598 114 97
264 598 92
598 264 86
301 598 78
598 301 88
539 598 94
598 539 78
750 598 90
598 750 100
581 599 90
599 581 95
736 599 85
599 736 98
839 599 91
599 839 86
520 600 98
600 520 92
647 600 99
600 647 91
245 601 99
601 245 90
955 601 88
601 955 99
166 602 92
602 166 84
679 602 98
602 679 81
956 602 88
602 956 100
13 603 91
603 13 96
99 603 89
603 99 89
203 603 94
603 203 90
551 603 89
603 551 96
873 603 98
603 873 100
907 603 97
603 907 94
235 604 95
604 235 94
714 604 99
604 714 91
345 605 81
605 345 98
458 605 81
605 458 98
629 605 97
605 629 94
760 605 96
605 760 69
788 605 87
605 788 82
791 605 90
605 791 97
169 606 90
606 169 96
374 606 97
606 374 95
380 606 88
606 380 96
108 607 97
607 108 96
517 607 97
607 517 100
942 607 100
607 942 86
105 608 99
608 105 98
275 608 99
608 275 94
590 608 90
608 590 99
61 609 97
609 61 99
293 609 95
609 293 100
907 609 98
609 907 98
918 609 95
609 918 98
506 610 96
610 506 100
566 610 84
610 566 100
807 610 100
610 807 94
149 611 100
611 149 96
270 611 100
611 270 98
493 611 97
611 493 95
449 612 91
612 449 99
627 612 91
612 627 95
666 612 90
612 666 95
868 612 100
612 868 91
111 613 98
613 111 91
124 613 98
613 124 97
559 613 89
613 559 84
728 613 90
613 728 93
779 613 100
613 779 94
791 613 84
613 791 91
806 613 92
613 806 96
30 614 94
614 30 90
748 614 93
614 748 86
192 615 98
615 192 90
591 615 91
615 591 96
620 615 82
615 620 96
793 616 100
616 793 100
362 617 91
617 362 96
412 617 88
617 412 87
618 617 100
617 618 92
176 618 95
618 176 87
467 618 93
618 467 98
763 618 98
618 763 92
956 618 92
618 956 90
8 619 100
619 8 90
551 619 95
619 551 91
233 620 69
620 233 89
398 620 90
620 398 87
131 621 98
621 131 100
583 621 90
621 583 99
50 622 91
622 50 100
356 622 100
622 356 90
395 622 94
622 395 97
816 622 100
622 816 82
144 623 96
623 144 93
473 623 99
623 473 98
507 623 93
623 507 91
690 623 95
623 690 96
176 624 90
624 176 91
249 624 93
624 249 90
435 624 100
624 435 96
613 624 94
624 613 78
754 624 94
624 754 95
889 624 92
624 889 96
973 624 100
624 973 89
544 625 87
625 544 94
564 625 97
625 564 97
963 625 100
625 963 100
208 626 95
626 208 93
520 626 94
626 520 97
527 626 100
626 527 100
643 626 99
626 643 98
528 627 91
627 528 93
780 627 93
627 780 96
398 628 94
628 398 100
878 628 94
628 878 95
179 629 97
629 179 98
619 629 93
629 619 88
637 629 97
629 637 95
110 630 98
630 110 95
266 630 87
630 266 97
411 630 86
630 411 94
518 630 100
630 518 93
600 630 79
630 600 95
747 630 98
630 747 95
82 631 99
631 82 92
969 631 93
631 969 98
182 632 96
632 182 96
586 632 88
632 586 99
841 632 95
632 841 98
866 632 100
632 866 98
350 633 94
633 350 96
428 634 94
634 428 95
122 635 93
635 122 87
97 636 99
636 97 96
411 637 99
637 411 95
417 637 89
637 417 95
572 637 96
637 572 85
913 637 95
637 913 91
181 638 96
638 181 95
205 638 97
638 205 100
321 640 82
640 321 98
414 640 90
640 414 86
477 640 95
640 477 94
502 640 90
640 502 89
503 640 94
640 503 85
752 640 96
640 752 98
278 641 89
641 278 98
938 641 89
641 938 86
432 642 96
642 432 98
83 643 94
643 83 92
266 643 100
643 266 91
332 643 83
643 332 100
724 643 89
643 724 87
44 644 100
644 44 95
626 644 94
644 626 95
822 644 96
644 822 94
7 645 93
645 7 96
183 645 78
645 183 93
600 645 98
645 600 91
637 645 92
645 637 96
720 645 90
645 720 85
878 645 95
645 878 90
45 646 85
646 45 100
204 646 99
646 204 100
357 646 92
646 357 99
853 646 92
646 853 86
222 647 99
647 222 89
844 647 85
647 844 94
247 648 78
648 247 87
315 649 100
649 315 96
804 649 100
649 804 89
961 649 100
649 961 90
41 650 90
650 41 86
267 650 95
650 267 100
404 652 87
652 404 95
512 652 99
652 512 100
555 652 90
652 555 97
767 652 91
652 767 89
96 653 99
653 96 90
144 653 94
653 144 96
166 653 96
653 166 97
517 653 95
653 517 90
977 653 100
653 977 95
389 654 93
654 389 95
764 654 98
654 764 94
280 655 92
655 280 91
282 655 89
655 282 98
441 656 100
656 441 95
475 657 95
657 475 93
988 657 93
657 988 100
905 658 100
658 905 100
50 659 98
659 50 99
119 659 98
659 119 100
31 660 90
660 31 94
409 660 93
660 409 89
458 660 93
660 458 80
469 660 88
660 469 96
482 660 88
660 482 95
960 660 90
660 960 92
135 661 87
661 135 100
581 661 93
661 581 86
447 662 100
662 447 96
482 662 96
662 482 100
647 662 92
662 647 100
658 662 100
662 658 90
714 662 99
662 714 95
734 662 95
662 734 95
39 663 88
663 39 92
201 663 86
663 201 91
546 663 95
663 546 87
185 664 89
664 185 100
250 664 96
664 250 98
310 664 96
664 310 92
389 664 97
664 389 96
575 664 100
664 575 90
830 664 97
664 830 91
74 665 100
665 74 100
804 665 100
665 804 91
945 666 89
666 945 84
478 667 95
667 478 100
976 667 100
667 976 92
32 668 94
668 32 95
352 668 96
668 352 86
564 668 88
668 564 100
99 669 86
669 99 98
134 669 99
669 134 88
143 669 95
669 143 95
396 669 86
669 396 96
446 669 88
669 446 95
562 669 94
669 562 93
584 670 95
670 584 100
838 670 100
670 838 100
65 671 100
671 65 100
559 671 93
671 559 89
605 671 84
671 605 96
39 673 96
673 39 97
239 673 93
673 239 88
334 673 94
673 334 98
563 673 100
673 563 91
615 673 90
673 615 90
969 673 99
673 969 98
87 674 92
674 87 96
139 674 100
674 139 96
387 674 97
674 387 100
687 674 92
674 687 86
192 675 83
675 192 92
252 675 86
675 252 88
573 675 93
675 573 83
844 675 85
675 844 94
41 676 78
676 41 89
52 676 100
676 52 95
318 676 94
676 318 92
343 676 96
676 343 91
406 677 95
677 406 90
503 677 94
677 503 98
605 677 96
677 605 87
104 678 100
678 104 93
241 678 94
678 241 96
663 678 96
678 663 92
881 678 92
678 881 97
977 678 90
678 977 95
494 679 88
679 494 90
674 679 95
679 674 87
909 679 95
679 909 92
256 680 100
680 256 100
2 681 91
681 2 97
724 681 91
681 724 79
792 681 97
681 792 95
286 682 97
682 286 96
837 682 93
682 837 95
941 682 99
682 941 100
381 683 92
683 381 87
418 683 89
683 418 96
724 683 94
683 724 83
166 684 100
684 166 86
494 684 92
684 494 87
554 684 96
684 554 96
557 684 88
684 557 83
803 684 95
684 803 79
214 685 98
685 214 98
577 685 97
685 577 96
674 685 100
685 674 99
816 685 90
685 816 96
2 686 96
686 2 95
286 686 99
686 286 97
491 686 89
686 491 88
43 687 89
687 43 89
397 687 93
687 397 88
59 688 98
688 59 93
124 688 92
688 124 93
632 688 93
688 632 100
663 688 86
688 663 77
103 689 95
689 103 95
336 689 98
689 336 97
434 689 100
689 434 100
600 689 93
689 600 95
872 689 94
689 872 100
97 690 96
690 97 92
68 691 95
691 68 95
281 691 92
691 281 89
339 691 92
691 339 100
592 691 95
691 592 94
135 692 89
692 135 94
333 693 91
693 333 92
203 694 83
694 203 100
354 694 100
694 354 96
863 694 96
694 863 90
503 695 91
695 503 91
271 696 97
696 271 86
121 697 92
697 121 100
223 697 82
697 223 94
425 697 97
697 425 91
516 697 88
697 516 94
680 697 100
697 680 95
763 697 100
697 763 79
74 698 93
698 74 89
471 698 97
698 471 91
837 698 100
698 837 92
97 699 92
699 97 95
223 699 96
699 223 84
243 699 100
699 243 97
887 699 89
699 887 98
932 699 95
699 932 92
978 699 96
699 978 100
675 700 92
700 675 90
227 701 100
701 227 100
777 701 93
701 777 98
860 701 98
701 860 97
970 701 92
701 970 90
167 702 92
702 167 93
414 702 91
702 414 90
703 702 88
702 703 78
39 703 95
703 39 93
216 703 99
703 216 93
897 703 90
703 897 71
374 704 93
704 374 77
455 704 83
704 455 90
24 705 95
705 24 95
116 705 99
705 116 99
501 705 93
705 501 92
796 705 99
705 796 91
853 705 90
705 853 99
916 705 100
705 916 100
118 706 100
706 118 100
295 706 96
706 295 100
431 706 92
706 431 100
613 706 78
706 613 90
277 707 88
707 277 98
299 707 96
707 299 97
790 707 96
707 790 96
819 707 90
707 819 96
986 707 100
707 986 83
295 708 99
708 295 96
697 708 100
708 697 95
807 708 95
708 807 99
14 709 85
709 14 87
220 709 99
709 220 92
486 709 92
709 486 99
35 710 100
710 35 100
467 710 95
710 467 88
664 710 98
710 664 95
30 711 95
711 30 100
563 711 99
711 563 88
17 713 92
713 17 96
251 713 94
713 251 84
447 714 100
714 447 99
772 714 95
714 772 89
10 715 99
715 10 100
28 715 92
715 28 100
138 715 100
715 138 99
113 716 90
716 113 95
405 716 92
716 405 97
624 716 90
716 624 80
777 716 95
716 777 90
909 717 96
717 909 82
117 718 92
718 117 91
443 718 95
718 443 93
197 719 94
719 197 92
306 719 93
719 306 86
47 720 100
720 47 96
356 720 84
720 356 90
370 720 87
720 370 94
459 720 78
720 459 73
911 720 87
720 911 82
440 721 92
721 440 98
172 722 91
722 172 84
79 723 91
723 79 91
196 724 100
724 196 74
251 724 96
724 251 90
292 724 92
724 292 93
313 724 74
724 313 87
492 724 85
724 492 78
853 724 92
724 853 94
423 725 100
725 423 90
482 725 97
725 482 99
539 725 95
725 539 97
995 725 90
725 995 89
47 726 100
726 47 91
555 726 85
726 555 90
723 726 92
726 723 88
192 727 93
727 192 96
245 727 94
727 245 99
211 728 97
728 211 93
700 728 93
728 700 93
28 729 95
729 28 96
282 729 97
729 282 95
601 729 95
729 601 93
830 729 96
729 830 99
924 729 96
729 924 93
261 730 90
730 261 96
661 730 90
730 661 91
534 731 99
731 534 93
999 731 83
731 999 88
283 732 79
732 283 100
793 732 99
732 793 93
920 732 84
732 920 99
968 732 100
732 968 73
285 733 98
733 285 95
426 733 96
733 426 89
536 733 97
733 536 95
10 734 94
734 10 99
193 734 86
734 193 93
237 736 100
736 237 90
781 736 92
736 781 97
838 736 91
736 838 94
892 736 97
736 892 96
954 736 95
736 954 97
86 737 100
737 86 100
161 737 96
737 161 91
230 737 82
737 230 86
464 737 99
737 464 81
966 737 85
737 966 99
186 738 100
738 186 94
478 738 95
738 478 94
642 738 96
738 642 100
266 739 90
739 266 89
293 739 95
739 293 96
962 739 97
739 962 95
968 739 89
739 968 95
27 740 79
740 27 88
74 740 92
740 74 93
285 740 90
740 285 98
381 740 96
740 381 85
621 740 81
740 621 83
734 740 81
740 734 90
950 740 90
740 950 90
299 741 100
741 299 99
342 741 93
741 342 95
888 741 93
741 888 91
22 742 100
742 22 98
588 743 88
743 588 83
502 744 83
744 502 96
506 744 100
744 506 94
653 744 90
744 653 84
914 744 96
744 914 95
199 745 95
745 199 96
396 745 90
745 396 91
35 746 91
746 35 96
904 746 85
746 904 92
57 747 92
747 57 90
280 747 88
747 280 87
507 747 97
747 507 90
680 747 99
747 680 95
467 748 94
748 467 96
37 749 89
749 37 96
232 749 82
749 232 88
233 749 90
749 233 95
420 749 98
749 420 93
505 749 92
749 505 87
718 749 95
749 718 91
926 749 96
749 926 92
229 750 94
750 229 99
124 751 97
751 124 100
242 751 97
751 242 89
336 751 97
751 336 96
731 751 88
751 731 95
782 751 100
751 782 95
91 752 100
752 91 97
268 752 97
752 268 93
66 753 99
753 66 96
74 753 97
753 74 90
366 753 94
753 366 98
535 753 87
753 535 97
728 753 90
753 728 100
254 754 96
754 254 88
589 755 92
755 589 93
736 755 91
755 736 93
847 755 94
755 847 84
954 756 100
756 954 97
542 758 87
758 542 89
628 759 90
759 628 100
879 759 100
759 879 98
919 759 96
759 919 95
230 760 91
760 230 86
364 760 89
760 364 88
636 760 100
760 636 95
975 760 84
760 975 73
840 761 95
761 840 97
879 761 93
761 879 85
50 762 94
762 50 96
275 762 97
762 275 99
426 762 87
762 426 96
527 762 94
762 527 91
863 762 91
762 863 76
236 763 92
763 236 92
283 763 97
763 283 85
651 763 98
763 651 92
856 763 100
763 856 88
437 764 96
764 437 95
603 764 83
764 603 88
647 764 93
764 647 88
788 764 95
764 788 88
310 765 96
765 310 100
897 765 98
765 897 86
258 767 81
767 258 92
703 767 95
767 703 84
744 767 96
767 744 87
198 768 86
768 198 81
384 768 84
768 384 93
824 768 89
768 824 84
833 768 89
768 833 88
922 768 91
768 922 89
395 769 89
769 395 98
443 769 96
769 443 98
565 769 100
769 565 100
733 769 88
769 733 92
780 769 95
769 780 92
67 770 94
770 67 100
482 770 99
770 482 97
569 770 99
770 569 92
717 770 96
770 717 98
46 771 100
771 46 98
157 771 87
771 157 100
430 771 100
771 430 95
947 771 99
771 947 98
352 772 87
772 352 85
464 772 90
772 464 94
785 772 87
772 785 93
791 772 86
772 791 82
111 773 81
773 111 92
159 773 95
773 159 98
435 773 91
773 435 95
915 773 91
773 915 84
235 774 100
774 235 96
681 774 100
774 681 100
808 774 97
774 808 97
940 774 91
774 940 98
169 775 96
775 169 88
572 775 98
775 572 84
656 775 93
775 656 96
663 775 80
775 663 92
161 776 92
776 161 88
408 776 88
776 408 99
695 776 94
776 695 82
49 777 88
777 49 88
325 777 93
777 325 84
387 777 99
777 387 100
448 778 100
778 448 99
482 778 100
778 482 100
251 779 95
779 251 95
570 779 94
779 570 93
655 779 92
779 655 87
903 779 98
779 903 96
967 779 100
779 967 98
62 780 94
780 62 94
122 780 90
780 122 94
977 780 97
780 977 87
103 781 91
781 103 100
399 781 95
781 399 100
409 781 100
781 409 100
784 781 100
781 784 96
815 781 99
781 815 97
941 781 98
781 941 94
407 782 90
782 407 91
411 782 90
782 411 92
563 782 100
782 563 90
591 782 92
782 591 82
594 782 87
782 594 100
788 782 95
782 788 96
893 782 91
782 893 91
133 783 91
783 133 87
200 783 96
783 200 90
496 783 93
783 496 94
697 783 90
783 697 94
380 784 93
784 380 86
979 784 93
784 979 94
344 785 99
785 344 95
904 785 90
785 904 97
933 785 100
785 933 98
940 785 93
785 940 95
70 786 95
786 70 95
118 786 98
786 118 100
477 786 100
786 477 88
117 787 89
787 117 95
362 787 100
787 362 98
13 788 95
788 13 93
42 788 99
788 42 82
101 788 93
788 101 99
183 789 96
789 183 94
742 789 96
789 742 82
776 789 94
789 776 91
834 789 86
789 834 96
692 790 96
790 692 97
796 790 100
790 796 99
402 791 85
791 402 92
410 791 98
791 410 84
490 791 91
791 490 89
695 791 83
791 695 93
539 792 93
792 539 94
87 793 95
793 87 91
153 793 99
793 153 81
622 793 100
793 622 100
61 795 89
795 61 88
383 795 88
795 383 86
526 795 92
795 526 100
940 795 89
795 940 91
879 796 100
796 879 87
100 798 92
798 100 95
109 798 81
798 109 99
475 798 98
798 475 94
731 798 95
798 731 95
957 798 98
798 957 78
286 799 96
799 286 97
587 799 91
799 587 91
912 799 87
799 912 94
944 799 99
799 944 94
83 800 93
800 83 96
694 800 95
800 694 79
248 801 93
801 248 93
295 801 87
801 295 97
601 801 90
801 601 81
608 801 93
801 608 98
709 801 82
801 709 95
897 801 81
801 897 84
33 802 96
802 33 99
197 802 93
802 197 94
976 802 92
802 976 91
512 803 89
803 512 96
829 803 95
803 829 87
80 804 100
804 80 100
111 804 97
804 111 88
420 804 92
804 420 93
215 805 96
805 215 95
340 805 90
805 340 91
387 805 98
805 387 97
394 805 91
805 394 98
580 805 91
805 580 100
91 806 94
806 91 97
116 806 94
806 116 96
491 806 91
806 491 88
312 807 100
807 312 99
934 807 94
807 934 92
187 808 96
808 187 99
204 808 99
808 204 94
268 808 89
808 268 92
760 808 84
808 760 99
901 808 94
808 901 93
509 809 75
809 509 73
325 810 96
810 325 90
462 810 97
810 462 95
718 810 92
810 718 97
933 810 97
810 933 100
897 811 98
811 897 95
24 812 98
812 24 90
424 812 96
812 424 93
583 812 98
812 583 98
619 812 100
812 619 95
68 813 89
813 68 89
455 813 84
813 455 100
78 814 96
814 78 86
329 814 98
814 329 99
398 814 97
814 398 81
522 814 96
814 522 93
16 815 100
815 16 100
178 815 90
815 178 94
282 815 99
815 282 92
632 815 85
815 632 98
653 815 98
815 653 89
757 815 99
815 757 95
42 816 84
816 42 95
187 816 95
816 187 99
496 816 90
816 496 99
797 816 86
816 797 91
834 816 92
816 834 85
17 817 92
817 17 90
78 817 93
817 78 91
368 818 93
818 368 99
441 818 98
818 441 99
660 818 96
818 660 89
72 819 90
819 72 93
84 819 98
819 84 96
186 819 98
819 186 91
688 819 84
819 688 92
859 819 87
819 859 93
920 819 96
819 920 86
222 820 97
820 222 93
41 821 90
821 41 94
174 821 95
821 174 86
41 822 84
822 41 90
244 822 99
822 244 98
340 822 93
822 340 87
422 822 85
822 422 97
541 822 97
822 541 73
711 822 91
822 711 92
160 823 100
823 160 100
818 823 97
823 818 96
42 825 100
825 42 90
203 825 99
825 203 92
320 825 97
825 320 95
386 825 96
825 386 96
588 825 95
825 588 99
652 825 86
825 652 95
42 826 98
826 42 100
157 826 97
826 157 100
569 826 95
826 569 98
936 827 100
827 936 100
607 828 93
828 607 96
875 828 97
828 875 92
108 829 100
829 108 94
671 829 91
829 671 86
987 829 94
829 987 100
430 830 90
830 430 100
434 830 92
830 434 100
277 831 98
831 277 92
885 831 94
831 885 94
440 832 91
832 440 88
220 833 88
833 220 100
275 833 95
833 275 94
329 833 92
833 329 91
567 833 87
833 567 96
218 834 100
834 218 95
394 834 78
834 394 90
817 834 100
834 817 84
936 834 94
834 936 93
363 835 100
835 363 93
943 835 98
835 943 96
737 836 99
836 737 86
797 836 100
836 797 100
207 837 91
837 207 100
441 837 93
837 441 86
584 838 96
838 584 98
273 839 93
839 273 94
420 839 87
839 420 93
521 839 97
839 521 94
596 839 88
839 596 94
623 839 91
839 623 87
831 839 95
839 831 88
81 840 95
840 81 93
244 840 99
840 244 99
427 840 95
840 427 100
495 840 85
840 495 90
56 841 100
841 56 92
231 841 100
841 231 91
653 841 96
841 653 95
787 842 95
842 787 95
841 842 91
842 841 92
861 842 89
842 861 98
426 843 100
843 426 100
446 843 100
843 446 100
733 843 100
843 733 95
25 844 90
844 25 94
43 844 79
844 43 96
874 844 99
844 874 93
970 844 91
844 970 85
993 844 94
844 993 95
257 846 91
846 257 88
262 846 88
846 262 100
380 846 87
846 380 94
733 846 89
846 733 94
851 846 95
846 851 79
282 847 87
847 282 75
345 847 87
847 345 92
944 847 87
847 944 85
585 848 73
848 585 99
9 849 98
849 9 92
911 849 80
849 911 92
287 850 91
850 287 96
741 850 94
850 741 93
878 850 94
850 878 91
905 850 87
850 905 98
249 851 92
851 249 96
499 851 100
851 499 95
514 851 95
851 514 100
736 851 100
851 736 95
981 851 99
851 981 94
15 852 100
852 15 98
147 852 100
852 147 97
208 852 96
852 208 96
492 852 94
852 492 95
122 853 94
853 122 83
231 853 76
853 231 92
232 853 91
853 232 92
492 853 84
853 492 91
308 854 86
854 308 100
38 855 98
855 38 97
359 855 93
855 359 97
602 855 98
855 602 98
673 855 100
855 673 97
738 855 91
855 738 91
440 856 92
856 440 90
33 857 94
857 33 91
814 857 90
857 814 82
896 857 90
857 896 95
244 858 97
858 244 95
828 858 93
858 828 97
184 859 100
859 184 96
798 859 96
859 798 96
267 860 94
860 267 88
739 860 88
860 739 89
289 861 93
861 289 95
923 861 98
861 923 98
951 861 86
861 951 92
140 862 91
862 140 88
768 862 86
862 768 81
263 863 96
863 263 96
398 863 97
863 398 87
725 863 92
863 725 100
794 863 100
863 794 92
912 863 85
863 912 85
529 864 88
864 529 96
902 864 88
864 902 94
135 865 90
865 135 100
215 865 91
865 215 97
524 865 97
865 524 86
177 866 97
866 177 84
222 866 88
866 222 96
381 866 97
866 381 90
905 866 100
866 905 96
29 867 98
867 29 99
187 867 97
867 187 97
361 867 100
867 361 100
493 867 94
867 493 88
955 867 95
867 955 87
226 868 98
868 226 93
298 868 89
868 298 98
439 868 99
868 439 96
596 868 100
868 596 83
9 869 93
869 9 97
273 869 96
869 273 100
949 869 99
869 949 100
292 870 98
870 292 90
911 870 99
870 911 89
939 870 93
870 939 95
942 870 91
870 942 100
60 871 95
871 60 94
415 871 91
871 415 99
216 872 99
872 216 95
312 872 87
872 312 96
540 872 90
872 540 86
194 873 100
873 194 98
718 873 87
873 718 95
976 873 96
873 976 89
122 874 99
874 122 88
565 874 100
874 565 100
624 874 98
874 624 90
901 874 100
874 901 95
130 875 94
875 130 92
538 875 96
875 538 85
625 876 100
876 625 96
342 877 98
877 342 97
875 877 87
877 875 95
942 877 99
877 942 93
86 878 100
878 86 85
208 878 92
878 208 95
389 878 97
878 389 93
810 878 99
878 810 100
75 879 100
879 75 100
340 879 86
879 340 88
412 879 95
879 412 66
109 880 85
880 109 85
113 880 87
880 113 96
760 880 95
880 760 91
505 881 88
881 505 88
768 881 88
881 768 96
800 881 86
881 800 94
844 881 72
881 844 85
208 882 98
882 208 97
339 882 88
882 339 100
502 882 96
882 502 88
13 883 95
883 13 98
986 883 100
883 986 85
215 884 93
884 215 96
413 884 100
884 413 95
557 884 96
884 557 93
695 884 93
884 695 96
982 884 100
884 982 97
495 885 85
885 495 95
536 885 100
885 536 98
913 885 91
885 913 100
372 886 96
886 372 90
548 886 91
886 548 94
756 886 97
886 756 100
261 887 88
887 261 85
288 887 93
887 288 87
410 887 92
887 410 99
550 887 91
887 550 90
68 888 95
888 68 96
228 888 92
888 228 99
485 888 96
888 485 91
834 889 95
889 834 93
157 890 95
890 157 99
180 890 99
890 180 91
214 890 90
890 214 99
316 890 100
890 316 91
933 890 99
890 933 93
473 891 95
891 473 98
679 891 95
891 679 92
921 891 98
891 921 95
928 891 87
891 928 93
320 892 100
892 320 100
960 892 96
892 960 94
142 894 92
894 142 96
146 894 100
894 146 98
328 894 94
894 328 99
525 894 99
894 525 97
535 894 99
894 535 94
170 895 100
895 170 92
410 895 98
895 410 92
474 895 86
895 474 100
544 895 93
895 544 93
798 895 83
895 798 97
810 895 97
895 810 100
102 896 93
896 102 84
216 896 94
896 216 96
954 896 81
896 954 80
154 897 97
897 154 90
329 897 99
897 329 82
835 897 87
897 835 89
282 898 100
898 282 100
886 898 96
898 886 100
922 900 92
900 922 83
208 901 95
901 208 89
505 901 88
901 505 91
616 901 98
901 616 91
716 901 85
901 716 100
739 901 89
901 739 88
882 901 100
901 882 98
216 902 96
902 216 97
564 902 95
902 564 98
43 903 95
903 43 79
51 903 88
903 51 98
579 903 94
903 579 87
84 904 97
904 84 96
531 904 88
904 531 93
817 904 77
904 817 88
117 905 96
905 117 96
192 905 92
905 192 87
819 906 94
906 819 94
904 906 100
906 904 97
37 907 95
907 37 98
683 907 95
907 683 88
162 909 100
909 162 94
419 909 95
909 419 97
484 909 97
909 484 93
753 909 97
909 753 93
944 909 90
909 944 99
449 910 98
910 449 100
42 911 80
911 42 92
171 911 95
911 171 89
178 911 89
911 178 87
509 911 85
911 509 92
917 911 100
911 917 95
146 912 94
912 146 100
155 912 86
912 155 94
330 912 91
912 330 77
254 913 97
913 254 99
421 913 96
913 421 97
534 913 89
913 534 93
574 913 95
913 574 90
625 913 100
913 625 94
914 913 96
913 914 100
2 916 94
916 2 88
327 916 95
916 327 87
612 916 89
916 612 94
733 916 93
916 733 91
910 916 96
916 910 100
959 916 89
916 959 93
401 917 96
917 401 100
452 917 100
917 452 96
31 918 95
918 31 91
177 918 100
918 177 100
778 918 100
918 778 98
947 918 85
918 947 94
49 919 93
919 49 97
178 920 97
920 178 83
448 921 94
921 448 94
676 921 91
921 676 91
926 921 88
921 926 95
978 921 98
921 978 96
53 922 97
922 53 98
67 922 97
922 67 89
436 922 92
922 436 89
646 922 83
922 646 94
746 922 100
922 746 86
588 923 95
923 588 98
668 923 98
923 668 86
215 924 95
924 215 92
507 924 89
924 507 100
730 924 100
924 730 93
947 924 97
924 947 87
170 925 94
925 170 96
347 925 88
925 347 95
503 925 95
925 503 87
866 925 99
925 866 92
908 925 89
925 908 95
230 926 89
926 230 82
301 926 89
926 301 84
358 926 87
926 358 95
462 926 98
926 462 94
744 926 82
926 744 92
121 927 92
927 121 95
290 927 91
927 290 90
360 927 82
927 360 97
954 927 85
927 954 67
111 928 97
928 111 96
242 928 96
928 242 95
267 929 95
929 267 96
309 929 66
929 309 96
452 929 96
929 452 90
651 929 95
929 651 98
943 929 95
929 943 91
966 929 100
929 966 63
122 930 93
930 122 100
135 930 99
930 135 93
280 930 95
930 280 99
655 930 97
930 655 91
790 930 98
930 790 93
260 931 100
931 260 100
377 931 98
931 377 100
765 931 100
931 765 100
180 933 90
933 180 99
459 933 97
933 459 93
684 933 99
933 684 86
232 934 85
934 232 71
411 934 77
934 411 90
677 934 83
934 677 88
792 934 95
934 792 85
848 934 78
934 848 95
951 934 91
934 951 74
486 935 95
935 486 81
969 935 95
935 969 85
83 936 95
936 83 93
260 936 100
936 260 92
296 936 92
936 296 93
459 936 100
936 459 88
192 937 96
937 192 89
433 937 99
937 433 95
488 937 100
937 488 91
909 937 92
937 909 100
202 938 91
938 202 100
918 938 88
938 918 97
224 939 96
939 224 93
633 939 88
939 633 96
19 940 89
940 19 94
105 940 97
940 105 99
394 940 94
940 394 94
504 940 85
940 504 76
232 941 91
941 232 100
854 941 100
941 854 86
323 942 86
942 323 85
791 942 96
942 791 88
869 942 90
942 869 84
298 943 94
943 298 98
508 943 91
943 508 84
570 943 97
943 570 97
605 943 83
943 605 92
760 943 96
943 760 86
299 944 99
944 299 100
544 944 96
944 544 99
742 945 96
945 742 100
994 945 97
945 994 90
42 947 84
947 42 95
43 947 90
947 43 91
494 947 93
947 494 89
659 947 98
947 659 93
844 947 95
947 844 88
450 948 97
948 450 98
740 948 87
948 740 100
500 949 89
949 500 97
610 949 96
949 610 95
88 950 72
950 88 90
179 950 100
950 179 100
381 950 90
950 381 74
938 950 89
950 938 95
6 951 98
951 6 84
413 951 87
951 413 89
668 951 62
951 668 84
724 951 73
951 724 63
182 952 96
952 182 95
212 952 99
952 212 100
276 952 99
952 276 100
399 952 91
952 399 86
423 952 95
952 423 94
853 952 87
952 853 90
91 953 83
953 91 94
107 953 96
953 107 82
875 953 93
953 875 84
315 954 79
954 315 93
574 954 92
954 574 84
675 954 84
954 675 92
867 954 85
954 867 81
992 954 82
954 992 89
236 955 92
955 236 83
562 955 83
955 562 90
577 955 90
955 577 94
919 955 97
955 919 93
96 956 87
956 96 96
290 956 100
956 290 100
438 957 95
957 438 94
624 957 91
957 624 82
699 957 92
957 699 96
786 957 99
957 786 95
811 957 85
957 811 92
858 957 100
957 858 100
270 958 95
958 270 91
625 958 94
958 625 100
882 958 95
958 882 100
984 958 100
958 984 100
4 959 100
959 4 93
180 959 91
959 180 93
196 959 78
959 196 91
279 959 85
959 279 95
318 959 84
959 318 95
325 959 80
959 325 81
361 959 89
959 361 85
676 959 92
959 676 91
872 959 87
959 872 95
56 960 88
960 56 96
179 960 95
960 179 92
298 960 87
960 298 83
323 960 87
960 323 69
647 960 82
960 647 100
126 961 95
961 126 92
346 961 94
961 346 95
482 961 92
961 482 100
316 963 100
963 316 96
363 963 93
963 363 88
424 963 90
963 424 95
596 963 73
963 596 99
816 963 97
963 816 87
844 963 94
963 844 90
847 963 100
963 847 89
549 964 100
964 549 100
158 965 89
965 158 98
409 965 86
965 409 94
695 965 84
965 695 77
817 965 91
965 817 85
130 966 92
966 130 95
153 966 96
966 153 95
177 966 90
966 177 86
280 966 91
966 280 88
730 966 100
966 730 95
801 966 80
966 801 89
947 966 89
966 947 79
195 967 88
967 195 93
526 967 94
967 526 95
543 967 99
967 543 91
39 968 93
968 39 83
677 968 89
968 677 90
857 968 93
968 857 85
981 968 87
968 981 88
270 969 85
969 270 86
721 969 96
969 721 100
783 969 97
969 783 87
905 969 91
969 905 86
378 970 92
970 378 91
567 970 96
970 567 93
729 970 91
970 729 86
165 971 100
971 165 95
317 971 95
971 317 96
392 971 94
971 392 95
571 971 91
971 571 99
791 971 92
971 791 92
304 972 95
972 304 94
123 973 100
973 123 94
204 973 89
973 204 91
333 973 97
973 333 91
622 973 88
973 622 79
805 973 86
973 805 95
959 973 94
973 959 99
967 973 88
973 967 85
948 975 95
975 948 100
164 976 92
976 164 96
454 976 100
976 454 96
509 976 75
976 509 93
649 976 95
976 649 81
962 976 94
976 962 87
389 977 83
977 389 95
396 977 97
977 396 80
497 977 100
977 497 82
221 978 100
978 221 100
288 978 95
978 288 100
428 978 85
978 428 84
547 979 91
979 547 92
5 980 100
980 5 96
114 980 86
980 114 97
723 980 95
980 723 88
974 980 94
980 974 90
880 981 93
981 880 95
253 982 95
982 253 93
323 982 97
982 323 84
511 982 98
982 511 95
768 982 81
982 768 90
825 982 90
982 825 96
882 982 97
982 882 97
920 982 87
982 920 89
171 983 100
983 171 99
614 983 95
983 614 89
812 983 77
983 812 94
250 984 95
984 250 95
658 984 93
984 658 95
803 984 86
984 803 96
954 984 93
984 954 97
44 985 97
985 44 92
423 985 93
985 423 98
572 985 75
985 572 99
626 985 89
985 626 76
298 986 84
986 298 79
615 986 92
986 615 89
866 986 100
986 866 88
89 987 96
987 89 91
656 987 91
987 656 96
661 987 94
987 661 95
149 988 94
988 149 92
187 988 90
988 187 96
239 988 89
988 239 91
544 988 87
988 544 91
362 989 100
989 362 100
906 989 100
989 906 97
286 990 100
990 286 84
315 990 92
990 315 94
356 990 92
990 356 95
513 990 98
990 513 96
575 990 98
990 575 95
256 991 95
991 256 98
323 991 85
991 323 93
526 991 86
991 526 97
523 992 81
992 523 92
641 992 87
992 641 88
460 993 90
993 460 96
497 993 82
993 497 100
555 993 99
993 555 94
686 993 89
993 686 91
843 993 87
993 843 86
846 993 91
993 846 88
954 993 87
993 954 96
339 994 98
994 339 100
340 994 97
994 340 96
709 994 95
994 709 87
169 995 88
995 169 87
451 995 92
995 451 79
561 995 88
995 561 94
648 995 83
995 648 82
67 996 91
996 67 95
45 997 92
997 45 91
82 997 94
997 82 95
489 997 96
997 489 90
950 997 83
997 950 94
77 999 92
999 77 85
125 999 82
999 125 94
213 999 98
999 213 99
383 999 90
999 383 84
672 999 85
999 672 89
793 999 95
999 793 75
929 999 74
999 929 78
