242 427 88
929 700 87
347 375 87
603 202 85
856 662 85
969 380 85
193 804 85
603 128 85
511 653 85
151 480 85
939 899 85
608 199 84
475 124 84
278 132 84
314 166 84
727 499 83
543 939 83
777 293 83
122 989 83
717 571 83
562 31 83
242 271 83
17 317 83
455 584 82
40 723 82
158 191 82
86 439 82
431 843 82
314 202 82
185 744 82
608 876 82
411 13 82
230 364 82
591 580 82
187 453 81
560 942 81
326 544 81
490 178 81
985 614 81
399 831 81
317 712 81
624 511 81
502 877 81
628 658 81
597 319 81
120 281 81
533 627 81
842 402 81
441 685 81
14 766 81
253 211 81
367 663 80
894 914 80
348 30 80
700 701 80
641 682 80
359 469 80
388 422 80
401 425 80
568 690 80
500 496 80
54 710 80
885 400 80
842 164 80
142 607 80
48 693 80
939 467 80
960 614 80
422 744 80
883 644 80
276 230 79
727 12 79
218 74 79
936 766 79
256 261 79
381 22 79
228 397 79
510 753 79
246 843 79
387 697 79
363 739 79
878 986 79
523 349 79
564 398 79
434 584 79
289 921 79
359 578 79
644 998 79
178 364 78
613 866 78
449 439 78
588 331 78
967 946 78
608 623 78
249 109 78
909 310 78
964 697 78
772 325 78
157 401 78
767 529 78
463 82 78
882 964 78
834 262 78
529 164 78
619 375 78
428 212 78
912 396 78
451 477 78
800 265 78
758 697 78
701 935 77
74 897 77
367 303 77
974 95 77
67 78 77
705 291 77
965 91 77
43 512 77
29 372 77
254 821 77
835 480 77
840 176 77
777 620 77
994 966 77
117 499 77
913 109 77
545 377 77
303 276 77
481 311 77
665 949 77
805 898 77
502 863 76
152 67 76
110 344 76
135 596 76
981 878 76
368 768 76
113 663 76
812 594 76
837 515 76
687 107 76
501 109 76
311 527 76
783 27 76
667 90 76
359 413 76
496 286 76
537 112 76
657 134 76
639 154 76
947 592 76
45 211 76
649 635 76
474 471 76
522 326 76
249 641 76
709 208 76
183 186 76
107 317 76
199 514 76
695 737 76
460 9 76
226 371 76
241 337 76
983 690 76
664 360 76
225 212 76
331 269 76
476 518 76
723 726 76
199 695 75
503 321 75
590 169 75
251 556 75
141 221 75
644 213 75
189 632 75
159 20 75
593 912 75
220 282 75
822 375 75
106 911 75
19 545 75
851 611 75
190 231 75
631 302 75
261 230 75
608 567 75
188 382 75
775 766 75
330 431 75
402 107 75
584 843 75
235 418 75
849 468 75
261 387 75
469 531 75
963 104 75
494 870 75
386 275 75
755 937 75
894 225 74
360 433 74
72 74 74
967 936 74
224 565 74
944 946 74
621 390 74
50 426 74
412 346 74
585 707 74
442 681 74
40 926 74
294 969 74
373 95 74
469 519 74
664 139 74
382 122 74
212 742 74
574 291 74
215 909 74
401 312 74
944 23 74
287 49 74
384 163 74
879 203 73
820 648 73
184 529 73
215 911 73
782 544 73
981 94 73
192 440 73
891 279 73
75 996 73
202 587 73
868 665 73
117 932 73
697 222 73
340 6 73
520 275 73
719 872 73
279 204 73
372 860 73
5 812 73
907 93 73
381 871 73
145 131 73
288 472 73
586 110 73
142 100 73
529 419 73
609 650 73
565 542 73
28 471 73
395 55 73
284 743 73
78 425 73
394 331 73
375 832 73
844 757 72
912 896 72
591 298 72
941 463 72
782 980 72
618 902 72
269 382 72
453 853 72
996 532 72
471 906 72
473 986 72
98 770 72
858 334 72
89 882 72
258 163 72
673 434 72
629 313 72
988 65 72
896 424 72
44 991 72
142 67 72
644 462 72
411 449 72
681 62 72
44 827 72
672 886 72
199 144 72
772 622 72
126 202 72
811 856 72
56 747 72
938 358 72
776 704 72
103 151 72
436 765 72
57 552 72
404 682 72
881 425 72
368 633 72
128 259 72
546 84 71
222 417 71
761 825 71
354 544 71
76 816 71
708 193 71
84 276 71
269 794 71
142 851 71
659 928 71
23 766 71
447 164 71
944 39 71
71 24 71
287 475 71
825 795 71
318 344 71
180 42 71
702 314 71
239 559 71
589 899 71
67 94 71
177 363 71
610 210 71
840 16 71
450 441 71
471 600 71
644 595 71
202 662 71
95 577 71
165 902 71
773 559 71
684 832 71
76 969 71
889 785 71
37 998 71
914 909 71
358 863 71
44 704 71
265 749 71
70 291 71
17 114 71
224 243 71
453 977 70
219 353 70
571 435 70
451 395 70
70 567 70
458 813 70
331 820 70
74 823 70
427 545 70
606 170 70
601 307 70
35 337 70
834 68 70
225 774 70
969 743 70
622 190 70
850 438 70
176 263 70
638 633 70
776 406 70
846 768 70
481 553 70
470 722 70
71 862 70
648 448 70
146 760 70
427 256 70
124 442 70
506 904 69
151 352 69
176 583 69
467 930 69
697 313 69
70 350 69
875 182 69
797 867 69
342 57 69
181 822 69
914 921 69
914 675 69
644 171 69
634 54 69
370 152 69
698 481 69
556 52 69
198 908 69
970 394 69
136 54 69
513 329 69
933 169 69
325 936 69
215 605 69
528 677 69
396 733 69
115 7 69
499 726 69
781 221 69
286 279 69
499 365 69
220 7 69
41 998 69
392 155 69
193 966 69
443 144 69
686 840 68
807 164 68
256 293 68
203 952 68
102 484 68
796 445 68
835 759 68
271 935 68
59 260 68
579 775 68
962 987 68
124 292 68
632 698 68
939 549 68
807 679 68
36 103 68
818 533 68
169 952 68
575 617 68
38 829 68
206 36 68
509 439 68
583 321 68
47 613 68
611 143 68
341 147 68
585 704 68
338 402 68
31 158 68
970 953 68
534 144 68
874 856 68
390 242 67
34 478 67
159 396 67
385 420 67
30 802 67
164 933 67
125 63 67
766 632 67
664 669 67
863 763 67
459 688 67
88 449 67
881 365 67
207 380 67
304 392 67
933 191 67
365 831 67
978 147 67
25 619 67
917 293 67
843 191 67
733 376 67
970 144 67
248 370 67
370 386 67
203 69 67
458 470 67
729 364 67
815 134 67
503 449 67
850 977 67
576 303 67
272 378 67
236 191 67
375 975 67
656 164 66
21 948 66
352 93 66
874 259 66
634 241 66
154 171 66
249 170 66
407 135 66
607 66 66
222 176 66
898 512 66
954 139 66
246 636 66
246 609 66
832 298 66
558 247 66
285 766 66
276 254 66
488 667 66
205 166 66
226 114 66
649 828 66
232 565 66
107 364 66
986 658 66
593 962 66
980 751 66
973 843 66
21 336 66
478 847 66
355 585 66
942 677 66
969 295 66
811 332 66
720 390 66
841 952 66
436 418 66
624 776 66
294 964 66
12 853 66
475 508 66
798 915 66
924 663 66
75 925 66
930 818 66
455 608 66
440 859 65
150 559 65
779 569 65
293 793 65
958 570 65
924 474 65
370 608 65
771 418 65
633 920 65
490 671 65
312 916 65
672 502 65
408 882 65
363 686 65
190 417 65
804 88 65
806 680 65
712 136 65
71 838 65
73 103 65
730 945 65
309 643 65
481 443 65
741 687 65
147 933 65
220 178 65
348 756 65
59 753 65
453 480 65
632 75 65
461 942 65
375 762 65
936 442 65
558 584 65
22 380 65
858 645 65
203 644 65
14 395 65
102 612 65
90 737 65
474 583 65
72 463 65
122 817 65
76 946 65
474 974 64
906 302 64
272 605 64
294 121 64
462 846 64
585 229 64
882 334 64
232 357 64
169 828 64
115 490 64
402 944 64
92 969 64
218 770 64
107 446 64
777 913 64
189 842 64
181 596 64
69 815 64
45 618 64
710 850 64
954 825 64
529 82 64
716 219 64
538 985 64
904 888 64
994 358 64
614 621 64
806 722 64
904 835 64
272 965 64
703 72 64
375 448 64
29 169 64
53 645 64
762 104 64
664 240 64
274 708 63
602 464 63
835 914 63
919 641 63
198 82 63
660 328 63
167 391 63
444 797 63
372 263 63
165 287 63
298 390 63
124 684 63
924 870 63
215 326 63
543 879 63
35 903 63
134 957 63
944 294 63
904 288 63
33 227 63
377 939 63
846 834 63
73 473 63
533 446 63
795 424 63
925 78 63
298 781 63
468 883 63
244 305 63
443 155 63
624 148 63
460 81 63
843 417 63
699 315 63
699 373 63
810 343 63
746 845 63
861 535 62
344 725 62
184 967 62
764 108 62
249 948 62
509 765 62
413 569 62
14 679 62
309 317 62
942 78 62
170 623 62
840 958 62
721 790 62
347 979 62
901 496 62
387 960 62
745 966 62
524 707 62
101 133 62
216 604 62
973 4 62
720 204 62
217 212 62
301 891 62
736 527 62
369 430 62
722 39 62
719 512 62
863 985 62
236 806 62
812 516 62
111 698 62
366 202 62
750 492 62
822 517 62
454 47 62
664 149 62
719 475 62
632 306 61
676 618 61
760 718 61
93 709 61
962 435 61
803 946 61
701 470 61
430 286 61
2 783 61
447 162 61
667 178 61
102 311 61
425 85 61
781 460 61
531 417 61
967 97 61
154 242 61
464 226 61
507 292 61
381 781 61
672 558 61
826 289 61
749 120 61
784 252 61
269 759 61
929 232 61
587 81 61
956 193 60
257 63 60
414 469 60
670 952 60
326 862 60
520 29 60
199 319 60
938 117 60
103 970 60
684 982 60
276 838 60
448 420 60
892 683 60
912 761 60
398 469 60
283 564 60
480 346 60
77 980 60
217 200 60
704 969 60
363 114 60
66 678 60
279 880 60
238 72 60
594 961 60
606 407 60
573 564 60
342 263 60
215 366 60
689 836 60
920 56 60
262 572 60
370 411 60
880 95 60
200 838 60
60 747 60
36 186 60
693 667 60
25 273 60
58 542 60
383 879 60
580 623 60
892 561 59
15 918 59
501 285 59
263 130 59
79 914 59
437 808 59
663 782 59
531 165 59
294 657 59
438 675 59
244 271 59
696 406 59
463 878 59
199 162 59
352 963 59
129 83 59
755 278 59
302 492 59
17 358 59
842 789 59
189 271 59
677 232 59
269 603 59
378 171 59
749 490 59
269 869 59
677 622 59
867 600 59
444 360 59
926 817 59
766 483 59
687 593 59
906 658 59
637 616 59
274 761 59
719 80 59
745 268 59
647 806 59
737 129 59
330 893 59
477 914 59
850 127 59
638 469 59
862 458 59
479 705 59
61 389 59
664 50 59
590 257 58
695 196 58
50 561 58
531 519 58
976 96 58
506 838 58
13 539 58
904 755 58
937 158 58
652 10 58
150 307 58
923 16 58
573 743 58
285 29 58
812 135 58
591 584 58
981 845 58
750 81 58
922 79 58
59 911 58
442 663 58
427 933 58
756 494 58
880 450 58
703 128 58
880 966 58
777 833 58
977 322 58
213 100 58
954 814 58
555 281 58
932 232 58
626 106 58
179 254 58
898 174 58
55 426 58
828 397 58
165 249 58
798 698 58
382 636 58
161 946 58
244 140 57
114 554 57
168 175 57
970 509 57
224 906 57
909 626 57
775 759 57
755 133 57
382 136 57
115 825 57
422 811 57
379 640 57
251 765 57
699 904 57
434 708 57
791 686 57
744 105 57
985 541 57
438 437 57
925 740 57
655 43 57
654 849 57
954 144 57
544 105 57
33 31 57
823 793 57
381 158 57
26 92 57
557 988 57
743 230 57
22 979 57
313 912 57
552 212 57
305 432 57
122 805 57
623 702 57
196 963 57
451 513 57
806 991 57
505 350 57
532 261 57
204 945 57
90 576 57
887 13 57
287 783 57
909 134 56
284 546 56
355 439 56
185 37 56
293 392 56
13 705 56
372 18 56
628 148 56
472 354 56
935 247 56
675 487 56
279 986 56
61 983 56
686 482 56
804 996 56
493 58 56
402 816 56
34 655 56
792 218 56
405 684 56
286 948 56
998 324 56
267 556 56
744 240 56
795 773 56
946 142 56
222 700 56
284 316 56
957 439 56
846 989 56
431 340 55
194 669 55
576 595 55
532 135 55
803 352 55
83 978 55
762 361 55
415 263 55
235 687 55
775 365 55
107 451 55
36 349 55
803 396 55
681 529 55
91 148 55
507 930 55
630 940 55
621 24 55
470 29 55
635 769 55
21 986 55
597 936 55
627 531 55
325 694 55
477 884 55
144 261 55
738 905 55
550 738 54
154 673 54
195 833 54
755 197 54
314 861 54
616 521 54
153 514 54
381 131 54
683 610 54
116 702 54
660 41 54
205 13 54
955 386 54
237 895 54
676 950 54
589 686 54
596 408 54
251 124 54
368 163 54
930 606 54
769 480 54
682 353 54
990 233 54
469 185 54
455 636 54
494 613 54
332 0 54
287 720 54
150 878 54
0 987 54
449 426 54
956 100 54
135 328 54
739 696 54
17 907 54
224 99 54
697 494 54
163 601 54
116 255 54
559 177 54
2 31 54
16 855 54
197 424 54
579 551 53
345 856 53
107 149 53
791 389 53
109 539 53
537 749 53
713 730 53
278 363 53
66 329 53
902 408 53
337 163 53
379 39 53
681 437 53
395 845 53
230 601 53
609 514 53
568 782 53
169 728 53
828 739 53
312 658 53
657 581 53
637 874 53
302 921 53
909 809 53
478 280 53
301 870 53
32 950 53
181 199 53
694 729 53
6 14 53
947 96 52
911 232 52
819 701 52
239 493 52
208 223 52
463 339 52
996 723 52
306 240 52
42 62 52
722 664 52
96 685 52
528 332 52
376 400 52
435 663 52
608 473 52
281 621 52
787 302 52
938 738 52
575 51 52
351 697 52
314 322 52
560 89 52
765 369 52
892 329 52
930 766 52
143 551 52
732 676 52
580 725 52
501 801 52
676 487 52
480 566 52
20 834 52
235 478 52
967 144 52
278 718 52
946 300 52
465 751 52
97 339 52
233 638 51
176 96 51
501 178 51
232 114 51
772 631 51
25 160 51
340 241 51
478 581 51
293 672 51
594 533 51
295 458 51
421 839 51
800 885 51
732 963 51
793 181 51
612 622 51
663 464 51
987 771 51
976 953 51
50 479 51
836 494 51
390 843 51
947 978 51
455 97 51
813 7 51
883 619 51
24 21 51
986 853 51
938 795 51
763 925 51
91 866 51
282 654 51
438 267 51
649 627 51
610 598 51
805 864 51
159 833 51
246 754 51
23 583 51
154 618 50
717 379 50
265 474 50
182 190 50
214 800 50
527 478 50
168 419 50
54 84 50
281 503 50
522 871 50
1 929 50
395 160 50
919 993 50
544 584 50
239 269 50
775 605 50
605 524 50
396 290 50
801 248 50
174 661 50
489 809 50
870 726 50
686 14 50
984 796 50
396 964 50
719 744 50
371 158 50
246 983 50
531 411 50
853 477 50
400 279 50
817 98 50
241 323 50
169 915 50
761 597 49
412 888 49
340 421 49
279 899 49
212 63 49
165 445 49
733 994 49
711 35 49
646 298 49
52 502 49
431 682 49
768 93 49
503 518 49
38 698 49
960 988 49
756 369 49
443 425 49
361 776 49
199 454 49
957 365 49
566 939 49
233 869 49
523 237 49
745 650 49
427 785 49
431 347 49
874 297 49
13 942 49
422 876 49
680 152 49
856 893 49
203 92 49
871 352 49
254 39 48
933 426 48
487 698 48
626 501 48
592 118 48
540 162 48
827 249 48
972 268 48
564 57 48
483 637 48
627 587 48
662 854 48
688 864 48
669 622 48
759 418 48
260 325 48
783 975 48
384 676 48
697 482 48
551 403 48
331 516 48
805 360 48
323 980 48
598 262 48
385 356 48
26 265 48
607 767 48
822 768 48
651 72 48
156 651 48
113 385 48
96 684 48
895 555 48
455 62 48
552 220 47
261 835 47
683 989 47
998 612 47
565 578 47
304 319 47
754 609 47
496 302 47
916 316 47
609 508 47
864 438 47
13 903 47
880 12 47
555 656 47
653 395 47
503 655 47
489 709 47
659 281 47
79 361 47
300 822 47
86 35 47
223 157 47
738 912 47
782 841 47
339 513 47
134 109 47
42 430 47
483 336 47
791 318 47
527 960 47
787 577 47
335 654 47
369 366 47
695 851 47
591 991 47
980 367 47
81 765 47
291 515 47
115 27 47
954 312 47
155 924 47
284 8 47
935 528 47
350 315 47
976 847 47
672 885 47
357 946 46
779 691 46
675 550 46
786 477 46
247 64 46
97 399 46
881 210 46
308 915 46
15 728 46
169 985 46
466 80 46
799 950 46
426 60 46
646 596 46
855 394 46
14 792 46
756 692 46
383 515 46
590 570 46
756 137 46
179 507 46
142 111 46
756 870 46
810 767 46
467 725 46
196 161 46
535 81 46
834 161 46
767 211 46
475 160 46
544 444 46
809 593 46
192 472 46
130 191 46
781 627 46
50 378 46
610 471 46
392 234 45
467 769 45
338 753 45
220 114 45
587 186 45
432 568 45
188 68 45
157 445 45
121 273 45
802 156 45
877 543 45
704 28 45
551 961 45
760 60 45
658 858 45
285 329 45
520 112 45
630 681 45
580 626 45
877 471 45
681 240 45
909 704 45
301 717 45
928 382 45
479 943 45
663 538 45
913 503 45
180 471 45
623 280 45
923 962 45
376 118 45
367 181 45
785 809 45
170 75 45
967 953 45
647 145 45
725 197 45
207 65 45
465 569 45
416 359 44
502 874 44
28 972 44
776 445 44
560 331 44
540 343 44
745 460 44
797 938 44
782 727 44
131 881 44
850 880 44
554 513 44
285 587 44
318 5 44
526 822 44
227 46 44
532 684 44
293 47 44
891 240 44
351 781 44
489 927 44
383 438 44
379 297 44
584 849 44
406 576 44
755 971 44
712 33 44
817 500 44
113 544 44
755 16 44
537 69 44
154 363 44
633 484 43
4 952 43
875 213 43
746 925 43
39 315 43
176 997 43
303 882 43
296 58 43
479 786 43
525 238 43
670 179 43
136 774 43
824 285 43
713 472 43
737 350 43
948 270 43
291 820 43
404 46 43
970 169 43
678 553 43
613 244 43
177 991 43
602 90 43
190 594 43
933 861 43
122 918 43
600 232 43
741 956 43
227 877 43
974 229 43
212 762 43
723 73 43
478 118 43
793 390 43
799 359 43
613 446 43
829 476 43
473 248 43
917 505 43
571 358 43
134 248 42
308 783 42
86 297 42
632 859 42
771 322 42
351 678 42
313 585 42
794 251 42
603 986 42
264 686 42
446 137 42
150 749 42
558 96 42
618 982 42
461 753 42
767 113 42
863 871 42
742 298 42
273 441 42
659 544 42
475 824 42
319 608 42
752 649 42
591 782 42
491 644 42
277 825 42
609 70 42
666 901 42
765 26 42
958 422 42
983 340 42
475 778 42
161 264 42
254 604 42
642 404 42
63 831 42
618 934 42
920 710 42
69 667 42
668 34 42
117 879 42
834 546 42
322 92 42
981 893 42
539 647 42
308 818 42
903 641 42
2 51 41
608 676 41
697 605 41
171 513 41
795 660 41
714 767 41
451 185 41
115 830 41
441 80 41
214 449 41
396 31 41
121 409 41
310 188 41
405 899 41
777 266 41
129 671 41
379 580 41
977 223 41
310 769 41
271 61 41
950 803 41
777 249 41
787 904 41
40 636 41
302 109 41
335 415 41
681 173 41
516 775 41
419 164 41
684 416 41
954 246 41
743 211 41
745 740 41
269 394 41
361 769 41
453 422 40
781 158 40
130 550 40
304 234 40
341 751 40
140 66 40
748 761 40
184 431 40
919 761 40
502 339 40
639 949 40
446 359 40
942 40 40
813 364 40
892 495 40
225 379 40
161 769 40
979 311 40
738 384 40
243 694 40
939 513 40
224 47 40
979 870 40
257 985 40
904 919 40
939 881 40
330 517 40
593 407 40
715 863 40
535 636 40
338 906 39
780 657 39
477 831 39
537 486 39
611 284 39
938 447 39
377 585 39
952 884 39
863 931 39
582 173 39
289 997 39
856 404 39
852 744 39
32 400 39
539 745 39
455 68 39
747 668 39
606 472 39
997 766 39
995 192 39
621 380 39
121 460 39
373 798 39
802 252 39
552 712 39
268 98 39
277 451 39
126 901 39
733 580 39
122 895 39
20 667 39
550 970 39
658 901 39
498 34 39
322 194 39
163 39 39
41 645 38
834 210 38
267 829 38
18 402 38
515 736 38
617 764 38
598 825 38
785 496 38
861 486 38
31 629 38
992 777 38
438 853 38
630 149 38
483 982 38
974 166 38
447 387 38
265 12 38
927 889 38
148 758 38
183 674 38
506 445 38
964 855 38
716 80 38
743 52 38
795 861 38
869 964 38
478 269 38
406 589 38
512 271 38
932 581 38
544 327 38
130 876 37
418 885 37
679 402 37
203 620 37
355 573 37
895 760 37
48 967 37
118 368 37
510 973 37
455 113 37
655 626 37
753 995 37
60 44 37
627 869 37
409 633 37
382 701 37
568 479 37
987 95 37
561 17 37
456 515 37
972 410 37
82 389 37
840 520 37
684 920 37
425 324 37
656 993 37
912 490 37
180 573 37
499 225 37
781 90 37
531 406 37
672 400 37
740 218 37
648 389 37
7 476 37
866 898 37
106 356 37
264 225 37
535 611 37
115 874 37
491 533 37
636 874 37
231 848 36
742 430 36
24 375 36
139 25 36
170 627 36
495 723 36
435 967 36
328 888 36
888 997 36
135 600 36
333 366 36
74 811 36
239 80 36
229 279 36
921 650 36
492 48 36
763 54 36
283 5 36
857 14 36
10 503 36
395 527 36
795 357 36
132 718 36
21 126 36
840 760 36
269 460 36
87 252 36
924 392 36
687 271 36
414 56 36
709 309 35
293 105 35
746 603 35
103 661 35
962 26 35
90 864 35
939 655 35
925 311 35
878 863 35
93 377 35
491 955 35
716 403 35
681 919 35
748 55 35
516 255 35
618 371 35
548 85 35
952 299 35
77 34 35
99 295 35
73 415 35
946 99 35
285 406 35
603 561 35
658 169 35
808 554 35
690 995 35
917 7 35
97 979 35
331 21 35
704 982 35
628 298 35
760 197 35
680 845 35
860 373 35
364 829 35
499 119 35
47 490 35
884 122 35
418 500 35
488 603 35
902 8 35
778 775 35
146 792 35
178 904 34
577 576 34
334 920 34
446 418 34
942 27 34
5 744 34
646 647 34
954 714 34
528 706 34
232 754 34
619 402 34
325 704 34
568 275 34
505 531 34
848 433 34
294 145 34
167 389 34
874 335 34
944 367 34
569 420 34
828 760 34
563 244 34
15 894 34
492 705 34
365 487 34
242 631 34
743 523 34
662 81 34
486 868 34
873 154 34
396 904 34
403 187 34
517 967 34
747 753 34
310 207 34
402 261 34
396 110 34
48 733 34
37 400 34
865 15 34
950 93 33
629 815 33
661 475 33
834 278 33
499 557 33
585 997 33
83 40 33
843 550 33
911 436 33
530 240 33
806 870 33
475 364 33
976 648 33
240 628 33
792 896 33
699 700 33
576 752 33
659 176 33
109 496 33
249 530 33
798 576 33
297 289 33
792 308 33
714 995 33
988 89 33
629 128 33
139 853 33
231 140 33
722 598 33
791 55 33
297 142 33
604 962 33
255 60 33
665 741 33
840 679 32
268 480 32
145 653 32
968 431 32
652 188 32
263 785 32
738 805 32
994 955 32
92 182 32
972 780 32
654 713 32
855 218 32
489 597 32
267 22 32
440 944 32
378 940 32
656 932 32
879 55 32
618 546 32
177 216 32
177 307 32
158 747 32
966 911 32
627 981 32
273 963 32
519 501 32
670 491 32
879 754 32
217 92 32
81 672 32
763 774 32
648 461 32
554 646 32
453 527 32
292 605 32
304 226 32
108 327 32
326 995 32
317 886 32
350 25 32
248 975 32
76 454 32
387 664 32
989 331 32
30 500 31
775 743 31
129 766 31
939 884 31
196 693 31
794 487 31
723 938 31
554 452 31
731 425 31
25 680 31
904 199 31
553 608 31
14 876 31
609 166 31
392 875 31
331 619 31
790 343 31
810 788 31
387 797 31
683 169 31
277 440 31
688 367 31
447 486 31
38 870 31
571 489 31
142 455 31
989 426 31
152 71 31
884 593 31
45 855 31
843 524 31
604 269 31
299 740 31
967 881 31
74 724 31
745 704 31
412 791 31
266 632 31
949 742 31
807 135 31
181 5 31
71 408 30
319 568 30
232 247 30
238 997 30
989 763 30
806 145 30
253 643 30
27 860 30
273 545 30
43 323 30
892 832 30
318 931 30
294 897 30
145 317 30
772 590 30
561 479 30
602 182 30
171 924 30
258 14 30
39 201 30
159 157 30
212 459 30
551 831 30
883 827 30
369 39 30
952 324 30
809 561 30
471 817 30
487 873 30
452 765 30
267 626 30
319 294 30
314 296 30
913 379 30
834 943 30
966 799 30
49 482 30
845 126 30
280 965 30
437 333 30
787 608 29
950 818 29
964 729 29
132 557 29
489 788 29
815 361 29
616 910 29
959 436 29
546 671 29
223 521 29
741 825 29
714 950 29
801 890 29
557 716 29
197 753 29
554 39 29
347 169 29
719 774 29
498 308 29
230 145 29
683 323 29
939 70 29
931 455 29
613 579 29
954 499 29
96 790 29
869 303 29
651 609 29
640 296 29
3 136 29
319 764 29
855 299 29
117 426 29
785 423 29
730 33 29
970 270 29
743 368 29
48 127 29
815 288 29
716 700 29
920 870 29
784 740 29
246 433 29
345 224 29
187 997 28
274 796 28
779 198 28
577 8 28
669 807 28
209 104 28
219 781 28
113 355 28
305 677 28
572 662 28
271 918 28
539 1 28
425 690 28
293 388 28
566 447 28
128 910 28
83 786 28
111 15 28
84 543 28
840 974 28
219 725 28
344 625 28
892 385 28
779 990 28
914 98 28
508 983 28
154 585 28
130 741 28
966 483 28
340 253 28
605 233 28
725 200 28
812 449 28
46 630 28
345 596 28
597 417 28
375 813 27
300 473 27
893 142 27
827 994 27
42 548 27
792 774 27
760 656 27
562 129 27
623 912 27
949 720 27
833 843 27
645 332 27
712 936 27
725 756 27
629 884 27
750 171 27
964 201 27
743 989 27
963 565 27
767 789 27
124 90 27
588 69 27
958 800 27
277 546 27
180 805 27
364 84 27
586 850 27
934 459 27
86 581 27
854 740 27
455 553 27
591 284 27
624 448 27
388 9 27
386 500 27
318 72 27
83 236 27
566 459 27
200 550 27
816 663 27
881 776 27
216 387 27
446 273 27
464 782 27
782 848 27
272 246 27
680 626 27
124 448 27
51 947 27
459 946 27
427 610 27
54 635 26
810 821 26
999 425 26
448 753 26
848 358 26
76 176 26
740 363 26
234 998 26
96 818 26
155 526 26
62 325 26
571 706 26
982 293 26
63 350 26
737 167 26
596 991 26
945 602 26
443 10 26
689 408 26
953 750 26
456 720 26
198 390 26
917 42 26
929 107 26
963 339 26
92 610 26
749 984 26
184 507 26
1 7 26
800 702 26
451 437 26
65 965 26
738 302 26
648 645 26
312 760 26
577 316 26
780 108 26
220 76 26
715 39 25
211 294 25
184 340 25
832 126 25
200 68 25
621 361 25
692 756 25
296 635 25
118 943 25
831 930 25
499 149 25
517 525 25
112 710 25
876 266 25
218 352 25
620 98 25
28 777 25
843 252 25
797 390 25
519 283 25
768 977 25
743 910 25
371 819 25
578 499 25
873 559 25
931 189 25
46 896 25
834 272 25
689 193 25
524 837 25
515 378 25
872 369 25
573 31 25
22 765 25
582 544 25
243 416 25
837 533 25
306 847 25
747 754 25
94 889 24
437 254 24
364 445 24
295 771 24
351 106 24
109 617 24
79 108 24
596 683 24
526 828 24
677 271 24
532 622 24
374 335 24
147 494 24
302 714 24
973 457 24
55 308 24
18 635 24
228 33 24
948 196 24
339 168 24
836 959 24
782 203 24
996 762 24
339 151 24
684 248 24
200 922 24
731 746 24
381 318 24
901 579 24
838 81 24
950 943 24
259 813 24
937 720 24
104 946 24
245 20 24
620 588 24
853 88 24
524 601 24
434 200 24
476 951 24
92 286 24
707 282 24
827 889 24
280 269 24
681 647 24
715 375 24
307 149 24
154 549 23
97 301 23
289 197 23
108 288 23
235 61 23
756 791 23
648 665 23
572 860 23
747 374 23
920 290 23
132 893 23
599 708 23
126 675 23
406 520 23
771 269 23
980 830 23
898 835 23
784 563 23
35 78 23
359 784 23
617 726 23
348 510 23
863 493 23
220 199 23
592 415 23
779 668 23
702 538 23
696 409 23
76 515 23
641 790 23
218 98 23
238 151 23
174 72 23
157 558 23
190 781 23
824 573 23
827 522 22
65 350 22
355 147 22
768 0 22
782 241 22
423 324 22
799 714 22
852 978 22
781 358 22
719 195 22
575 651 22
937 805 22
572 869 22
401 284 22
513 913 22
798 578 22
373 848 22
938 526 22
650 568 22
705 753 22
275 338 22
743 756 22
565 125 22
463 469 22
724 48 22
393 192 22
241 234 22
825 535 22
265 388 22
353 160 22
861 297 22
992 733 22
634 540 22
898 14 22
430 944 22
175 982 22
367 959 22
932 375 21
979 855 21
150 524 21
519 48 21
497 491 21
872 915 21
203 156 21
804 447 21
640 570 21
50 850 21
54 504 21
358 242 21
207 533 21
189 743 21
148 623 21
863 294 21
327 253 21
581 606 21
65 988 21
609 700 21
851 289 21
204 678 21
54 586 21
916 822 21
536 322 21
548 589 21
188 951 21
720 222 21
361 718 21
833 574 21
414 59 21
443 146 21
595 210 21
861 113 21
517 492 21
744 146 21
292 353 21
133 869 21
278 527 21
207 554 21
688 137 21
241 669 21
315 268 21
410 367 21
707 563 21
474 835 21
183 792 20
575 860 20
330 788 20
217 338 20
545 808 20
688 390 20
655 470 20
988 424 20
757 629 20
363 873 20
812 600 20
999 97 20
345 252 20
850 605 20
661 273 20
234 707 20
946 592 20
455 463 20
784 117 20
85 989 20
668 708 20
293 26 20
391 756 20
779 61 20
367 445 20
541 957 20
885 676 20
852 720 20
295 204 20
803 631 20
374 489 20
68 28 20
257 242 20
112 328 20
793 968 20
577 57 20
367 641 20
592 887 20
89 869 19
826 187 19
941 33 19
975 899 19
329 553 19
315 655 19
129 282 19
252 930 19
607 298 19
156 867 19
187 108 19
390 818 19
957 978 19
310 326 19
954 85 19
247 538 19
459 748 19
308 80 19
108 526 19
167 152 19
250 308 19
86 360 19
475 688 19
608 577 19
985 522 19
935 389 19
631 742 19
753 805 19
427 135 19
130 427 19
898 591 19
616 338 19
566 371 19
601 274 19
858 974 19
230 491 19
484 62 18
621 280 18
725 971 18
24 414 18
708 382 18
712 94 18
595 265 18
704 287 18
445 769 18
649 775 18
358 808 18
192 636 18
340 749 18
646 189 18
233 66 18
334 61 18
677 999 18
44 456 18
88 323 18
786 15 18
992 374 18
736 779 18
408 88 18
940 924 18
261 229 18
826 162 18
927 674 18
550 870 18
673 396 18
50 966 18
721 249 18
92 190 17
168 522 17
95 719 17
460 682 17
14 935 17
252 749 17
976 733 17
880 230 17
482 860 17
644 56 17
499 958 17
897 301 17
205 289 17
599 621 17
430 173 17
979 409 17
360 610 17
66 524 17
869 129 17
558 77 17
151 905 17
663 588 17
366 530 17
279 271 17
396 813 17
74 271 17
385 992 17
350 603 17
867 52 17
913 655 17
518 821 17
611 426 17
767 305 16
618 512 16
483 917 16
974 898 16
218 85 16
373 852 16
628 920 16
338 393 16
464 981 16
768 365 16
501 699 16
631 462 16
459 851 16
517 434 16
43 77 16
413 452 16
311 197 16
499 360 16
111 499 16
625 12 16
260 835 16
784 684 16
642 228 16
917 8 16
796 272 16
260 764 16
100 365 16
442 785 16
657 921 16
147 119 16
355 819 16
899 917 16
38 513 16
256 449 16
428 936 16
351 6 16
261 490 16
262 754 16
136 601 16
257 577 16
428 48 16
887 400 16
393 394 16
147 681 16
226 49 16
496 944 16
452 216 16
523 22 16
640 371 15
362 198 15
817 287 15
695 980 15
802 514 15
188 632 15
296 108 15
852 266 15
413 777 15
560 73 15
355 286 15
567 120 15
830 45 15
117 44 15
53 847 15
95 356 15
882 150 15
131 450 15
289 138 15
651 572 15
701 965 15
918 572 15
837 596 15
588 712 15
154 500 15
58 236 15
940 942 15
987 422 15
533 535 15
984 634 15
322 907 15
345 500 15
197 447 15
408 224 15
908 486 15
979 874 15
678 541 15
52 825 15
55 174 15
175 698 14
216 720 14
761 461 14
617 266 14
638 900 14
458 490 14
988 27 14
757 473 14
913 216 14
72 855 14
436 10 14
839 335 14
848 411 14
981 102 14
142 181 14
177 867 14
675 808 14
295 20 14
497 571 14
332 917 14
631 994 14
837 261 14
160 35 14
178 784 14
317 71 14
900 703 14
351 564 14
81 932 14
118 886 14
798 557 14
984 648 14
816 926 14
757 695 14
810 849 14
824 966 14
255 0 14
871 280 14
789 939 13
348 641 13
414 187 13
332 749 13
500 593 13
856 602 13
575 531 13
464 577 13
496 772 13
39 225 13
250 940 13
764 414 13
806 651 13
51 404 13
496 561 13
123 355 13
205 824 13
202 219 13
109 576 13
834 77 13
772 66 13
388 867 13
794 758 13
259 307 13
6 749 13
381 623 13
659 683 13
315 951 13
234 869 13
676 994 13
438 189 13
413 786 13
535 588 13
766 706 13
350 91 13
155 8 13
474 725 13
442 159 13
910 169 13
148 515 13
261 83 12
272 895 12
228 310 12
64 391 12
837 130 12
477 486 12
819 544 12
209 495 12
314 538 12
437 58 12
429 946 12
206 993 12
547 175 12
807 39 12
385 160 12
872 533 12
375 676 12
339 240 12
61 877 12
731 278 12
45 74 12
295 39 12
749 382 12
964 650 12
484 358 12
557 976 12
943 20 12
14 133 12
145 291 12
90 178 12
340 910 12
116 66 11
831 336 11
198 272 11
801 509 11
87 309 11
934 32 11
669 38 11
579 625 11
339 873 11
163 440 11
882 237 11
135 422 11
615 114 11
898 717 11
33 889 11
401 78 11
391 329 11
284 297 11
822 372 11
160 508 11
280 731 11
211 38 11
563 694 11
353 784 11
350 233 11
322 642 11
550 991 11
177 922 11
577 714 11
699 883 11
575 907 11
370 532 11
95 767 11
311 70 11
106 871 11
108 742 11
259 95 11
585 957 11
274 510 11
649 463 11
26 601 11
210 278 11
929 826 11
556 289 10
434 186 10
612 619 10
769 568 10
864 158 10
606 885 10
235 785 10
269 559 10
751 682 10
623 825 10
451 612 10
451 72 10
324 201 10
579 618 10
432 704 10
267 902 10
845 555 10
900 677 10
833 576 10
132 642 10
213 31 10
883 267 10
250 538 10
950 825 10
951 975 10
837 878 10
180 287 10
57 680 10
171 871 10
132 901 10
129 89 10
630 794 10
785 614 10
608 348 10
459 879 10
790 798 10
369 61 10
825 751 10
484 208 10
559 25 10
400 711 9
413 87 9
944 310 9
749 309 9
812 167 9
846 804 9
45 584 9
410 949 9
881 88 9
126 704 9
612 374 9
194 913 9
308 494 9
277 638 9
988 834 9
121 234 9
75 394 9
518 543 9
453 682 9
920 154 9
364 923 9
954 175 9
964 309 9
898 390 9
455 992 9
736 846 9
329 423 9
502 689 9
841 765 9
211 613 9
465 493 9
813 662 9
255 959 9
88 889 9
871 261 9
953 610 9
831 603 9
367 125 9
585 528 9
739 138 8
50 551 8
438 890 8
381 772 8
378 627 8
611 435 8
146 912 8
252 457 8
486 197 8
962 354 8
230 741 8
232 384 8
920 30 8
120 368 8
19 690 8
36 653 8
352 98 8
389 401 8
113 611 8
414 855 8
23 896 8
233 497 8
296 382 8
704 600 8
521 598 8
656 187 8
714 307 8
518 206 8
835 612 8
836 784 7
340 392 7
697 797 7
462 451 7
150 738 7
306 942 7
104 676 7
3 474 7
327 81 7
776 924 7
798 829 7
114 448 7
764 823 7
21 605 7
951 178 7
324 571 7
173 518 7
82 894 7
27 942 7
715 594 7
161 998 7
586 985 7
601 198 7
15 388 7
688 555 7
631 17 7
447 523 7
599 601 7
17 50 7
563 456 7
815 392 7
828 460 7
971 949 7
500 729 7
925 468 7
714 609 7
555 300 7
214 572 7
460 440 7
815 92 7
901 269 7
594 607 7
264 634 7
608 391 7
747 446 6
608 602 6
18 497 6
539 102 6
939 450 6
102 39 6
231 336 6
730 249 6
917 343 6
558 365 6
652 695 6
34 629 6
27 379 6
153 631 6
337 39 6
481 173 6
641 412 6
216 648 6
452 682 6
114 24 6
173 946 6
649 797 6
891 864 6
77 289 6
403 409 6
651 858 6
286 305 6
321 713 6
489 141 6
818 113 6
726 904 6
944 293 6
333 743 6
164 257 6
758 671 6
261 78 6
614 97 6
695 897 6
370 434 5
975 643 5
792 178 5
715 649 5
942 771 5
305 782 5
506 336 5
27 985 5
930 233 5
167 84 5
768 583 5
976 370 5
475 637 5
686 399 5
841 375 5
727 3 5
434 45 5
169 442 5
41 173 5
90 899 5
759 631 5
489 197 5
262 833 5
399 630 5
888 575 5
563 929 5
964 445 5
461 446 5
78 485 5
620 245 5
21 658 5
530 693 5
410 889 5
667 517 5
826 240 5
725 106 5
742 432 5
880 359 5
213 394 5
460 240 5
491 33 5
730 354 4
123 340 4
45 895 4
286 905 4
722 760 4
775 244 4
488 456 4
84 990 4
159 262 4
688 625 4
211 827 4
633 950 4
451 275 4
15 987 4
770 929 4
834 821 4
788 831 4
488 463 4
695 719 4
984 27 4
501 340 4
127 508 4
98 469 4
950 631 4
381 959 4
571 345 4
616 106 4
277 651 4
828 20 4
465 770 4
887 292 4
599 183 4
730 744 4
440 583 4
316 529 4
730 134 4
621 121 4
225 943 4
863 421 4
153 804 3
104 107 3
799 556 3
95 153 3
599 783 3
330 679 3
260 930 3
422 709 3
73 207 3
887 689 3
245 605 3
569 950 3
175 929 3
324 231 3
207 886 3
245 876 3
819 316 3
755 581 3
627 990 3
910 815 3
585 675 3
645 807 3
518 490 3
807 225 3
637 105 3
54 350 3
939 12 3
320 433 3
844 285 3
688 899 3
370 746 3
78 194 3
547 927 3
5 300 2
149 968 2
426 688 2
328 403 2
13 583 2
495 424 2
848 740 2
227 136 2
472 172 2
753 182 2
454 470 2
859 376 2
25 27 2
25 763 2
8 363 2
971 606 2
170 991 2
827 622 2
41 19 2
134 62 2
265 928 2
299 618 2
368 724 2
416 548 2
362 148 2
343 187 2
254 113 2
412 406 2
458 65 2
888 72 2
125 130 2
106 20 2
703 288 2
120 336 2
524 369 1
232 101 1
186 335 1
355 397 1
255 905 1
694 39 1
216 32 1
847 701 1
169 193 1
217 838 1
173 644 1
851 670 1
81 830 1
69 392 1
433 547 1
910 856 1
818 267 1
303 409 1
699 307 1
875 103 1
274 384 1
235 663 1
534 253 1
307 667 1
464 655 1
425 716 1
727 198 1
149 189 1
811 103 1
966 405 1
716 974 1
78 405 1
299 814 1
854 616 1
672 862 1
567 93 1
827 765 1
646 496 1
29 41 1
147 516 1
723 288 1
609 113 1
