1 0 92
0 1 84
2 1 88
1 2 90
3 2 91
2 3 100
4 3 94
3 4 86
5 4 100
4 5 100
4 5 100
5 4 100
1 5 68
5 1 91
4 5 86
5 4 90
2 6 100
6 2 88
3 6 99
6 3 91
4 6 95
6 4 94
4 7 61
7 4 70
5 7 81
7 5 93
6 7 87
7 6 58
4 8 82
8 4 91
5 8 100
8 5 92
6 8 94
8 6 95
7 9 100
9 7 100
7 9 82
9 7 89
4 9 84
9 4 76
6 10 66
10 6 94
8 10 83
10 8 98
1 10 83
10 1 89
10 11 82
11 10 90
5 11 71
11 5 71
4 11 78
11 4 68
10 12 83
12 10 94
11 12 90
12 11 93
6 12 73
12 6 81
6 13 86
13 6 80
4 13 87
13 4 91
8 13 93
13 8 92
3 14 86
14 3 98
12 14 84
14 12 95
10 14 81
14 10 82
1 15 100
15 1 77
4 15 87
15 4 85
6 15 97
15 6 86
8 16 82
16 8 83
11 16 71
16 11 94
0 16 81
16 0 86
13 17 94
17 13 95
16 17 87
17 16 80
4 17 66
17 4 90
16 18 94
18 16 90
0 18 86
18 0 93
12 18 96
18 12 94
2 19 100
19 2 95
14 19 100
19 14 94
6 19 87
19 6 96
6 20 100
20 6 100
6 20 97
20 6 100
15 20 100
20 15 93
6 21 100
21 6 99
10 21 99
21 10 90
0 21 98
21 0 88
5 22 77
22 5 75
4 22 87
22 4 72
21 22 86
22 21 100
11 23 83
23 11 81
1 23 96
23 1 85
10 23 90
23 10 91
12 24 87
24 12 96
0 24 91
24 0 91
3 24 100
24 3 100
7 25 96
25 7 86
13 25 88
25 13 100
1 25 86
25 1 85
17 26 93
26 17 89
22 26 100
26 22 100
22 26 92
26 22 92
26 27 100
27 26 100
24 27 100
27 24 91
26 27 87
27 26 85
22 28 78
28 22 76
0 28 90
28 0 79
7 28 85
28 7 70
4 29 100
29 4 100
26 29 100
29 26 100
4 29 91
29 4 89
9 30 100
30 9 100
1 30 95
30 1 85
9 30 100
30 9 87
11 31 86
31 11 84
14 31 92
31 14 76
1 31 78
31 1 90
6 32 100
32 6 100
4 32 79
32 4 78
6 32 91
32 6 86
14 33 88
33 14 95
24 33 96
33 24 95
8 33 99
33 8 90
4 34 92
34 4 75
14 34 93
34 14 94
0 34 90
34 0 95
1 35 99
35 1 82
23 35 95
35 23 98
7 35 90
35 7 93
22 36 88
36 22 100
4 36 96
36 4 92
17 36 96
36 17 86
0 37 94
37 0 100
21 37 100
37 21 100
11 37 91
37 11 100
35 38 96
38 35 97
22 38 91
38 22 90
8 38 87
38 8 100
4 39 93
39 4 77
23 39 96
39 23 99
1 39 95
39 1 88
24 40 91
40 24 82
4 40 85
40 4 72
6 40 86
40 6 75
16 41 92
41 16 98
4 41 94
41 4 100
12 41 88
41 12 100
27 42 99
42 27 96
15 42 100
42 15 94
40 42 87
42 40 99
1 43 96
43 1 87
32 43 95
43 32 100
10 43 98
43 10 90
12 44 88
44 12 94
14 44 93
44 14 71
3 44 93
44 3 97
1 45 88
45 1 100
4 45 93
45 4 98
11 45 100
45 11 100
17 46 85
46 17 100
1 46 96
46 1 100
6 46 95
46 6 94
7 47 100
47 7 100
4 47 88
47 4 77
7 47 97
47 7 88
16 48 91
48 16 100
6 48 87
48 6 92
7 48 95
48 7 95
17 49 94
49 17 91
23 49 100
49 23 100
21 49 92
49 21 99
0 50 95
50 0 100
12 50 91
50 12 87
1 50 95
50 1 95
4 51 89
51 4 99
6 51 92
51 6 93
28 51 100
51 28 95
4 52 92
52 4 100
16 52 94
52 16 98
31 52 92
52 31 99
7 53 78
53 7 89
12 53 88
53 12 87
25 53 100
53 25 100
4 54 93
54 4 92
14 54 96
54 14 96
53 54 94
54 53 100
3 55 100
55 3 100
3 55 98
55 3 94
4 55 94
55 4 87
16 56 90
56 16 88
52 56 95
56 52 94
38 56 91
56 38 92
7 57 87
57 7 95
8 57 100
57 8 95
55 57 95
57 55 94
14 58 78
58 14 89
25 58 95
58 25 100
50 58 100
58 50 100
0 59 100
59 0 98
11 59 99
59 11 97
26 59 100
59 26 100
39 60 100
60 39 100
7 60 97
60 7 100
27 60 84
60 27 96
7 61 91
61 7 79
56 61 100
61 56 99
4 61 77
61 4 67
6 62 91
62 6 96
27 62 96
62 27 91
9 62 95
62 9 94
29 63 100
63 29 97
31 63 86
63 31 83
53 63 89
63 53 97
5 64 85
64 5 96
11 64 91
64 11 79
40 64 95
64 40 91
6 65 84
65 6 79
13 65 90
65 13 95
55 65 98
65 55 88
6 66 74
66 6 85
22 66 91
66 22 88
62 66 95
66 62 100
11 67 97
67 11 96
55 67 100
67 55 100
10 67 100
67 10 98
0 68 97
68 0 93
5 68 91
68 5 91
39 68 93
68 39 88
52 69 95
69 52 98
4 69 86
69 4 73
15 69 90
69 15 89
11 70 81
70 11 93
16 70 94
70 16 81
3 70 90
70 3 93
14 71 100
71 14 93
10 71 96
71 10 100
24 71 100
71 24 100
15 72 88
72 15 95
16 72 100
72 16 82
60 72 98
72 60 98
4 73 84
73 4 84
49 73 90
73 49 98
22 73 95
73 22 97
7 74 86
74 7 98
4 74 89
74 4 97
10 74 98
74 10 99
39 75 95
75 39 78
16 75 79
75 16 87
41 75 97
75 41 98
6 76 93
76 6 82
75 76 95
76 75 96
31 76 97
76 31 95
9 77 81
77 9 90
63 77 94
77 63 95
31 77 99
77 31 96
33 78 89
78 33 95
40 78 93
78 40 90
56 78 96
78 56 88
28 79 95
79 28 90
12 79 93
79 12 94
35 79 85
79 35 99
27 80 97
80 27 92
56 80 100
80 56 92
26 80 100
80 26 97
11 81 91
81 11 93
26 81 96
81 26 100
14 81 90
81 14 93
75 82 99
82 75 99
79 82 100
82 79 96
12 82 77
82 12 86
4 83 97
83 4 93
8 83 100
83 8 100
15 83 97
83 15 85
9 84 100
84 9 92
2 84 100
84 2 95
53 84 90
84 53 98
9 85 97
85 9 95
28 85 80
85 28 100
0 85 88
85 0 88
4 86 92
86 4 95
6 86 86
86 6 90
12 86 94
86 12 95
11 87 99
87 11 100
17 87 100
87 17 97
40 87 90
87 40 100
4 88 99
88 4 95
10 88 100
88 10 100
7 88 94
88 7 92
12 89 88
89 12 87
57 89 95
89 57 100
68 89 96
89 68 94
16 90 90
90 16 100
14 90 97
90 14 95
54 90 100
90 54 96
7 91 96
91 7 91
57 91 97
91 57 100
25 91 98
91 25 97
8 92 99
92 8 100
13 92 92
92 13 100
14 92 88
92 14 86
74 93 98
93 74 100
85 93 93
93 85 100
4 93 93
93 4 74
77 94 95
94 77 96
36 94 95
94 36 100
60 94 94
94 60 97
3 95 100
95 3 97
4 95 68
95 4 96
28 95 94
95 28 82
14 96 95
96 14 95
17 96 100
96 17 92
65 96 99
96 65 100
44 97 100
97 44 100
74 97 98
97 74 100
7 97 100
97 7 88
26 98 100
98 26 94
49 98 100
98 49 99
85 98 100
98 85 100
83 99 100
99 83 94
40 99 94
99 40 89
73 99 94
99 73 92
15 100 94
100 15 100
5 100 92
100 5 72
17 100 97
100 17 71
83 101 97
101 83 100
49 101 96
101 49 100
61 101 100
101 61 98
0 102 91
102 0 99
7 102 94
102 7 86
85 102 88
102 85 93
42 103 97
103 42 100
99 103 94
103 99 100
5 103 85
103 5 90
14 104 92
104 14 92
5 104 94
104 5 89
27 104 96
104 27 85
4 105 96
105 4 82
32 105 100
105 32 97
90 105 91
105 90 100
12 106 95
106 12 90
11 106 86
106 11 86
104 106 90
106 104 92
28 107 100
107 28 100
6 107 90
107 6 90
22 107 100
107 22 96
75 108 92
108 75 100
7 108 94
108 7 100
12 108 98
108 12 95
55 109 96
109 55 100
52 109 100
109 52 100
74 109 98
109 74 93
17 110 83
110 17 100
60 110 97
110 60 97
69 110 95
110 69 98
4 111 83
111 4 98
17 111 98
111 17 96
80 111 98
111 80 90
3 112 95
112 3 95
17 112 96
112 17 100
45 112 93
112 45 100
4 113 83
113 4 96
16 113 99
113 16 97
41 113 92
113 41 97
4 114 85
114 4 94
10 114 97
114 10 91
14 114 95
114 14 94
49 115 94
115 49 99
72 115 92
115 72 93
93 115 98
115 93 86
30 116 100
116 30 95
13 116 75
116 13 91
99 116 95
116 99 84
1 117 85
117 1 100
7 117 96
117 7 78
34 117 85
117 34 97
3 118 96
118 3 100
0 118 81
118 0 96
10 118 90
118 10 92
14 119 94
119 14 100
26 119 97
119 26 97
27 119 100
119 27 99
6 120 82
120 6 93
22 120 93
120 22 93
23 120 92
120 23 100
0 121 91
121 0 98
18 121 100
121 18 90
26 121 100
121 26 100
81 122 100
122 81 100
1 122 88
122 1 100
17 122 97
122 17 85
1 123 93
123 1 88
16 123 87
123 16 89
40 123 97
123 40 87
4 124 85
124 4 99
22 124 100
124 22 95
10 124 87
124 10 100
7 125 89
125 7 91
1 125 82
125 1 95
0 125 100
125 0 88
1 126 82
126 1 99
32 126 96
126 32 100
4 126 97
126 4 97
38 127 100
127 38 96
21 127 100
127 21 97
60 127 95
127 60 96
72 128 94
128 72 100
8 128 93
128 8 98
24 128 97
128 24 87
12 129 78
129 12 89
72 129 100
129 72 94
26 129 97
129 26 100
6 130 99
130 6 91
32 130 100
130 32 100
7 130 85
130 7 79
17 131 98
131 17 95
34 131 100
131 34 85
106 131 98
131 106 91
16 132 96
132 16 100
63 132 100
132 63 93
112 132 98
132 112 100
1 133 99
133 1 95
5 133 100
133 5 96
23 133 95
133 23 91
39 134 100
134 39 93
14 134 100
134 14 89
114 134 98
134 114 100
3 135 96
135 3 100
62 135 94
135 62 96
14 135 97
135 14 98
0 136 100
136 0 100
0 136 85
136 0 77
27 136 96
136 27 83
16 137 100
137 16 100
17 137 93
137 17 92
0 137 95
137 0 86
7 138 100
138 7 95
16 138 99
138 16 100
8 138 99
138 8 100
0 139 99
139 0 97
31 139 98
139 31 99
62 139 87
139 62 100
7 140 84
140 7 94
11 140 100
140 11 95
17 140 89
140 17 87
75 141 100
141 75 92
6 141 77
141 6 96
33 141 98
141 33 95
11 142 89
142 11 100
120 142 99
142 120 98
26 142 92
142 26 98
22 143 84
143 22 90
109 143 96
143 109 99
30 143 94
143 30 100
133 144 100
144 133 100
124 144 97
144 124 97
1 144 75
144 1 84
1 145 100
145 1 84
125 145 96
145 125 98
38 145 99
145 38 100
136 146 95
146 136 100
26 146 96
146 26 94
7 146 100
146 7 94
1 147 88
147 1 74
84 147 94
147 84 95
32 147 96
147 32 90
23 148 93
148 23 88
91 148 97
148 91 86
115 148 92
148 115 93
17 149 96
149 17 90
27 149 90
149 27 98
8 149 99
149 8 82
9 150 100
150 9 100
12 150 98
150 12 96
76 150 100
150 76 99
72 151 100
151 72 96
82 151 100
151 82 96
59 151 98
151 59 100
26 152 100
152 26 100
32 152 100
152 32 100
80 152 100
152 80 88
14 153 95
153 14 94
85 153 92
153 85 100
4 153 84
153 4 88
4 154 100
154 4 96
17 154 99
154 17 95
72 154 93
154 72 100
16 155 91
155 16 93
93 155 100
155 93 99
113 155 95
155 113 100
62 156 97
156 62 100
47 156 100
156 47 100
14 156 99
156 14 98
91 157 95
157 91 100
38 157 96
157 38 100
17 157 96
157 17 96
9 158 95
158 9 95
1 158 100
158 1 95
16 158 100
158 16 99
72 159 85
159 72 87
82 159 91
159 82 99
85 159 88
159 85 88
76 160 96
160 76 100
139 160 100
160 139 100
148 160 97
160 148 100
8 161 95
161 8 93
71 161 93
161 71 96
82 161 100
161 82 97
24 162 100
162 24 100
8 162 95
162 8 95
39 162 93
162 39 91
155 163 95
163 155 100
95 163 100
163 95 95
16 163 93
163 16 85
10 164 100
164 10 92
106 164 94
164 106 100
63 164 92
164 63 98
12 165 92
165 12 95
136 165 93
165 136 99
70 165 95
165 70 88
39 166 91
166 39 93
17 166 92
166 17 92
55 166 100
166 55 96
2 167 90
167 2 97
20 167 100
167 20 100
31 167 88
167 31 93
53 168 84
168 53 99
90 168 94
168 90 100
162 168 100
168 162 100
31 169 95
169 31 97
116 169 92
169 116 93
22 169 93
169 22 96
100 170 93
170 100 98
97 170 100
170 97 90
23 170 94
170 23 93
99 171 100
171 99 99
164 171 95
171 164 95
100 171 94
171 100 94
7 172 97
172 7 100
44 172 95
172 44 100
0 172 100
172 0 90
16 173 91
173 16 95
21 173 100
173 21 99
58 173 96
173 58 96
17 174 90
174 17 89
53 174 96
174 53 99
136 174 100
174 136 100
16 175 98
175 16 99
5 175 84
175 5 92
7 175 94
175 7 82
46 176 97
176 46 100
166 176 100
176 166 93
90 176 100
176 90 95
66 177 100
177 66 100
11 177 91
177 11 93
82 177 93
177 82 100
128 178 95
178 128 95
94 178 94
178 94 98
108 178 91
178 108 100
103 179 95
179 103 100
64 179 94
179 64 100
93 179 100
179 93 98
11 180 91
180 11 100
80 180 96
180 80 93
169 180 98
180 169 93
94 181 98
181 94 100
107 181 97
181 107 100
7 181 99
181 7 95
0 182 95
182 0 96
130 182 99
182 130 100
87 182 95
182 87 100
79 183 100
183 79 100
72 183 100
183 72 96
24 183 93
183 24 100
54 184 96
184 54 100
24 184 92
184 24 94
53 184 100
184 53 95
5 185 94
185 5 100
16 185 98
185 16 98
164 185 100
185 164 98
15 186 90
186 15 96
186 186 100
186 186 100
148 186 100
186 148 91
4 187 92
187 4 87
1 187 86
187 1 91
64 187 100
187 64 84
128 188 94
188 128 90
151 188 89
188 151 100
0 188 98
188 0 90
152 189 100
189 152 91
92 189 93
189 92 97
144 189 89
189 144 99
14 190 99
190 14 97
31 190 94
190 31 100
26 190 93
190 26 93
179 191 97
191 179 98
29 191 100
191 29 100
69 191 94
191 69 100
17 192 96
192 17 83
21 192 94
192 21 97
104 192 97
192 104 95
7 193 84
193 7 95
64 193 100
193 64 100
44 193 100
193 44 96
7 194 65
194 7 98
150 194 96
194 150 100
15 194 94
194 15 82
122 195 99
195 122 98
135 195 100
195 135 100
1 195 97
195 1 99
5 196 85
196 5 100
27 196 100
196 27 97
65 196 100
196 65 94
7 197 100
197 7 88
123 197 100
197 123 100
123 197 89
197 123 99
14 198 100
198 14 99
16 198 89
198 16 88
24 198 96
198 24 100
132 199 99
199 132 100
17 199 85
199 17 93
70 199 100
199 70 99
38 200 100
200 38 98
70 200 95
200 70 93
128 200 98
200 128 99
14 201 66
201 14 78
122 201 97
201 122 98
197 201 86
201 197 98
104 202 100
202 104 93
39 202 97
202 39 100
11 202 92
202 11 100
1 203 95
203 1 93
182 203 99
203 182 100
117 203 96
203 117 86
90 204 97
204 90 93
112 204 100
204 112 98
3 204 97
204 3 98
55 205 100
205 55 100
93 205 96
205 93 81
110 205 100
205 110 100
171 206 95
206 171 99
4 206 76
206 4 87
96 206 93
206 96 95
2 207 100
207 2 98
4 207 87
207 4 97
17 207 100
207 17 100
119 208 100
208 119 95
93 208 100
208 93 95
106 208 85
208 106 100
99 209 98
209 99 96
126 209 91
209 126 100
113 209 100
209 113 98
5 210 100
210 5 98
53 210 100
210 53 100
8 210 100
210 8 95
177 211 100
211 177 97
14 211 83
211 14 81
32 211 99
211 32 97
3 212 95
212 3 96
7 212 86
212 7 85
106 212 95
212 106 100
74 213 89
213 74 99
99 213 100
213 99 100
0 213 90
213 0 96
25 214 96
214 25 100
164 214 96
214 164 100
191 214 100
214 191 92
164 215 99
215 164 100
17 215 97
215 17 93
87 215 96
215 87 100
12 216 95
216 12 95
141 216 90
216 141 100
177 216 100
216 177 99
6 217 100
217 6 94
1 217 89
217 1 86
194 217 86
217 194 100
34 218 95
218 34 92
50 218 100
218 50 100
50 218 98
218 50 100
93 219 93
219 93 97
28 219 92
219 28 98
106 219 93
219 106 98
17 220 96
220 17 100
111 220 96
220 111 100
148 220 100
220 148 90
90 221 97
221 90 100
22 221 91
221 22 90
100 221 93
221 100 95
18 222 93
222 18 92
74 222 96
222 74 100
145 222 97
222 145 93
149 223 100
223 149 100
5 223 92
223 5 96
126 223 100
223 126 90
106 224 95
224 106 95
126 224 90
224 126 100
73 224 100
224 73 94
7 225 100
225 7 93
5 225 93
225 5 98
141 225 100
225 141 100
49 226 91
226 49 95
115 226 100
226 115 100
9 226 90
226 9 100
6 227 100
227 6 98
7 227 95
227 7 95
14 227 95
227 14 95
7 228 96
228 7 93
153 228 92
228 153 100
1 228 95
228 1 92
77 229 91
229 77 100
116 229 96
229 116 96
136 229 97
229 136 89
5 230 99
230 5 98
80 230 96
230 80 100
56 230 95
230 56 99
6 231 86
231 6 73
176 231 100
231 176 98
136 231 86
231 136 94
0 232 89
232 0 88
21 232 100
232 21 95
65 232 86
232 65 100
5 233 88
233 5 88
14 233 95
233 14 100
69 233 92
233 69 93
4 234 89
234 4 100
7 234 93
234 7 89
31 234 94
234 31 89
7 235 88
235 7 95
6 235 96
235 6 94
9 235 94
235 9 92
11 236 91
236 11 92
40 236 99
236 40 100
174 236 100
236 174 95
50 237 96
237 50 100
4 237 96
237 4 89
69 237 100
237 69 98
27 238 93
238 27 95
30 238 99
238 30 91
49 238 95
238 49 93
11 239 96
239 11 98
28 239 98
239 28 84
39 239 93
239 39 97
7 240 99
240 7 97
3 240 100
240 3 94
8 240 93
240 8 91
17 241 95
241 17 100
139 241 100
241 139 100
180 241 100
241 180 100
75 242 95
242 75 93
85 242 97
242 85 99
240 242 95
242 240 99
6 243 89
243 6 100
137 243 100
243 137 100
22 243 95
243 22 100
134 244 100
244 134 98
97 244 95
244 97 95
0 244 98
244 0 99
4 245 84
245 4 67
124 245 100
245 124 97
169 245 95
245 169 100
136 246 100
246 136 91
157 246 92
246 157 100
11 246 93
246 11 68
110 247 100
247 110 100
102 247 96
247 102 99
146 247 100
247 146 96
135 248 100
248 135 96
233 248 91
248 233 95
7 248 92
248 7 90
128 249 92
249 128 97
113 249 91
249 113 100
137 249 97
249 137 84
206 250 100
250 206 100
23 250 100
250 23 100
17 250 96
250 17 96
14 251 95
251 14 94
40 251 95
251 40 93
151 251 95
251 151 90
12 252 100
252 12 92
118 252 98
252 118 97
0 252 87
252 0 97
230 253 100
253 230 100
7 253 98
253 7 88
131 253 92
253 131 97
188 254 99
254 188 96
61 254 94
254 61 95
17 254 97
254 17 96
0 255 87
255 0 94
19 255 96
255 19 95
69 255 91
255 69 100
17 256 87
256 17 100
41 256 95
256 41 100
81 256 100
256 81 96
14 257 100
257 14 91
7 257 87
257 7 100
56 257 100
257 56 90
114 258 93
258 114 100
133 258 100
258 133 100
4 258 99
258 4 98
121 259 96
259 121 100
27 259 92
259 27 88
93 259 96
259 93 100
0 260 91
260 0 86
61 260 96
260 61 95
139 260 92
260 139 99
26 261 95
261 26 96
70 261 96
261 70 98
188 261 99
261 188 94
22 262 96
262 22 100
180 262 100
262 180 100
52 262 95
262 52 100
22 263 98
263 22 100
9 263 100
263 9 96
47 263 100
263 47 100
129 264 99
264 129 95
247 264 97
264 247 97
235 264 94
264 235 97
49 265 95
265 49 91
6 265 92
265 6 71
168 265 93
265 168 100
164 266 96
266 164 100
254 266 100
266 254 95
7 266 90
266 7 94
125 267 89
267 125 100
175 267 100
267 175 100
128 267 96
267 128 93
242 268 96
268 242 95
56 268 95
268 56 97
199 268 95
268 199 100
57 269 93
269 57 93
23 269 97
269 23 86
63 269 92
269 63 90
13 270 97
270 13 100
108 270 100
270 108 100
6 270 92
270 6 93
93 271 94
271 93 99
212 271 95
271 212 91
90 271 98
271 90 86
28 272 98
272 28 91
11 272 81
272 11 78
14 272 86
272 14 95
0 273 91
273 0 97
45 273 100
273 45 100
70 273 100
273 70 96
12 274 95
274 12 96
17 274 90
274 17 98
81 274 91
274 81 100
212 275 91
275 212 100
194 275 95
275 194 89
66 275 85
275 66 90
9 276 97
276 9 90
28 276 100
276 28 97
56 276 100
276 56 100
171 277 94
277 171 100
199 277 93
277 199 93
219 277 100
277 219 100
233 278 100
278 233 99
25 278 97
278 25 94
197 278 99
278 197 96
5 279 94
279 5 91
34 279 97
279 34 97
40 279 96
279 40 88
40 280 92
280 40 97
4 280 92
280 4 87
208 280 100
280 208 93
193 281 96
281 193 100
97 281 95
281 97 100
9 281 96
281 9 96
124 282 98
282 124 96
17 282 86
282 17 92
18 282 97
282 18 97
3 283 100
283 3 90
220 283 96
283 220 100
235 283 96
283 235 100
64 284 96
284 64 92
138 284 99
284 138 100
7 284 96
284 7 86
5 285 97
285 5 92
16 285 94
285 16 100
32 285 95
285 32 97
24 286 96
286 24 100
16 286 95
286 16 92
33 286 96
286 33 97
7 287 92
287 7 90
44 287 99
287 44 89
268 287 100
287 268 97
28 288 92
288 28 82
99 288 97
288 99 92
118 288 90
288 118 100
95 289 100
289 95 100
227 289 100
289 227 96
16 289 92
289 16 98
31 290 95
290 31 94
277 290 97
290 277 94
1 290 96
290 1 88
148 291 100
291 148 97
4 291 89
291 4 100
17 291 96
291 17 100
1 292 96
292 1 97
31 292 100
292 31 100
16 292 90
292 16 87
12 293 83
293 12 92
102 293 97
293 102 87
188 293 100
293 188 99
21 294 97
294 21 95
78 294 95
294 78 97
126 294 98
294 126 92
122 295 95
295 122 100
160 295 100
295 160 100
0 295 81
295 0 94
58 296 99
296 58 100
201 296 99
296 201 90
4 296 95
296 4 82
124 297 96
297 124 95
290 297 100
297 290 98
44 297 100
297 44 100
19 298 100
298 19 100
228 298 99
298 228 100
4 298 92
298 4 99
50 299 99
299 50 100
6 299 97
299 6 91
144 299 93
299 144 94
46 300 94
300 46 100
2 300 97
300 2 97
65 300 99
300 65 83
6 301 100
301 6 99
8 301 100
301 8 92
93 301 100
301 93 95
75 302 100
302 75 95
32 302 95
302 32 97
63 302 96
302 63 92
26 303 95
303 26 97
298 303 100
303 298 97
39 303 93
303 39 95
21 304 100
304 21 98
4 304 95
304 4 88
16 304 100
304 16 91
129 305 99
305 129 99
123 305 100
305 123 100
10 305 81
305 10 99
63 306 100
306 63 100
176 306 100
306 176 100
10 306 95
306 10 98
214 307 100
307 214 100
164 307 95
307 164 98
12 307 91
307 12 90
41 308 95
308 41 100
120 308 100
308 120 95
103 308 100
308 103 100
31 309 100
309 31 96
120 309 95
309 120 100
40 309 95
309 40 90
16 310 100
310 16 95
23 310 94
310 23 99
53 310 94
310 53 95
307 311 96
311 307 94
258 311 98
311 258 100
4 311 79
311 4 81
6 312 95
312 6 100
7 312 92
312 7 96
39 312 100
312 39 86
16 313 80
313 16 100
88 313 96
313 88 95
164 313 97
313 164 96
6 314 92
314 6 82
139 314 100
314 139 100
64 314 94
314 64 99
16 315 89
315 16 94
4 315 94
315 4 94
5 315 94
315 5 94
123 316 99
316 123 99
11 316 96
316 11 98
120 316 98
316 120 93
58 317 96
317 58 98
297 317 100
317 297 100
18 317 89
317 18 100
0 318 89
318 0 96
217 318 96
318 217 100
192 318 99
318 192 96
236 319 100
319 236 100
0 319 96
319 0 90
70 319 97
319 70 99
67 320 100
320 67 100
100 320 97
320 100 97
117 320 82
320 117 98
245 321 97
321 245 95
198 321 99
321 198 96
211 321 95
321 211 100
4 322 93
322 4 87
139 322 99
322 139 98
62 322 92
322 62 96
10 323 95
323 10 98
203 323 100
323 203 95
15 323 93
323 15 90
12 324 90
324 12 98
44 324 97
324 44 87
88 324 95
324 88 100
11 325 100
325 11 92
39 325 94
325 39 100
73 325 100
325 73 100
8 326 94
326 8 100
270 326 97
326 270 100
126 326 98
326 126 100
172 327 100
327 172 100
255 327 99
327 255 100
28 327 80
327 28 98
75 328 100
328 75 100
173 328 100
328 173 97
75 328 93
328 75 93
10 329 98
329 10 98
31 329 96
329 31 98
14 329 100
329 14 100
171 330 96
330 171 90
235 330 88
330 235 91
269 330 100
330 269 91
265 331 95
331 265 100
0 331 89
331 0 95
126 331 100
331 126 94
308 332 88
332 308 100
14 332 87
332 14 79
170 332 93
332 170 97
61 333 100
333 61 100
164 333 100
333 164 100
4 333 89
333 4 93
93 334 97
334 93 100
0 334 88
334 0 100
57 334 100
334 57 93
320 335 95
335 320 100
309 335 96
335 309 100
12 335 100
335 12 73
22 336 96
336 22 95
23 336 100
336 23 99
34 336 97
336 34 95
65 337 95
337 65 100
242 337 100
337 242 98
34 337 100
337 34 99
61 338 98
338 61 95
72 338 95
338 72 98
106 338 99
338 106 100
79 339 90
339 79 100
125 339 94
339 125 92
14 339 90
339 14 92
116 340 100
340 116 95
236 340 99
340 236 96
97 340 100
340 97 98
17 341 95
341 17 96
6 341 85
341 6 99
139 341 100
341 139 100
26 342 100
342 26 89
1 342 80
342 1 96
291 342 100
342 291 100
85 343 90
343 85 96
121 343 93
343 121 100
201 343 96
343 201 98
4 344 89
344 4 98
11 344 100
344 11 97
76 344 98
344 76 99
83 345 97
345 83 100
270 345 99
345 270 98
52 345 97
345 52 97
203 346 98
346 203 94
261 346 92
346 261 97
14 346 85
346 14 94
79 347 90
347 79 100
12 347 100
347 12 95
4 347 90
347 4 82
12 348 100
348 12 95
86 348 100
348 86 100
104 348 100
348 104 100
64 349 95
349 64 96
7 349 78
349 7 83
1 349 90
349 1 89
100 350 100
350 100 96
226 350 96
350 226 100
257 350 100
350 257 93
317 351 93
351 317 96
221 351 100
351 221 100
27 351 87
351 27 93
4 352 90
352 4 93
33 352 99
352 33 100
104 352 93
352 104 94
22 353 93
353 22 98
123 353 96
353 123 100
75 353 100
353 75 96
0 354 97
354 0 83
20 354 100
354 20 100
276 354 91
354 276 99
26 355 100
355 26 98
48 355 98
355 48 98
11 355 86
355 11 78
55 356 95
356 55 100
181 356 100
356 181 100
0 356 99
356 0 100
22 357 93
357 22 89
75 357 99
357 75 91
299 357 96
357 299 97
324 358 93
358 324 96
17 358 78
358 17 79
349 358 100
358 349 85
227 359 100
359 227 99
78 359 99
359 78 97
335 359 100
359 335 86
233 360 100
360 233 100
22 360 100
360 22 96
166 360 98
360 166 100
146 361 97
361 146 98
1 361 95
361 1 92
242 361 95
361 242 92
27 362 97
362 27 92
247 362 98
362 247 97
272 362 95
362 272 95
27 363 96
363 27 88
90 363 74
363 90 100
106 363 97
363 106 92
132 364 100
364 132 99
7 364 93
364 7 91
1 364 95
364 1 94
188 365 100
365 188 100
1 365 100
365 1 93
8 365 100
365 8 97
7 366 86
366 7 81
118 366 95
366 118 96
181 366 99
366 181 100
125 367 94
367 125 100
1 367 83
367 1 90
79 367 100
367 79 98
73 368 94
368 73 100
219 368 89
368 219 100
3 368 97
368 3 86
188 369 96
369 188 95
230 369 90
369 230 100
358 369 93
369 358 95
16 370 92
370 16 96
55 370 100
370 55 100
203 370 100
370 203 100
7 371 97
371 7 99
282 371 100
371 282 100
54 371 100
371 54 89
73 372 94
372 73 97
75 372 92
372 75 100
222 372 97
372 222 98
11 373 93
373 11 96
333 373 100
373 333 91
358 373 97
373 358 91
352 374 95
374 352 100
65 374 90
374 65 95
127 374 97
374 127 100
8 375 100
375 8 100
10 375 97
375 10 85
47 375 99
375 47 87
258 376 100
376 258 100
204 376 96
376 204 98
4 376 90
376 4 93
5 377 95
377 5 91
0 377 96
377 0 95
342 377 96
377 342 92
83 378 100
378 83 100
88 378 100
378 88 100
110 378 97
378 110 97
11 379 91
379 11 87
42 379 99
379 42 95
73 379 91
379 73 93
313 380 96
380 313 96
62 380 93
380 62 98
85 380 94
380 85 92
319 381 96
381 319 100
176 381 100
381 176 100
10 381 90
381 10 91
21 382 100
382 21 93
125 382 100
382 125 94
16 382 90
382 16 100
39 383 94
383 39 98
61 383 88
383 61 91
66 383 97
383 66 83
61 384 100
384 61 99
222 384 100
384 222 95
147 384 100
384 147 93
177 385 100
385 177 100
358 385 100
385 358 100
5 385 91
385 5 100
62 386 100
386 62 100
154 386 100
386 154 100
4 386 88
386 4 95
0 387 100
387 0 100
1 387 100
387 1 92
171 387 100
387 171 100
62 388 100
388 62 98
44 388 97
388 44 100
39 388 95
388 39 97
211 389 99
389 211 98
342 389 95
389 342 97
53 389 100
389 53 90
26 390 91
390 26 96
147 390 83
390 147 95
63 390 100
390 63 95
7 391 91
391 7 91
40 391 100
391 40 96
220 391 93
391 220 96
11 392 100
392 11 94
12 392 100
392 12 100
88 392 100
392 88 92
10 393 95
393 10 100
22 393 97
393 22 93
44 393 100
393 44 99
16 394 85
394 16 95
88 394 99
394 88 95
104 394 100
394 104 99
34 395 90
395 34 100
22 395 95
395 22 91
361 395 97
395 361 96
6 396 94
396 6 89
60 396 95
396 60 97
104 396 92
396 104 92
4 397 87
397 4 96
145 397 100
397 145 100
0 397 100
397 0 88
30 398 98
398 30 95
62 398 100
398 62 91
286 398 95
398 286 100
22 399 94
399 22 99
42 399 91
399 42 99
125 399 95
399 125 93
4 400 99
400 4 98
121 400 100
400 121 95
245 400 95
400 245 100
119 401 96
401 119 100
7 401 89
401 7 95
194 401 100
401 194 95
98 402 98
402 98 97
7 402 89
402 7 95
147 402 100
402 147 97
221 403 96
403 221 100
86 403 95
403 86 100
104 403 99
403 104 93
61 404 89
404 61 100
341 404 100
404 341 98
22 404 97
404 22 98
24 405 88
405 24 96
59 405 100
405 59 100
84 405 100
405 84 97
2 406 85
406 2 97
29 406 100
406 29 100
95 406 87
406 95 100
0 407 95
407 0 96
3 407 98
407 3 93
13 407 99
407 13 98
4 408 100
408 4 100
121 408 96
408 121 95
4 408 87
408 4 94
14 409 98
409 14 97
16 409 91
409 16 96
68 409 92
409 68 92
0 410 90
410 0 85
72 410 100
410 72 92
14 410 75
410 14 86
20 411 100
411 20 100
54 411 98
411 54 98
94 411 99
411 94 100
232 412 95
412 232 100
395 412 95
412 395 100
66 412 98
412 66 95
6 413 97
413 6 95
31 413 99
413 31 96
72 413 95
413 72 93
175 414 93
414 175 100
1 414 100
414 1 87
239 414 96
414 239 98
18 415 100
415 18 100
357 415 100
415 357 100
16 415 93
415 16 96
6 416 93
416 6 94
14 416 89
416 14 99
5 416 96
416 5 86
243 417 100
417 243 100
7 417 91
417 7 90
394 417 93
417 394 99
27 418 90
418 27 95
21 418 97
418 21 100
203 418 94
418 203 97
368 419 99
419 368 90
363 419 95
419 363 100
170 419 95
419 170 85
180 420 98
420 180 94
7 420 93
420 7 80
27 420 83
420 27 99
303 421 90
421 303 100
0 421 91
421 0 86
10 421 100
421 10 89
1 422 96
422 1 95
61 422 96
422 61 97
198 422 95
422 198 95
7 423 94
423 7 87
101 423 95
423 101 100
5 423 97
423 5 93
298 424 100
424 298 100
6 424 86
424 6 100
246 424 100
424 246 95
56 425 82
425 56 100
21 425 99
425 21 100
69 425 98
425 69 75
243 426 92
426 243 100
134 426 100
426 134 91
10 426 95
426 10 100
96 427 98
427 96 100
104 427 96
427 104 100
164 427 96
427 164 100
10 428 88
428 10 96
46 428 97
428 46 97
303 428 100
428 303 90
4 429 84
429 4 95
5 429 88
429 5 86
189 429 87
429 189 81
4 430 80
430 4 96
10 430 90
430 10 93
178 430 100
430 178 96
160 431 100
431 160 100
379 431 97
431 379 95
106 431 100
431 106 95
13 432 89
432 13 97
195 432 100
432 195 100
123 432 98
432 123 87
0 433 100
433 0 91
125 433 100
433 125 100
7 433 92
433 7 84
27 434 100
434 27 97
40 434 100
434 40 100
8 434 97
434 8 99
66 435 90
435 66 96
114 435 97
435 114 92
159 435 100
435 159 93
322 436 94
436 322 92
219 436 93
436 219 96
20 436 100
436 20 96
1 437 100
437 1 100
223 437 100
437 223 100
4 437 92
437 4 94
5 438 82
438 5 90
368 438 95
438 368 99
201 438 95
438 201 100
190 439 99
439 190 100
27 439 97
439 27 93
36 439 100
439 36 91
200 440 95
440 200 95
43 440 96
440 43 95
76 440 96
440 76 91
52 441 100
441 52 100
3 441 100
441 3 100
5 441 87
441 5 95
406 442 100
442 406 100
31 442 99
442 31 85
203 442 95
442 203 90
75 443 95
443 75 100
111 443 100
443 111 96
194 443 95
443 194 94
223 444 100
444 223 100
31 444 96
444 31 100
22 444 100
444 22 91
118 445 100
445 118 100
126 445 100
445 126 100
7 445 96
445 7 98
263 446 100
446 263 100
40 446 100
446 40 96
206 446 91
446 206 99
1 447 95
447 1 100
135 447 92
447 135 100
57 447 100
447 57 98
27 448 98
448 27 93
181 448 96
448 181 100
364 448 94
448 364 91
385 449 100
449 385 100
387 449 100
449 387 100
1 449 95
449 1 91
435 450 100
450 435 100
242 450 98
450 242 98
326 450 98
450 326 100
47 451 92
451 47 96
140 451 100
451 140 95
212 451 92
451 212 100
5 452 87
452 5 92
62 452 100
452 62 90
252 452 97
452 252 93
5 453 96
453 5 98
10 453 98
453 10 98
11 453 100
453 11 88
318 454 99
454 318 96
405 454 92
454 405 95
145 454 96
454 145 100
178 455 93
455 178 100
16 455 99
455 16 95
10 455 96
455 10 76
39 456 96
456 39 100
83 456 100
456 83 96
99 456 89
456 99 98
85 457 100
457 85 100
326 457 100
457 326 100
16 457 93
457 16 91
6 458 86
458 6 100
40 458 100
458 40 100
370 458 98
458 370 100
9 459 100
459 9 91
44 459 95
459 44 95
428 459 90
459 428 96
201 460 92
460 201 100
13 460 87
460 13 82
218 460 100
460 218 100
207 461 96
461 207 100
38 461 100
461 38 100
11 461 91
461 11 100
17 462 84
462 17 93
295 462 96
462 295 96
344 462 100
462 344 98
153 463 95
463 153 100
378 463 98
463 378 100
40 463 96
463 40 94
4 464 90
464 4 97
225 464 98
464 225 100
26 464 99
464 26 91
73 465 89
465 73 97
171 465 97
465 171 87
372 465 93
465 372 100
80 466 100
466 80 97
0 466 95
466 0 93
297 466 95
466 297 100
126 467 95
467 126 100
10 467 93
467 10 96
133 467 100
467 133 99
18 468 100
468 18 95
102 468 97
468 102 100
7 468 66
468 7 90
11 469 83
469 11 100
70 469 91
469 70 96
145 469 100
469 145 92
339 470 96
470 339 100
69 470 94
470 69 89
442 470 100
470 442 88
462 471 92
471 462 100
85 471 94
471 85 95
101 471 100
471 101 100
11 472 95
472 11 100
62 472 96
472 62 96
314 472 97
472 314 97
40 473 95
473 40 100
103 473 93
473 103 98
7 473 96
473 7 87
4 474 86
474 4 88
95 474 100
474 95 100
212 474 100
474 212 95
31 475 90
475 31 100
91 475 99
475 91 100
6 475 98
475 6 96
26 476 97
476 26 95
44 476 100
476 44 99
382 476 99
476 382 100
5 477 94
477 5 96
75 477 98
477 75 98
40 477 96
477 40 90
166 478 96
478 166 96
211 478 100
478 211 100
53 478 98
478 53 89
64 479 95
479 64 97
299 479 97
479 299 99
11 479 91
479 11 86
13 480 100
480 13 100
40 480 92
480 40 91
279 480 99
480 279 97
26 481 100
481 26 94
0 481 83
481 0 95
62 481 96
481 62 97
201 482 86
482 201 100
237 482 98
482 237 100
12 482 92
482 12 86
201 483 89
483 201 100
87 483 96
483 87 100
80 483 96
483 80 100
304 484 91
484 304 96
10 484 86
484 10 95
35 484 94
484 35 88
6 485 99
485 6 95
149 485 97
485 149 100
16 485 94
485 16 94
6 486 93
486 6 91
40 486 86
486 40 97
16 486 86
486 16 72
4 487 87
487 4 91
62 487 100
487 62 95
38 487 97
487 38 100
364 488 100
488 364 100
242 488 99
488 242 97
4 488 95
488 4 94
16 489 79
489 16 87
357 489 95
489 357 95
170 489 97
489 170 100
63 490 88
490 63 100
64 490 94
490 64 98
271 490 93
490 271 98
93 491 100
491 93 100
458 491 93
491 458 100
4 491 92
491 4 69
7 492 83
492 7 86
188 492 93
492 188 93
6 492 95
492 6 91
122 493 96
493 122 100
21 493 96
493 21 92
204 493 89
493 204 93
332 494 93
494 332 96
86 494 96
494 86 100
207 494 90
494 207 93
27 495 91
495 27 96
226 495 96
495 226 99
410 495 100
495 410 92
184 496 100
496 184 98
439 496 100
496 439 100
4 496 94
496 4 94
28 497 100
497 28 89
118 497 97
497 118 95
195 497 100
497 195 100
426 498 99
498 426 96
236 498 98
498 236 100
93 498 95
498 93 95
92 499 96
499 92 100
203 499 100
499 203 98
4 499 99
499 4 89
4 500 97
500 4 84
17 500 90
500 17 93
343 500 90
500 343 95
395 501 100
501 395 100
8 501 100
501 8 99
0 501 96
501 0 94
208 502 98
502 208 95
69 502 94
502 69 100
193 502 97
502 193 100
33 503 99
503 33 96
56 503 86
503 56 82
189 503 97
503 189 91
8 504 99
504 8 96
412 504 98
504 412 100
13 504 99
504 13 88
434 505 100
505 434 97
6 505 97
505 6 100
4 505 91
505 4 89
437 506 100
506 437 100
320 506 97
506 320 100
4 506 99
506 4 92
84 507 100
507 84 100
226 507 100
507 226 96
76 507 90
507 76 100
63 508 100
508 63 100
125 508 100
508 125 97
130 508 95
508 130 95
201 509 100
509 201 97
167 509 94
509 167 100
5 509 70
509 5 77
16 510 88
510 16 91
279 510 96
510 279 92
60 510 98
510 60 96
38 511 89
511 38 100
70 511 95
511 70 100
85 511 100
511 85 83
25 512 95
512 25 100
69 512 93
512 69 100
376 512 100
512 376 98
135 513 100
513 135 97
1 513 100
513 1 97
100 513 96
513 100 99
75 514 87
514 75 87
148 514 95
514 148 98
351 514 99
514 351 98
212 515 98
515 212 96
353 515 97
515 353 100
30 515 98
515 30 92
502 516 99
516 502 100
236 516 100
516 236 99
245 516 95
516 245 94
62 517 92
517 62 94
99 517 93
517 99 92
256 517 92
517 256 100
8 518 86
518 8 100
184 518 97
518 184 100
324 518 96
518 324 92
250 519 100
519 250 100
289 519 100
519 289 100
70 519 90
519 70 89
7 520 85
520 7 98
378 520 100
520 378 100
77 520 98
520 77 87
7 521 100
521 7 86
104 521 93
521 104 99
397 521 100
521 397 97
76 522 100
522 76 98
40 522 97
522 40 100
110 522 94
522 110 98
149 523 98
523 149 93
7 523 90
523 7 86
8 523 83
523 8 91
201 524 100
524 201 100
56 524 98
524 56 97
228 524 98
524 228 95
9 525 87
525 9 98
54 525 95
525 54 96
147 525 98
525 147 96
226 526 90
526 226 100
415 526 91
526 415 100
14 526 92
526 14 80
18 527 91
527 18 100
11 527 99
527 11 85
63 527 100
527 63 100
28 528 89
528 28 97
44 528 100
528 44 97
47 528 94
528 47 99
153 529 99
529 153 100
165 529 100
529 165 98
14 529 93
529 14 96
326 530 100
530 326 100
15 530 99
530 15 100
39 530 96
530 39 92
363 531 98
531 363 100
439 531 100
531 439 100
7 531 87
531 7 86
15 532 94
532 15 95
0 532 95
532 0 94
104 532 95
532 104 94
144 533 91
533 144 92
358 533 93
533 358 100
366 533 87
533 366 85
406 534 96
534 406 100
277 534 92
534 277 100
368 534 93
534 368 98
83 535 97
535 83 97
514 535 100
535 514 97
22 535 92
535 22 96
14 536 93
536 14 98
52 536 96
536 52 100
99 536 95
536 99 88
235 537 99
537 235 100
62 537 100
537 62 97
98 537 100
537 98 99
104 538 99
538 104 95
191 538 97
538 191 98
396 538 100
538 396 99
11 539 95
539 11 98
75 539 100
539 75 92
99 539 98
539 99 99
25 540 95
540 25 100
100 540 99
540 100 90
276 540 100
540 276 91
11 541 96
541 11 91
506 541 95
541 506 99
66 541 97
541 66 95
26 542 98
542 26 100
254 542 100
542 254 93
273 542 92
542 273 97
83 543 96
543 83 98
183 543 100
543 183 100
14 543 100
543 14 95
16 544 89
544 16 96
124 544 92
544 124 97
380 544 95
544 380 94
64 545 93
545 64 94
494 545 94
545 494 99
1 545 87
545 1 86
12 546 89
546 12 99
32 546 100
546 32 97
89 546 100
546 89 100
492 547 100
547 492 100
71 547 98
547 71 95
7 547 80
547 7 83
30 548 100
548 30 100
7 548 100
548 7 100
333 548 100
548 333 99
190 549 94
549 190 100
114 549 100
549 114 97
201 549 96
549 201 100
240 550 98
550 240 97
10 550 91
550 10 91
43 550 95
550 43 94
11 551 94
551 11 87
57 551 95
551 57 100
76 551 95
551 76 87
27 552 95
552 27 97
52 552 95
552 52 99
11 552 89
552 11 93
168 553 94
553 168 100
135 553 100
553 135 96
0 553 93
553 0 89
27 554 98
554 27 85
33 554 90
554 33 95
120 554 90
554 120 93
12 555 96
555 12 92
340 555 90
555 340 98
353 555 100
555 353 94
4 556 94
556 4 98
40 556 100
556 40 100
58 556 100
556 58 99
538 557 100
557 538 99
133 557 94
557 133 100
9 557 94
557 9 95
7 558 84
558 7 97
11 558 96
558 11 97
363 558 95
558 363 98
357 559 100
559 357 98
60 559 91
559 60 96
324 559 97
559 324 98
392 560 100
560 392 95
485 560 95
560 485 100
491 560 100
560 491 94
31 561 93
561 31 100
47 561 100
561 47 98
386 561 90
561 386 100
167 562 94
562 167 100
485 562 99
562 485 97
40 562 95
562 40 94
6 563 93
563 6 84
0 563 94
563 0 94
560 563 90
563 560 98
51 564 96
564 51 100
187 564 95
564 187 93
324 564 97
564 324 91
111 565 100
565 111 100
4 565 89
565 4 94
14 565 81
565 14 93
0 566 96
566 0 85
96 566 94
566 96 99
5 566 86
566 5 94
279 567 100
567 279 100
102 567 90
567 102 99
63 567 93
567 63 95
9 568 97
568 9 100
5 568 89
568 5 99
55 568 99
568 55 93
7 569 91
569 7 100
0 569 84
569 0 99
55 569 100
569 55 92
17 570 97
570 17 95
205 570 95
570 205 97
69 570 91
570 69 90
34 571 100
571 34 93
72 571 99
571 72 95
547 571 87
571 547 100
342 572 96
572 342 96
13 572 100
572 13 96
433 572 96
572 433 90
80 573 100
573 80 96
324 573 96
573 324 100
68 573 100
573 68 94
191 574 98
574 191 100
307 574 90
574 307 99
440 574 100
574 440 90
427 575 93
575 427 93
349 575 89
575 349 98
6 575 93
575 6 84
54 576 93
576 54 100
550 576 94
576 550 98
528 576 100
576 528 97
547 577 100
577 547 100
54 577 96
577 54 100
187 577 100
577 187 84
314 578 97
578 314 97
527 578 100
578 527 100
271 578 90
578 271 93
478 579 100
579 478 100
64 579 97
579 64 91
114 579 99
579 114 88
86 580 95
580 86 94
50 580 100
580 50 97
248 580 87
580 248 95
12 581 90
581 12 99
81 581 93
581 81 100
17 581 90
581 17 92
199 582 99
582 199 100
12 582 99
582 12 90
381 582 93
582 381 100
7 583 88
583 7 98
276 583 100
583 276 100
487 583 100
583 487 99
35 584 95
584 35 96
55 584 93
584 55 94
471 584 96
584 471 95
10 585 91
585 10 100
21 585 100
585 21 97
26 585 96
585 26 95
7 586 90
586 7 84
236 586 100
586 236 100
355 586 99
586 355 100
22 587 98
587 22 88
167 587 97
587 167 100
260 587 91
587 260 99
177 588 100
588 177 100
184 588 100
588 184 100
194 588 91
588 194 100
433 589 100
589 433 100
134 589 96
589 134 94
361 589 96
589 361 100
27 590 97
590 27 94
465 590 98
590 465 100
40 590 93
590 40 92
129 591 96
591 129 95
326 591 96
591 326 100
81 591 100
591 81 95
253 592 94
592 253 96
204 592 100
592 204 92
78 592 96
592 78 95
3 593 100
593 3 100
4 593 97
593 4 96
11 593 100
593 11 97
479 594 95
594 479 99
16 594 87
594 16 85
374 594 92
594 374 100
28 595 91
595 28 96
83 595 96
595 83 97
19 595 91
595 19 99
203 596 92
596 203 93
383 596 93
596 383 96
295 596 98
596 295 94
49 597 100
597 49 100
201 597 97
597 201 96
320 597 100
597 320 100
73 598 93
598 73 100
93 598 94
598 93 95
561 598 100
598 561 100
1 599 89
599 1 86
562 599 100
599 562 97
94 599 100
599 94 100
264 600 100
600 264 100
319 600 100
600 319 91
22 600 93
600 22 93
57 601 93
601 57 100
68 601 98
601 68 98
85 601 98
601 85 93
1 602 90
602 1 87
574 602 100
602 574 100
561 602 95
602 561 96
153 603 100
603 153 100
205 603 97
603 205 95
153 603 96
603 153 95
5 604 88
604 5 100
9 604 95
604 9 100
118 604 100
604 118 96
23 605 88
605 23 98
13 605 94
605 13 91
525 605 96
605 525 100
63 606 99
606 63 99
15 606 95
606 15 91
89 606 95
606 89 92
55 607 95
607 55 100
560 607 100
607 560 100
147 607 91
607 147 100
192 608 94
608 192 100
108 608 94
608 108 93
358 608 100
608 358 90
8 609 86
609 8 95
431 609 100
609 431 96
427 609 95
609 427 97
307 610 90
610 307 99
14 610 92
610 14 95
28 610 100
610 28 90
462 611 100
611 462 91
578 611 91
611 578 100
178 611 93
611 178 97
400 612 100
612 400 100
7 612 96
612 7 98
12 612 87
612 12 91
499 613 95
613 499 95
72 613 91
613 72 90
128 613 100
613 128 99
526 614 95
614 526 100
35 614 99
614 35 88
3 614 100
614 3 91
6 615 94
615 6 99
64 615 92
615 64 97
436 615 99
615 436 100
4 616 82
616 4 88
13 616 100
616 13 100
65 616 92
616 65 100
24 617 89
617 24 100
68 617 96
617 68 98
164 617 100
617 164 100
44 618 100
618 44 96
500 618 100
618 500 97
61 618 100
618 61 90
17 619 95
619 17 94
35 619 92
619 35 90
434 619 99
619 434 100
342 620 98
620 342 98
441 620 100
620 441 100
61 620 96
620 61 93
160 621 93
621 160 100
307 621 93
621 307 95
300 621 99
621 300 92
115 622 96
622 115 100
133 622 100
622 133 93
485 622 100
622 485 100
346 623 97
623 346 100
497 623 100
623 497 100
107 623 100
623 107 93
2 624 99
624 2 100
34 624 97
624 34 100
144 624 94
624 144 97
16 625 82
625 16 91
116 625 88
625 116 100
57 625 100
625 57 99
412 626 93
626 412 98
129 626 100
626 129 100
14 626 83
626 14 87
494 627 94
627 494 100
322 627 96
627 322 96
12 627 88
627 12 91
8 628 92
628 8 100
142 628 96
628 142 100
164 628 90
628 164 94
143 629 100
629 143 97
367 629 100
629 367 100
33 629 100
629 33 93
93 630 88
630 93 97
319 630 97
630 319 99
22 630 97
630 22 94
94 631 94
631 94 100
59 631 100
631 59 100
7 631 93
631 7 87
23 632 96
632 23 100
5 632 100
632 5 80
498 632 98
632 498 100
471 633 100
633 471 100
55 633 100
633 55 95
20 633 97
633 20 100
126 634 92
634 126 100
4 634 86
634 4 99
69 634 100
634 69 94
1 635 83
635 1 92
226 635 96
635 226 97
281 635 100
635 281 97
630 636 100
636 630 99
57 636 96
636 57 92
269 636 100
636 269 93
411 637 96
637 411 97
57 637 99
637 57 96
101 637 100
637 101 100
466 638 100
638 466 98
1 638 92
638 1 100
13 638 97
638 13 79
11 639 96
639 11 93
129 639 93
639 129 100
31 639 100
639 31 90
170 640 100
640 170 95
505 640 96
640 505 91
12 640 94
640 12 93
263 641 98
641 263 100
155 641 95
641 155 100
296 641 100
641 296 81
251 642 100
642 251 100
268 642 97
642 268 100
32 642 90
642 32 90
236 643 96
643 236 100
187 643 88
643 187 99
8 643 97
643 8 83
411 644 92
644 411 90
13 644 99
644 13 100
11 644 82
644 11 88
126 645 96
645 126 99
530 645 99
645 530 100
420 645 94
645 420 89
36 646 100
646 36 96
231 646 100
646 231 93
375 646 98
646 375 96
6 647 100
647 6 100
6 647 98
647 6 96
639 647 99
647 639 97
176 648 97
648 176 100
100 648 92
648 100 90
375 648 99
648 375 91
132 649 100
649 132 100
279 649 100
649 279 100
167 649 100
649 167 99
157 650 95
650 157 98
184 650 96
650 184 91
95 650 94
650 95 92
17 651 90
651 17 100
408 651 100
651 408 100
62 651 100
651 62 93
20 652 100
652 20 100
4 652 99
652 4 88
5 652 100
652 5 99
7 653 94
653 7 100
312 653 100
653 312 95
140 653 100
653 140 100
192 654 97
654 192 100
7 654 98
654 7 93
48 654 99
654 48 96
377 655 96
655 377 99
495 655 99
655 495 100
565 655 86
655 565 91
100 656 100
656 100 92
15 656 97
656 15 87
351 656 90
656 351 100
173 657 91
657 173 100
147 657 100
657 147 100
34 657 100
657 34 91
5 658 96
658 5 95
68 658 100
658 68 95
136 658 100
658 136 100
72 659 95
659 72 100
60 659 99
659 60 92
4 659 74
659 4 75
48 660 92
660 48 95
279 660 100
660 279 100
123 660 95
660 123 87
369 661 100
661 369 100
11 661 96
661 11 91
211 661 100
661 211 89
307 662 97
662 307 93
535 662 95
662 535 100
22 662 92
662 22 94
164 663 100
663 164 100
118 663 100
663 118 100
45 663 94
663 45 98
144 664 94
664 144 98
529 664 93
664 529 99
349 664 88
664 349 94
56 665 93
665 56 100
487 665 98
665 487 100
430 665 96
665 430 96
641 666 97
666 641 92
57 666 97
666 57 98
184 666 89
666 184 98
427 667 96
667 427 100
85 667 88
667 85 92
39 667 91
667 39 94
134 668 100
668 134 100
433 668 100
668 433 94
479 668 96
668 479 96
53 669 100
669 53 97
68 669 95
669 68 100
71 669 95
669 71 100
14 670 85
670 14 94
47 670 100
670 47 91
275 670 96
670 275 100
513 671 99
671 513 98
56 671 95
671 56 100
65 671 92
671 65 93
7 672 83
672 7 98
87 672 100
672 87 100
63 672 95
672 63 95
238 673 91
673 238 100
656 673 93
673 656 100
23 673 93
673 23 85
12 674 89
674 12 94
127 674 97
674 127 96
271 674 98
674 271 91
509 675 90
675 509 100
529 675 100
675 529 100
73 675 100
675 73 90
206 676 93
676 206 94
7 676 84
676 7 94
139 676 100
676 139 99
120 677 86
677 120 100
437 677 100
677 437 98
94 677 100
677 94 95
8 678 96
678 8 90
61 678 94
678 61 85
421 678 97
678 421 96
126 679 97
679 126 100
528 679 100
679 528 100
279 679 100
679 279 100
31 680 94
680 31 97
48 680 100
680 48 95
57 680 96
680 57 100
272 681 92
681 272 98
276 681 84
681 276 95
299 681 98
681 299 93
39 682 88
682 39 92
216 682 96
682 216 100
303 682 100
682 303 97
7 683 95
683 7 98
208 683 100
683 208 100
0 683 98
683 0 95
40 684 96
684 40 96
114 684 100
684 114 97
407 684 97
684 407 97
149 685 100
685 149 98
72 685 98
685 72 95
269 685 98
685 269 100
40 686 82
686 40 94
169 686 95
686 169 85
608 686 87
686 608 93
16 687 97
687 16 94
4 687 86
687 4 89
236 687 97
687 236 99
109 688 95
688 109 100
113 688 100
688 113 100
31 688 96
688 31 94
323 689 100
689 323 100
519 689 93
689 519 100
56 689 95
689 56 91
80 690 95
690 80 96
139 690 95
690 139 100
14 690 90
690 14 90
12 691 92
691 12 95
227 691 96
691 227 98
244 691 100
691 244 100
44 692 100
692 44 99
1 692 100
692 1 98
85 692 95
692 85 99
57 693 100
693 57 100
61 693 100
693 61 86
177 693 100
693 177 100
436 694 96
694 436 97
82 694 97
694 82 96
16 694 89
694 16 80
1 695 73
695 1 88
574 695 86
695 574 94
176 695 97
695 176 95
195 696 100
696 195 100
177 696 97
696 177 100
660 696 100
696 660 100
259 697 85
697 259 100
4 697 94
697 4 67
376 697 100
697 376 100
40 698 90
698 40 96
366 698 95
698 366 92
546 698 100
698 546 96
58 699 100
699 58 100
38 699 95
699 38 100
16 699 96
699 16 86
410 700 89
700 410 100
520 700 98
700 520 100
31 700 96
700 31 75
194 701 88
701 194 98
522 701 95
701 522 96
637 701 96
701 637 98
8 702 90
702 8 98
68 702 98
702 68 94
106 702 95
702 106 88
290 703 100
703 290 98
441 703 91
703 441 100
104 703 100
703 104 100
625 704 98
704 625 100
0 704 100
704 0 100
0 704 96
704 0 82
80 705 100
705 80 96
176 705 95
705 176 100
21 705 100
705 21 91
7 706 73
706 7 89
537 706 100
706 537 95
324 706 100
706 324 96
1 707 100
707 1 97
22 707 93
707 22 99
583 707 99
707 583 100
607 708 96
708 607 100
0 708 86
708 0 85
309 708 98
708 309 82
468 709 89
709 468 97
214 709 100
709 214 95
274 709 90
709 274 100
16 710 92
710 16 95
15 710 94
710 15 100
193 710 92
710 193 88
93 711 84
711 93 100
561 711 94
711 561 97
16 711 92
711 16 90
22 712 93
712 22 96
44 712 83
712 44 94
550 712 92
712 550 96
27 713 96
713 27 99
28 713 92
713 28 88
491 713 100
713 491 94
517 714 86
714 517 96
226 714 82
714 226 96
302 714 95
714 302 82
169 715 95
715 169 100
31 715 88
715 31 100
124 715 93
715 124 100
130 716 100
716 130 100
5 716 96
716 5 98
194 716 100
716 194 98
372 717 100
717 372 100
39 717 100
717 39 100
73 717 91
717 73 92
231 718 100
718 231 98
708 718 93
718 708 94
143 718 99
718 143 97
286 719 99
719 286 97
388 719 95
719 388 100
0 719 92
719 0 83
85 720 94
720 85 95
104 720 96
720 104 93
99 720 96
720 99 94
17 721 98
721 17 98
23 721 100
721 23 89
100 721 100
721 100 90
349 722 90
722 349 95
500 722 93
722 500 100
435 722 100
722 435 100
256 723 95
723 256 100
678 723 88
723 678 100
12 723 96
723 12 78
313 724 95
724 313 100
70 724 96
724 70 88
436 724 95
724 436 89
166 725 100
725 166 100
656 725 100
725 656 92
283 725 100
725 283 100
295 726 91
726 295 97
355 726 93
726 355 93
201 726 99
726 201 91
530 727 95
727 530 100
231 727 99
727 231 93
5 727 88
727 5 91
705 728 89
728 705 99
25 728 89
728 25 94
11 728 83
728 11 88
575 729 100
729 575 100
6 729 86
729 6 96
34 729 95
729 34 94
10 730 88
730 10 90
663 730 96
730 663 97
17 730 92
730 17 90
6 731 83
731 6 95
126 731 100
731 126 100
310 731 95
731 310 98
134 732 100
732 134 95
95 732 97
732 95 100
6 732 89
732 6 96
137 733 94
733 137 100
62 733 92
733 62 100
97 733 100
733 97 93
379 734 100
734 379 100
169 734 95
734 169 100
6 734 91
734 6 97
590 735 100
735 590 100
644 735 100
735 644 100
62 735 95
735 62 99
536 736 97
736 536 98
423 736 98
736 423 99
97 736 100
736 97 98
10 737 87
737 10 99
223 737 100
737 223 97
588 737 97
737 588 100
702 738 100
738 702 100
286 738 100
738 286 100
603 738 100
738 603 95
0 739 81
739 0 100
289 739 100
739 289 91
387 739 100
739 387 100
3 740 98
740 3 97
7 740 97
740 7 90
97 740 98
740 97 100
302 741 98
741 302 95
553 741 96
741 553 100
708 741 92
741 708 86
61 742 92
742 61 100
113 742 99
742 113 98
13 742 96
742 13 87
665 743 89
743 665 100
5 743 100
743 5 100
5 743 93
743 5 76
203 744 92
744 203 96
4 744 86
744 4 86
39 744 97
744 39 98
16 745 100
745 16 95
38 745 94
745 38 100
98 745 100
745 98 100
650 746 90
746 650 100
27 746 94
746 27 92
47 746 100
746 47 92
358 747 98
747 358 96
53 747 90
747 53 97
136 747 96
747 136 80
17 748 79
748 17 86
232 748 94
748 232 100
584 748 91
748 584 95
424 749 94
749 424 97
235 749 92
749 235 97
487 749 99
749 487 90
98 750 100
750 98 100
461 750 100
750 461 100
95 750 99
750 95 97
340 751 100
751 340 95
737 751 92
751 737 100
645 751 99
751 645 91
17 752 85
752 17 86
160 752 97
752 160 92
31 752 91
752 31 94
74 753 90
753 74 100
233 753 100
753 233 95
14 753 96
753 14 95
86 754 88
754 86 100
76 754 100
754 76 88
592 754 100
754 592 100
51 755 95
755 51 100
227 755 100
755 227 100
6 755 99
755 6 93
75 756 95
756 75 99
321 756 95
756 321 96
7 756 99
756 7 91
509 757 97
757 509 100
553 757 98
757 553 92
31 757 86
757 31 94
176 758 100
758 176 95
319 758 100
758 319 96
96 758 99
758 96 93
695 759 98
759 695 95
5 759 82
759 5 81
130 759 92
759 130 94
274 760 100
760 274 100
23 760 91
760 23 97
14 760 82
760 14 92
139 761 95
761 139 100
568 761 97
761 568 100
10 761 100
761 10 89
117 762 95
762 117 100
654 762 97
762 654 100
21 762 95
762 21 92
367 763 93
763 367 100
96 763 96
763 96 91
502 763 100
763 502 99
91 764 98
764 91 97
194 764 97
764 194 97
5 764 89
764 5 89
302 765 87
765 302 100
194 765 96
765 194 97
484 765 100
765 484 88
330 766 93
766 330 95
17 766 100
766 17 95
16 766 93
766 16 89
70 767 100
767 70 100
104 767 93
767 104 85
205 767 100
767 205 94
6 768 91
768 6 70
507 768 86
768 507 100
613 768 92
768 613 95
289 769 90
769 289 98
4 769 77
769 4 90
194 769 98
769 194 88
402 770 100
770 402 100
5 770 100
770 5 100
309 770 100
770 309 99
71 771 100
771 71 100
312 771 96
771 312 100
341 771 99
771 341 99
17 772 98
772 17 99
240 772 100
772 240 100
6 772 99
772 6 97
491 773 94
773 491 88
82 773 97
773 82 88
186 773 96
773 186 100
476 774 100
774 476 100
456 774 92
774 456 100
106 774 91
774 106 87
617 775 95
775 617 96
40 775 88
775 40 95
240 775 99
775 240 94
62 776 96
776 62 92
242 776 87
776 242 95
474 776 95
776 474 88
64 777 100
777 64 96
206 777 95
777 206 100
274 777 96
777 274 94
344 778 95
778 344 97
15 778 91
778 15 93
218 778 99
778 218 95
617 779 96
779 617 100
247 779 100
779 247 96
286 779 99
779 286 94
80 780 94
780 80 100
7 780 97
780 7 91
214 780 97
780 214 100
24 781 92
781 24 100
164 781 99
781 164 95
12 781 83
781 12 92
276 782 100
782 276 100
7 782 95
782 7 87
542 782 100
782 542 97
28 783 94
783 28 99
626 783 99
783 626 100
415 783 97
783 415 98
22 784 92
784 22 98
627 784 98
784 627 100
27 784 96
784 27 95
230 785 100
785 230 98
600 785 100
785 600 100
304 785 95
785 304 95
31 786 91
786 31 95
516 786 100
786 516 100
32 786 83
786 32 84
10 787 85
787 10 88
276 787 96
787 276 85
492 787 96
787 492 92
729 788 100
788 729 100
11 788 86
788 11 84
43 788 95
788 43 87
242 789 92
789 242 100
104 789 93
789 104 94
40 789 98
789 40 62
248 790 100
790 248 95
233 790 90
790 233 96
410 790 87
790 410 92
14 791 71
791 14 77
147 791 90
791 147 90
497 791 96
791 497 94
1 792 95
792 1 95
535 792 100
792 535 97
164 792 97
792 164 100
489 793 94
793 489 95
786 793 94
793 786 100
117 793 91
793 117 85
26 794 89
794 26 96
537 794 97
794 537 100
3 794 100
794 3 93
61 795 100
795 61 99
10 795 96
795 10 100
283 795 100
795 283 100
326 796 94
796 326 100
232 796 97
796 232 97
791 796 97
796 791 94
687 797 96
797 687 99
79 797 96
797 79 100
489 797 100
797 489 99
22 798 100
798 22 100
22 798 95
798 22 100
5 798 91
798 5 96
134 799 98
799 134 100
450 799 78
799 450 100
7 799 90
799 7 70
