794 346 86
183 542 83
656 354 82
514 171 82
669 184 82
164 469 81
259 96 81
321 550 81
277 112 81
163 128 81
454 128 80
564 244 80
375 0 80
450 702 79
473 27 79
81 685 79
202 182 79
35 250 79
183 714 79
106 774 79
536 625 78
578 300 78
680 660 78
132 84 78
85 322 78
20 503 78
388 328 78
544 418 77
662 322 77
567 13 77
184 605 77
763 765 77
546 685 77
578 485 77
654 550 77
232 166 77
222 716 77
92 105 77
536 39 77
354 781 77
191 508 76
461 17 76
346 153 76
341 704 76
158 160 76
295 425 75
469 343 75
171 650 75
26 190 75
151 495 75
158 488 75
281 318 75
714 173 75
589 119 75
735 665 75
335 674 74
327 205 74
66 429 74
140 694 74
684 75 74
544 232 74
678 159 74
382 425 74
327 521 74
150 415 74
314 493 74
635 436 74
481 214 74
545 480 74
655 115 74
368 0 74
278 740 73
33 37 73
188 404 73
303 764 73
324 542 73
168 129 73
73 298 73
245 719 73
470 299 73
398 624 73
662 258 73
363 176 73
538 565 73
566 626 72
704 26 72
277 733 72
58 642 72
518 65 72
259 747 72
184 591 72
247 293 72
339 192 72
17 427 71
224 508 71
1 84 71
506 554 71
270 331 71
527 90 71
613 699 71
660 398 71
30 623 71
433 653 71
712 200 71
309 777 71
340 579 71
11 457 71
599 547 71
141 630 71
512 584 70
700 512 70
734 410 70
714 208 70
590 444 70
551 518 70
663 99 70
183 390 70
412 731 70
332 121 70
788 315 70
157 455 70
613 481 70
562 605 70
638 682 70
418 267 70
677 574 70
768 82 70
16 266 70
130 494 70
136 573 70
26 149 70
50 291 70
760 763 70
677 758 70
666 511 70
80 10 70
567 308 70
348 103 70
297 34 70
668 798 69
696 788 69
530 104 69
686 143 69
121 364 69
580 555 69
205 6 69
129 355 69
293 393 69
219 100 69
634 21 69
129 387 69
546 727 69
555 166 69
124 664 69
675 100 69
455 361 68
285 605 68
289 107 68
446 452 68
316 662 68
510 461 68
352 372 68
718 759 68
527 133 68
408 577 68
18 198 68
575 628 68
560 663 68
409 682 68
447 617 68
317 441 68
793 279 68
492 380 68
98 199 68
76 144 68
623 590 68
773 513 67
690 274 67
140 275 67
783 305 67
319 235 67
702 101 67
726 9 67
629 521 67
48 326 67
784 128 67
565 79 67
753 730 67
796 283 67
543 594 67
32 243 67
65 258 67
439 637 67
352 797 67
325 537 67
625 243 67
216 134 67
380 169 67
651 309 66
494 52 66
712 265 66
185 767 66
36 500 66
474 471 66
429 546 66
81 114 66
573 251 66
431 407 66
432 94 66
655 575 66
742 555 66
162 362 66
638 286 66
302 268 66
630 524 66
80 163 66
261 757 66
201 580 66
413 682 66
65 161 65
108 380 65
358 468 65
274 591 65
594 261 65
96 609 65
773 696 65
483 509 65
510 724 65
588 274 65
54 111 65
756 414 65
118 48 65
125 410 65
449 426 65
466 672 65
789 570 65
120 629 65
738 491 65
355 421 65
360 63 65
139 32 65
173 317 65
128 396 65
612 511 65
338 348 65
710 552 65
12 623 65
408 226 65
458 103 65
7 421 64
409 176 64
164 335 64
540 209 64
500 663 64
254 152 64
499 648 64
489 213 64
51 373 64
513 120 64
781 37 64
708 440 64
489 724 64
637 629 64
754 694 64
591 537 64
353 38 64
161 111 64
346 223 64
199 167 64
498 456 64
797 507 64
742 441 64
613 303 64
208 478 64
127 642 63
623 785 63
603 29 63
65 1 63
238 150 63
604 151 63
43 231 63
55 455 63
618 473 63
677 633 63
574 441 63
751 268 63
789 152 63
733 773 63
337 150 63
427 392 63
324 285 63
21 54 63
555 119 63
198 640 63
8 280 63
24 385 63
90 681 63
16 101 63
307 711 63
385 553 63
249 511 63
34 448 63
670 653 63
486 570 62
205 739 62
139 435 62
210 16 62
124 339 62
569 277 62
650 130 62
311 173 62
749 541 62
506 263 62
646 66 62
415 537 62
141 309 62
286 400 62
134 711 62
358 195 62
440 328 62
382 111 62
742 444 62
481 196 62
395 797 62
330 251 62
158 773 62
712 74 62
749 440 62
218 8 62
597 348 62
771 211 62
318 67 61
419 734 61
217 781 61
539 321 61
57 440 61
453 101 61
90 241 61
738 609 61
303 323 61
542 45 61
133 420 61
713 85 61
488 354 61
617 646 61
418 456 61
58 349 61
431 517 61
557 240 61
334 306 61
131 141 61
294 52 61
151 55 61
606 544 61
792 452 61
419 551 61
349 439 61
676 16 61
165 98 61
727 286 61
561 156 61
73 178 61
502 236 61
638 532 60
153 776 60
730 245 60
236 580 60
743 217 60
194 691 60
123 43 60
93 753 60
225 49 60
282 84 60
721 410 60
350 628 60
403 743 60
330 332 60
324 80 60
512 660 60
622 413 60
260 392 60
388 458 60
763 79 60
193 32 60
384 518 60
342 122 60
143 181 60
399 683 60
577 394 60
665 396 60
528 260 60
234 637 60
345 755 60
7 717 60
396 78 60
44 236 60
92 405 60
498 781 60
371 751 60
303 460 60
793 682 60
5 746 60
320 57 59
41 447 59
511 742 59
402 633 59
472 757 59
500 665 59
400 179 59
792 170 59
115 381 59
340 30 59
750 70 59
551 403 59
234 160 59
93 407 59
357 103 59
230 746 59
628 739 59
508 67 59
285 547 59
148 298 59
20 273 59
353 637 59
146 211 59
221 118 58
163 577 58
141 395 58
240 32 58
170 93 58
163 537 58
298 744 58
189 562 58
558 449 58
681 492 58
679 361 58
277 662 58
361 554 58
417 784 58
505 561 58
10 522 58
397 743 58
398 348 58
718 324 58
466 302 58
629 334 58
214 542 58
151 351 58
765 98 58
489 565 58
432 272 58
30 502 58
254 68 58
531 602 58
314 349 58
137 289 58
733 768 58
523 602 58
292 654 58
780 623 57
271 30 57
640 600 57
577 223 57
764 102 57
231 490 57
91 642 57
82 196 57
37 589 57
464 157 57
187 75 57
403 440 57
406 650 57
584 791 57
683 363 57
329 669 57
491 732 57
174 412 57
495 304 57
268 222 57
159 521 57
277 105 57
147 525 57
593 521 57
453 722 57
403 483 57
110 461 57
171 533 57
772 148 57
443 758 57
444 493 57
87 77 57
682 264 57
745 464 57
749 17 57
645 741 57
514 778 57
401 621 57
60 343 57
465 89 57
785 313 56
259 506 56
10 421 56
54 46 56
321 127 56
193 751 56
643 62 56
600 793 56
735 741 56
112 448 56
79 339 56
213 538 56
136 393 56
6 171 56
203 312 56
335 639 56
48 606 56
674 554 56
128 591 56
311 661 56
92 64 56
168 706 56
305 128 56
197 607 56
735 237 56
422 448 56
684 564 56
329 799 56
396 305 56
471 359 56
275 364 56
93 244 56
292 720 56
242 548 56
366 511 56
247 731 55
148 443 55
388 123 55
344 321 55
24 351 55
97 475 55
269 726 55
270 414 55
750 210 55
451 364 55
7 749 55
791 226 55
520 77 55
525 588 55
657 265 55
477 324 55
631 579 55
221 765 55
474 642 55
362 375 55
674 268 55
202 16 55
584 229 55
455 133 55
382 165 55
40 77 54
698 622 54
594 12 54
353 45 54
246 82 54
558 13 54
292 626 54
775 129 54
558 650 54
659 334 54
7 729 54
371 419 54
495 368 54
21 292 54
625 187 54
217 464 54
275 543 54
581 202 54
144 302 54
234 549 54
370 244 54
134 68 54
608 782 54
137 577 54
158 5 54
733 496 54
438 692 54
178 473 54
564 485 54
662 199 54
482 5 54
652 82 54
345 731 54
419 589 54
495 218 54
480 726 54
282 563 53
105 626 53
647 452 53
748 631 53
504 407 53
750 245 53
345 127 53
392 632 53
532 207 53
386 441 53
36 173 53
248 590 53
353 664 53
107 283 53
624 113 53
296 250 53
74 471 53
771 90 53
295 258 53
770 90 53
654 723 53
797 394 53
473 283 53
376 56 53
578 13 53
144 307 53
55 80 53
158 565 53
537 92 53
747 471 53
379 616 53
290 755 53
163 442 53
74 395 53
735 25 53
181 151 53
463 415 53
371 277 53
151 45 53
746 155 53
578 430 53
398 287 53
595 785 52
462 536 52
87 229 52
442 576 52
698 518 52
460 501 52
494 737 52
65 588 52
764 215 52
647 619 52
726 587 52
214 500 52
788 314 52
730 252 52
714 394 52
32 626 52
330 280 52
314 64 52
560 754 52
390 728 52
414 139 52
418 234 52
55 234 52
738 11 52
760 133 51
14 550 51
184 188 51
405 213 51
535 236 51
730 166 51
624 784 51
703 373 51
607 599 51
71 620 51
378 230 51
534 444 51
39 768 51
760 691 51
692 758 51
684 201 51
319 55 51
236 37 51
109 445 51
565 631 51
714 266 51
494 571 51
315 366 51
229 668 51
384 783 51
207 369 51
38 52 51
342 72 51
574 72 51
498 392 51
140 580 51
359 563 51
577 795 51
379 693 51
531 341 51
463 200 51
572 555 51
667 617 51
727 644 51
214 543 51
62 285 51
152 608 51
480 577 51
272 300 50
745 292 50
382 553 50
759 101 50
473 479 50
211 555 50
391 83 50
37 141 50
174 35 50
405 773 50
674 313 50
545 262 50
150 799 50
279 95 50
3 283 50
291 519 50
471 460 50
584 48 50
384 684 50
515 3 50
560 658 50
343 33 50
762 413 50
759 149 50
508 681 50
304 587 50
72 788 50
223 135 50
454 44 50
193 130 50
775 234 50
14 556 50
174 753 50
212 40 50
90 631 49
674 547 49
145 264 49
88 789 49
181 424 49
100 780 49
87 523 49
34 85 49
175 625 49
663 71 49
609 96 49
628 119 49
389 561 49
475 90 49
384 387 49
381 28 49
366 709 49
435 571 49
624 366 49
193 212 49
725 786 49
46 453 49
351 497 49
178 271 49
213 646 49
120 317 49
5 225 49
775 749 49
343 652 49
119 637 49
287 488 49
645 563 49
19 647 49
290 371 49
166 645 49
546 756 49
633 481 49
32 361 48
780 316 48
308 162 48
665 73 48
300 185 48
207 690 48
379 543 48
709 373 48
508 241 48
746 714 48
762 649 48
4 399 48
258 421 48
147 267 48
135 301 48
374 188 48
113 480 48
28 138 48
539 114 48
478 150 48
312 759 48
743 354 48
677 307 48
298 294 48
688 113 48
309 793 48
210 648 48
63 644 48
283 296 48
540 700 48
613 174 48
488 749 48
677 216 48
40 707 48
223 166 48
280 537 48
89 138 47
773 558 47
690 307 47
66 392 47
126 206 47
497 583 47
776 299 47
665 99 47
309 463 47
295 622 47
600 583 47
92 582 47
733 63 47
76 23 47
167 247 47
67 233 47
404 433 47
86 383 47
696 552 47
667 761 47
78 486 47
718 466 47
284 208 47
210 741 47
182 754 47
525 68 47
256 302 47
206 559 47
615 239 47
718 285 47
651 65 47
724 196 47
458 384 47
282 130 47
381 299 47
517 518 47
152 359 47
555 678 47
472 483 47
737 162 47
626 211 47
759 240 47
601 718 47
116 615 47
558 561 46
605 446 46
136 22 46
513 55 46
391 738 46
180 665 46
490 495 46
175 234 46
734 26 46
35 529 46
116 625 46
761 284 46
465 67 46
106 4 46
567 237 46
91 509 46
0 739 46
253 64 46
602 499 46
592 339 46
168 728 46
45 540 46
327 102 46
485 216 46
777 423 46
631 675 46
622 502 46
566 175 46
303 349 46
530 633 46
485 291 46
40 216 45
138 344 45
114 641 45
342 254 45
713 287 45
189 297 45
569 312 45
192 19 45
82 514 45
7 59 45
244 403 45
149 732 45
623 334 45
142 335 45
113 94 45
649 325 45
207 708 45
314 779 45
128 11 45
500 697 45
471 97 45
651 407 45
553 716 45
61 359 45
753 57 45
16 728 45
169 397 45
267 571 45
42 276 45
589 659 45
453 125 45
350 93 45
675 726 45
740 4 45
460 396 45
344 91 45
463 656 45
452 4 45
52 312 45
46 519 44
174 650 44
622 682 44
400 618 44
446 33 44
750 150 44
607 101 44
60 744 44
341 485 44
350 661 44
37 487 44
141 437 44
89 317 44
187 612 44
587 763 44
300 755 44
369 663 44
632 31 44
406 435 44
139 755 44
254 64 44
715 104 44
619 80 44
418 711 44
635 226 44
239 539 44
323 298 44
223 621 44
786 10 44
394 193 43
287 547 43
424 310 43
508 396 43
121 90 43
613 503 43
399 418 43
473 346 43
617 559 43
348 799 43
117 331 43
214 476 43
635 636 43
119 774 43
768 673 43
364 294 43
231 260 43
326 389 43
253 682 43
114 560 43
738 330 43
736 210 43
89 93 43
610 645 43
1 52 43
250 467 43
737 89 43
418 618 42
636 660 42
396 616 42
357 750 42
140 296 42
786 88 42
754 159 42
607 568 42
171 343 42
503 78 42
779 343 42
424 111 42
548 551 42
152 55 42
700 371 42
81 147 42
50 193 42
162 191 42
417 312 42
705 141 42
231 172 42
322 280 42
252 449 42
782 308 42
519 580 42
72 403 42
332 438 42
676 704 42
76 534 42
284 205 42
495 553 42
701 340 42
371 248 42
184 360 42
291 375 41
190 413 41
253 338 41
690 126 41
374 619 41
606 373 41
647 358 41
248 149 41
406 687 41
207 616 41
255 717 41
730 265 41
13 518 41
30 652 41
344 687 41
523 533 41
96 419 41
167 43 41
260 301 41
736 340 40
90 336 40
495 185 40
169 717 40
68 528 40
116 164 40
104 340 40
193 748 40
766 780 40
475 214 40
562 453 40
198 362 40
180 545 40
507 183 40
321 678 40
697 691 40
412 572 40
136 657 40
741 124 40
749 439 40
174 286 40
200 794 40
168 630 40
79 49 40
265 222 40
418 208 40
393 747 40
603 555 40
443 359 40
209 390 40
352 544 40
5 640 40
351 782 39
130 17 39
109 440 39
556 732 39
143 314 39
204 134 39
383 643 39
51 678 39
753 111 39
378 57 39
445 39 39
241 792 39
584 736 39
374 148 39
303 439 39
770 261 39
792 100 39
552 481 39
245 362 39
697 393 39
557 435 39
402 602 39
586 668 39
221 59 39
545 320 39
266 614 39
364 101 39
331 478 39
87 298 39
566 250 39
394 204 38
264 572 38
284 33 38
592 369 38
109 230 38
561 682 38
575 755 38
511 261 38
111 71 38
374 736 38
22 408 38
558 586 38
611 634 38
217 109 38
600 711 38
245 740 38
26 320 38
754 224 38
682 162 38
730 439 38
750 746 38
257 41 38
655 353 38
761 468 38
616 291 38
669 241 38
17 691 38
299 494 38
205 391 38
757 752 38
426 743 38
196 678 38
549 100 38
470 164 38
564 240 38
102 278 37
39 348 37
707 715 37
602 378 37
695 159 37
392 432 37
87 777 37
752 207 37
655 280 37
190 12 37
262 378 37
613 787 37
113 296 37
696 382 37
196 715 37
155 615 37
755 354 37
674 269 37
343 715 37
522 170 37
259 191 37
791 796 37
124 454 37
80 200 37
381 90 37
376 498 37
631 388 37
255 605 37
23 626 37
19 334 37
435 738 37
18 788 37
555 384 37
295 10 37
162 96 37
202 176 37
772 245 36
674 552 36
505 74 36
316 771 36
345 333 36
557 537 36
405 51 36
549 298 36
236 276 36
356 21 36
374 680 36
458 144 36
397 347 36
445 14 36
206 10 36
81 2 36
209 405 36
540 216 36
364 761 36
354 230 36
689 535 36
23 32 36
753 597 36
594 671 36
675 544 36
16 38 36
572 746 36
196 26 36
445 702 36
500 280 36
647 68 36
396 141 35
383 366 35
581 354 35
485 82 35
109 533 35
473 330 35
712 556 35
19 126 35
71 633 35
543 77 35
24 765 35
110 237 35
199 532 35
547 66 35
2 405 35
758 67 35
592 744 35
491 390 35
698 173 35
293 498 35
364 514 35
409 300 35
669 29 35
771 693 35
395 1 35
397 535 35
424 139 35
615 13 35
221 544 35
234 301 35
21 116 35
396 602 35
484 788 35
116 484 35
552 684 35
611 630 35
306 31 35
243 445 35
741 496 35
564 746 35
422 190 35
491 791 35
337 39 34
184 16 34
757 402 34
375 485 34
152 438 34
281 440 34
719 233 34
755 340 34
307 158 34
468 112 34
661 464 34
745 659 34
207 313 34
105 389 34
230 492 34
525 313 34
376 246 34
634 231 34
235 126 34
636 711 34
47 35 34
347 242 34
414 455 34
299 759 34
1 415 34
154 131 34
72 95 34
257 586 34
748 778 34
201 187 34
282 500 34
587 656 34
750 752 34
362 145 34
678 430 34
154 651 33
384 740 33
345 149 33
128 298 33
22 634 33
423 689 33
217 573 33
39 327 33
625 336 33
285 726 33
455 668 33
427 319 33
632 323 33
596 715 33
643 638 33
340 530 33
119 10 33
315 231 33
541 664 33
184 613 33
210 682 33
533 727 33
791 457 33
550 74 33
535 118 33
382 381 33
152 226 33
590 247 33
13 603 33
671 788 33
131 612 33
321 261 33
480 752 33
245 729 33
184 102 32
206 541 32
439 202 32
133 396 32
172 372 32
74 12 32
499 511 32
215 236 32
21 384 32
578 712 32
584 386 32
459 49 32
283 387 32
778 247 32
601 503 32
3 119 32
118 509 32
439 405 32
700 362 32
419 436 32
281 293 32
108 81 32
79 537 32
141 553 32
246 549 32
249 266 32
590 197 31
271 557 31
517 537 31
649 108 31
307 792 31
320 112 31
413 188 31
676 116 31
266 482 31
590 130 31
490 374 31
714 560 31
476 725 31
771 230 31
294 311 31
553 556 31
37 431 31
294 493 31
306 596 31
434 208 31
521 107 31
119 689 31
113 541 31
558 2 31
241 412 31
460 630 31
43 133 31
761 762 31
143 562 31
124 188 31
746 470 31
660 14 31
172 107 31
37 127 31
398 338 31
756 304 31
83 474 31
552 43 30
739 67 30
273 192 30
103 682 30
566 574 30
380 539 30
749 182 30
426 133 30
722 530 30
671 667 30
757 230 30
347 120 30
136 722 30
312 589 30
209 771 30
122 331 30
256 604 30
50 502 30
401 224 30
172 503 30
380 765 30
540 651 30
389 252 30
353 488 30
343 468 30
392 428 30
377 790 30
329 364 30
83 125 30
770 59 30
144 636 30
168 535 30
661 701 30
297 673 30
377 168 30
146 697 30
691 743 30
148 654 30
216 707 30
383 607 29
447 14 29
683 655 29
503 719 29
793 573 29
280 100 29
312 155 29
561 460 29
518 657 29
198 236 29
63 753 29
174 513 29
243 20 29
417 724 29
173 567 29
408 10 29
292 250 29
610 782 29
56 311 29
310 744 29
55 561 29
759 626 29
231 590 29
455 509 29
697 477 29
447 772 29
412 202 29
61 682 29
561 274 29
738 520 29
384 652 29
9 517 29
720 673 29
560 245 29
141 281 29
730 135 29
94 562 29
252 264 29
696 755 29
406 600 29
502 349 29
221 359 29
772 212 28
681 587 28
83 282 28
541 435 28
437 259 28
656 61 28
635 212 28
227 376 28
561 787 28
155 95 28
695 744 28
417 272 28
625 15 28
85 309 28
712 327 28
180 331 28
623 245 28
130 645 28
384 24 28
102 606 28
361 489 28
218 190 28
453 57 28
333 205 28
291 778 28
77 686 28
593 13 28
693 502 28
746 177 28
128 740 28
734 300 28
692 635 28
688 742 28
34 260 28
242 799 28
484 411 28
25 759 28
558 404 28
222 276 28
198 315 27
370 674 27
656 664 27
167 245 27
298 524 27
124 303 27
9 683 27
548 703 27
325 670 27
166 161 27
750 81 27
300 513 27
314 383 27
135 703 27
519 604 27
508 398 27
548 678 27
218 37 27
734 739 27
423 668 27
442 490 27
438 776 27
108 123 27
707 499 27
259 320 27
374 36 27
393 576 27
642 104 27
57 193 27
579 33 27
783 60 27
60 315 27
322 797 26
111 228 26
323 495 26
227 8 26
258 65 26
590 705 26
409 397 26
197 506 26
609 621 26
81 489 26
319 184 26
259 751 26
729 384 26
353 237 26
425 311 26
315 683 26
703 137 26
294 94 26
408 115 26
221 191 26
70 772 26
331 596 26
497 549 26
501 275 26
147 125 26
11 38 26
780 26 26
618 200 25
531 423 25
496 30 25
582 474 25
747 408 25
364 675 25
506 578 25
565 238 25
325 106 25
798 747 25
701 627 25
789 688 25
370 133 25
280 732 25
191 38 25
207 103 25
106 431 25
311 351 25
691 212 25
578 461 25
723 453 25
42 30 25
729 533 25
281 447 25
375 569 25
73 496 25
482 54 25
465 446 25
738 786 25
223 114 25
138 328 25
300 232 25
581 595 25
448 651 25
520 366 25
652 743 25
684 761 25
743 204 25
531 146 24
571 659 24
359 762 24
488 482 24
365 725 24
600 366 24
233 765 24
251 402 24
580 519 24
337 311 24
139 384 24
378 501 24
799 346 24
507 606 24
430 99 24
99 194 24
537 363 24
501 82 24
473 239 24
64 370 24
351 277 24
428 178 24
79 621 24
244 353 24
60 234 24
496 299 24
431 306 24
131 560 24
141 279 24
545 660 24
588 401 24
10 140 24
366 469 24
17 396 24
679 716 24
404 732 24
382 753 23
450 393 23
759 459 23
543 497 23
549 747 23
284 69 23
125 691 23
603 677 23
16 505 23
274 405 23
164 388 23
385 466 23
462 186 23
501 529 23
476 434 23
561 172 23
649 613 23
388 259 23
733 260 23
623 717 23
246 655 23
522 675 23
573 107 23
649 117 23
247 257 23
430 423 23
372 492 23
513 297 23
71 465 23
42 571 23
444 197 23
701 167 23
376 764 23
789 664 23
49 787 23
723 460 23
676 480 23
354 696 23
647 754 23
728 282 22
396 759 22
32 425 22
393 268 22
685 352 22
316 367 22
592 590 22
590 461 22
471 585 22
38 129 22
43 788 22
490 789 22
432 366 22
610 592 22
269 343 22
358 494 22
226 21 22
644 489 22
666 652 22
305 385 22
541 409 22
235 639 22
5 658 22
511 413 22
57 479 22
484 746 22
11 239 22
543 685 22
108 322 22
668 303 22
335 33 21
75 186 21
408 578 21
66 366 21
653 785 21
634 343 21
573 294 21
631 497 21
609 226 21
214 680 21
273 572 21
456 769 21
98 695 21
682 194 21
51 401 21
121 374 21
635 627 21
378 381 21
712 636 21
755 436 21
337 468 21
430 13 21
672 115 21
144 769 21
680 358 21
401 300 21
21 436 21
779 43 21
371 451 21
254 258 21
560 589 21
136 502 20
778 727 20
517 794 20
125 272 20
320 383 20
681 567 20
398 136 20
199 470 20
562 572 20
593 645 20
438 461 20
345 247 20
480 470 20
28 494 20
537 371 20
253 259 20
442 502 20
220 133 20
232 637 20
634 260 20
88 599 20
776 497 20
590 350 20
590 496 20
124 254 20
472 454 20
450 703 20
566 751 20
1 767 20
706 184 20
296 466 20
157 194 20
667 601 20
326 722 20
260 621 19
675 401 19
169 188 19
294 221 19
159 36 19
259 28 19
121 661 19
614 436 19
386 277 19
372 220 19
554 160 19
772 224 19
619 67 19
206 379 19
89 591 19
263 386 19
571 502 19
53 644 19
631 205 19
361 573 19
428 619 19
59 648 19
592 225 19
41 121 19
794 707 19
523 200 19
326 610 19
724 694 19
416 765 19
384 405 19
495 11 19
532 321 19
529 207 19
655 428 18
737 550 18
453 123 18
416 728 18
54 399 18
504 670 18
12 67 18
97 770 18
79 47 18
580 92 18
586 624 18
401 402 18
378 767 18
245 778 18
254 318 18
297 637 18
73 1 18
303 520 18
779 628 18
401 765 18
681 142 18
771 97 18
668 561 18
339 514 18
157 591 18
281 584 18
88 542 18
176 94 18
560 175 18
268 262 18
79 460 18
444 322 17
266 163 17
470 240 17
104 768 17
351 160 17
509 540 17
776 617 17
253 730 17
299 487 17
459 738 17
433 584 17
228 738 17
688 441 17
677 275 17
608 445 17
749 138 17
53 139 17
280 338 17
218 112 17
492 293 17
68 177 17
679 513 17
437 344 17
750 564 17
20 14 17
235 748 17
42 285 17
385 680 17
293 287 17
17 375 17
265 294 16
106 72 16
685 633 16
499 296 16
413 655 16
429 381 16
90 603 16
435 552 16
799 206 16
403 524 16
233 739 16
749 400 16
296 594 16
204 16 16
39 67 16
23 280 16
718 97 16
119 415 16
674 680 16
420 181 16
438 605 16
644 62 16
466 24 16
482 131 16
156 244 16
358 592 16
525 622 16
398 583 16
677 77 16
339 744 16
546 245 16
591 240 16
661 271 16
725 487 16
384 620 16
167 562 16
357 209 16
451 52 15
577 55 15
2 79 15
278 343 15
201 650 15
292 747 15
233 307 15
403 269 15
458 776 15
166 416 15
74 269 15
545 455 15
635 131 15
571 342 15
117 332 15
162 671 15
11 526 15
506 242 15
576 613 15
788 772 15
267 529 15
366 98 15
614 580 15
257 616 15
607 209 15
156 784 15
540 220 15
531 628 15
283 13 15
711 151 15
527 407 15
512 237 15
176 401 15
180 85 14
468 136 14
43 92 14
9 160 14
601 707 14
697 436 14
707 346 14
361 638 14
602 347 14
501 392 14
354 563 14
94 213 14
307 724 14
195 191 14
423 624 14
653 282 14
212 698 14
167 578 14
342 529 14
760 703 14
444 745 14
246 320 14
425 543 14
123 542 14
49 537 14
584 358 14
535 520 14
230 194 13
330 713 13
148 68 13
213 79 13
392 581 13
336 368 13
720 499 13
606 693 13
212 508 13
523 252 13
397 514 13
777 267 13
702 230 13
162 798 13
731 353 13
706 540 13
290 659 13
595 486 13
348 230 13
585 364 13
598 317 13
631 295 13
180 192 13
504 638 13
77 513 13
517 545 13
654 242 13
90 328 13
127 628 13
509 502 13
364 590 12
493 645 12
153 210 12
371 240 12
794 743 12
674 8 12
698 256 12
355 656 12
108 165 12
495 698 12
292 443 12
367 631 12
350 536 12
109 205 12
654 438 12
104 562 12
54 0 12
314 85 12
742 101 12
41 175 12
701 197 12
560 719 12
721 782 12
256 710 12
643 691 12
297 10 12
74 73 12
374 291 12
82 42 12
166 314 12
381 476 12
611 251 12
336 520 12
642 554 12
736 475 12
711 220 12
366 727 12
282 566 12
685 542 12
772 118 12
133 572 12
92 622 12
201 493 12
733 126 12
585 335 11
592 289 11
533 684 11
515 465 11
741 78 11
240 613 11
746 759 11
100 603 11
160 106 11
490 372 11
75 417 11
633 382 11
672 609 11
673 658 11
83 551 11
753 397 11
474 241 11
600 400 11
333 771 11
121 520 11
700 506 11
774 786 11
335 524 11
408 786 11
756 313 11
173 23 11
625 758 11
134 327 11
617 404 11
558 783 10
686 393 10
472 607 10
333 279 10
419 148 10
651 777 10
110 655 10
211 660 10
674 471 10
708 66 10
355 492 10
768 512 10
519 615 10
240 281 10
608 177 10
25 159 10
21 149 10
346 108 10
300 663 10
50 540 10
294 243 10
383 648 10
227 774 10
575 142 10
658 759 10
744 193 10
138 788 10
671 91 10
451 152 9
688 123 9
423 361 9
352 18 9
30 374 9
392 513 9
541 112 9
83 94 9
200 137 9
568 293 9
130 422 9
613 554 9
608 3 9
4 300 9
54 778 9
122 213 9
200 11 9
125 295 9
479 570 9
640 377 9
240 760 9
394 28 9
450 207 9
8 23 9
243 526 9
555 736 9
436 639 9
550 627 9
424 83 9
645 259 9
674 581 9
439 727 9
153 232 9
636 518 9
93 61 9
252 282 9
485 189 9
215 479 8
733 711 8
613 612 8
80 475 8
692 10 8
167 785 8
29 493 8
341 797 8
787 481 8
209 68 8
125 470 8
484 289 8
532 81 8
391 252 8
78 45 8
454 353 8
118 773 8
750 545 8
730 776 8
607 358 8
203 486 8
254 87 8
385 337 8
742 524 8
381 775 8
295 718 8
39 431 8
480 109 8
387 145 8
460 177 8
367 619 8
129 677 8
241 711 7
574 139 7
178 387 7
561 381 7
512 140 7
699 177 7
256 96 7
704 654 7
168 522 7
487 412 7
328 562 7
336 358 7
751 757 7
765 696 7
321 351 7
218 469 7
242 423 7
723 372 7
184 609 7
155 189 7
146 506 7
96 361 7
542 731 7
502 785 7
586 438 7
712 412 7
206 569 7
425 793 7
184 349 7
126 301 7
622 416 7
70 376 7
734 608 7
290 697 7
421 681 7
140 456 7
61 376 7
224 662 7
479 363 7
81 680 7
33 767 7
672 590 7
769 145 6
493 775 6
756 561 6
587 317 6
733 679 6
88 110 6
28 14 6
796 51 6
792 201 6
47 255 6
503 462 6
434 646 6
109 355 6
356 734 6
743 110 6
667 190 6
587 638 6
487 392 6
727 679 6
202 392 6
548 20 6
363 541 6
276 291 6
751 545 6
293 445 6
193 335 6
92 771 6
768 69 6
76 632 6
184 415 6
330 68 5
780 425 5
738 318 5
376 141 5
93 190 5
467 307 5
306 76 5
739 431 5
81 727 5
407 185 5
205 393 5
23 427 5
345 470 5
386 631 5
534 15 5
414 393 5
94 172 5
37 644 5
63 60 5
347 431 5
19 655 5
22 169 5
128 622 5
143 790 5
550 266 5
392 680 4
799 68 4
231 43 4
94 301 4
381 431 4
389 375 4
402 603 4
776 744 4
613 631 4
600 735 4
16 355 4
300 208 4
368 268 4
33 546 4
92 714 4
357 69 4
268 790 4
584 242 4
313 517 4
753 267 4
282 7 4
445 201 4
199 359 4
311 548 4
323 518 4
425 400 4
787 557 4
428 397 4
92 52 4
224 749 4
726 152 4
381 104 4
247 320 4
350 274 4
630 132 4
237 376 4
756 534 4
18 227 4
674 136 4
57 411 4
366 458 4
455 642 4
709 564 3
717 778 3
352 483 3
250 266 3
274 256 3
147 669 3
91 15 3
137 86 3
692 109 3
345 415 3
590 259 3
195 201 3
460 678 3
176 502 3
369 620 3
435 769 3
213 590 3
394 524 3
389 411 3
337 619 3
674 265 3
787 388 3
481 451 3
92 318 3
728 661 3
37 205 3
0 490 3
429 786 3
686 239 3
277 58 3
341 652 3
365 218 3
269 596 2
468 453 2
713 487 2
521 338 2
361 517 2
427 197 2
552 478 2
718 169 2
445 684 2
2 689 2
71 7 2
664 189 2
772 303 2
32 542 2
676 530 2
185 76 2
257 51 2
443 199 2
398 251 2
333 480 2
358 766 2
478 281 2
477 740 2
666 239 2
442 750 2
734 531 2
187 785 2
585 71 2
309 600 2
301 307 2
58 590 2
368 244 2
292 761 2
549 558 2
442 216 2
525 798 2
485 732 2
695 737 2
705 455 2
675 8 1
554 111 1
281 95 1
261 288 1
116 598 1
473 258 1
799 486 1
518 362 1
736 154 1
466 2 1
768 128 1
697 463 1
266 697 1
514 115 1
157 749 1
759 289 1
599 520 1
518 720 1
628 51 1
607 753 1
675 27 1
500 291 1
9 258 1
173 124 1
159 263 1
512 445 1
286 495 1
648 793 1
336 42 1
746 292 1
376 212 1
239 419 1
268 126 1
592 599 1
457 336 1
517 497 1
577 256 1
20 305 1
335 234 1
397 298 1
