0 10 100
0 71 100
1 29 100
2 14 100
2 16 100
2 18 100
2 29 100
2 68 100
2 91 100
2 95 100
3 36 100
3 53 100
3 65 100
3 75 100
3 81 100
3 90 100
4 34 100
4 44 100
5 44 100
6 1 100
6 32 100
6 44 100
7 48 100
7 57 100
8 25 100
8 57 100
8 83 100
9 43 100
9 49 100
9 52 100
9 64 100
9 75 100
9 97 100
10 91 100
11 0 100
11 27 100
11 31 100
14 10 100
14 15 100
14 33 100
14 70 100
15 68 100
15 72 100
16 46 100
16 84 100
17 8 100
17 48 100
17 94 100
18 33 100
19 1 100
19 30 100
19 42 100
19 63 100
21 61 100
22 75 100
22 79 100
22 84 100
22 96 100
23 34 100
23 57 100
24 55 100
25 10 100
25 37 100
25 48 100
25 52 100
25 68 100
26 57 100
26 58 100
26 84 100
27 33 100
27 70 100
27 90 100
28 14 100
28 50 100
28 54 100
29 12 100
29 74 100
29 85 100
30 6 100
30 68 100
31 16 100
31 39 100
31 47 100
31 63 100
32 15 100
32 34 100
32 35 100
32 36 100
32 44 100
32 47 100
33 93 100
34 35 100
34 68 100
35 40 100
35 59 100
36 34 100
36 78 100
37 94 100
38 6 100
38 13 100
38 51 100
38 91 100
39 21 100
39 34 100
39 43 100
39 49 100
39 88 100
40 9 100
41 17 100
41 75 100
41 83 100
42 0 100
42 49 100
42 88 100
43 18 100
43 79 100
43 87 100
43 93 100
44 78 100
45 27 100
45 66 100
45 71 100
46 29 100
47 40 100
47 52 100
47 74 100
48 69 100
48 73 100
48 74 100
50 17 100
50 40 100
50 46 100
50 75 100
50 78 100
51 14 100
51 18 100
51 43 100
51 93 100
51 95 100
52 63 100
53 19 100
53 66 100
53 80 100
54 69 100
54 76 100
55 2 100
55 22 100
55 37 100
55 56 100
56 1 100
56 69 100
57 15 100
57 22 100
58 22 100
58 29 100
58 56 100
58 71 100
58 75 100
58 99 100
59 93 100
60 2 100
60 4 100
60 23 100
60 41 100
60 56 100
60 72 100
60 76 100
60 83 100
60 96 100
60 97 100
61 3 100
61 74 100
62 3 100
62 30 100
62 72 100
62 94 100
63 47 100
63 91 100
64 57 100
65 6 100
65 19 100
65 46 100
65 89 100
66 7 100
66 15 100
66 58 100
66 70 100
67 8 100
67 13 100
68 0 100
68 47 100
68 57 100
68 62 100
68 78 100
70 3 100
70 46 100
70 50 100
70 51 100
70 61 100
70 78 100
71 33 100
71 35 100
71 50 100
71 61 100
71 75 100
72 22 100
72 23 100
72 29 100
72 67 100
72 97 100
73 13 100
73 40 100
74 27 100
74 67 100
74 97 100
76 3 100
76 9 100
76 63 100
77 5 100
77 14 100
77 21 100
77 78 100
77 98 100
78 85 100
79 4 100
79 35 100
79 41 100
80 70 100
81 90 100
81 94 100
82 24 100
82 80 100
83 2 100
83 79 100
83 88 100
84 37 100
84 72 100
84 83 100
85 3 100
85 17 100
85 24 100
85 67 100
86 7 100
86 54 100
87 53 100
87 89 100
88 15 100
88 43 100
88 46 100
89 11 100
89 26 100
89 98 100
90 10 100
90 11 100
91 5 100
91 43 100
91 57 100
91 72 100
92 2 100
93 37 100
93 65 100
93 68 100
93 77 100
93 97 100
94 0 100
94 32 100
94 33 100
94 49 100
94 87 100
94 99 100
95 93 100
96 11 100
97 63 100
97 70 100
97 77 100
98 19 100
98 37 100
98 47 100
98 50 100
99 3 100
99 38 100
99 43 100
99 98 100
