83 28 100
45 86 100
38 50 100
0 40 100
38 65 100
54 84 99
93 4 99
28 94 99
26 59 99
16 45 98
59 86 98
16 63 98
51 73 97
66 34 97
78 6 97
84 53 97
4 96 97
77 42 97
2 31 97
11 49 97
93 31 97
19 34 96
23 56 96
42 70 96
69 90 96
37 53 96
2 84 96
15 23 96
54 13 95
98 68 95
19 27 95
54 97 94
52 28 94
77 34 94
1 28 94
30 77 94
65 75 94
21 9 94
80 74 93
41 90 93
92 5 93
49 60 93
75 85 93
59 35 93
50 37 93
74 92 92
13 71 92
84 22 92
16 55 92
43 80 92
58 49 92
92 70 92
77 66 91
22 98 91
46 72 91
23 16 91
41 82 91
40 71 90
42 10 90
84 77 90
78 52 90
5 23 90
86 5 89
34 10 89
27 57 89
36 76 89
28 6 89
53 17 89
24 26 89
86 23 89
77 30 88
74 64 88
89 26 88
23 1 88
3 25 88
0 62 88
4 2 88
40 9 88
73 70 88
22 60 87
62 74 87
13 38 87
60 32 87
59 47 87
31 6 87
36 95 87
93 29 87
26 33 86
24 52 86
52 82 86
99 42 86
46 91 86
26 28 86
21 54 86
84 43 86
84 95 85
54 19 85
28 78 85
64 11 85
70 83 85
59 29 84
76 5 84
90 3 84
73 76 84
99 1 83
85 35 83
73 39 83
51 81 83
87 57 83
51 91 83
97 0 82
35 96 82
48 57 82
32 55 82
98 72 82
7 43 82
45 51 81
41 99 81
47 71 80
44 37 80
95 24 79
64 89 79
65 50 79
75 39 79
14 99 78
36 4 78
24 82 78
23 72 78
23 41 78
98 5 78
37 80 78
32 44 77
50 23 77
4 58 77
99 70 77
99 81 77
35 72 76
3 54 76
60 16 76
32 31 75
83 10 75
14 93 75
55 28 75
49 44 75
69 40 75
61 39 74
70 1 74
82 68 74
91 96 74
99 92 74
33 35 73
8 36 73
45 81 73
85 50 73
89 22 73
2 98 73
94 59 73
73 5 72
44 21 72
22 49 72
3 21 72
64 13 72
46 49 71
85 18 71
9 54 71
0 43 71
5 7 71
95 57 71
68 33 71
44 26 70
74 22 70
88 71 70
48 17 70
37 6 70
27 68 70
70 4 70
87 56 69
56 26 69
2 97 69
53 65 69
75 69 69
29 5 69
15 30 68
25 14 68
36 0 68
52 79 68
63 34 68
86 82 68
41 5 67
71 96 67
29 39 67
36 22 67
8 96 67
76 40 66
84 94 66
94 35 66
92 58 65
39 61 65
78 87 65
26 5 65
88 34 65
25 41 65
46 92 65
44 23 64
22 30 64
63 47 64
82 36 64
10 61 63
84 87 63
91 74 63
66 21 63
64 46 63
36 24 63
38 74 63
56 55 62
88 57 62
94 88 62
54 23 62
76 26 62
6 13 62
3 60 62
3 78 61
59 33 61
19 68 61
3 12 61
11 14 61
31 70 61
90 17 61
67 28 60
56 94 60
40 37 60
73 19 60
65 32 60
52 41 59
51 63 59
77 69 59
61 77 59
33 52 59
75 62 59
32 82 59
1 90 59
37 61 59
97 26 59
4 60 59
15 17 58
24 93 58
16 26 58
4 55 58
86 34 58
5 98 58
8 23 58
87 0 58
22 5 58
57 56 58
82 7 58
70 77 57
50 71 57
62 98 57
27 60 57
46 12 57
30 21 57
12 45 56
23 12 56
50 83 56
9 30 56
17 23 56
2 92 56
10 55 56
35 46 56
5 80 56
71 61 55
0 31 55
98 83 55
82 79 55
34 62 54
39 50 54
87 79 54
51 18 54
83 41 54
41 24 54
92 93 54
1 66 54
44 30 54
82 14 53
30 43 53
72 83 52
19 61 52
55 41 52
18 58 52
87 24 51
84 36 51
77 97 51
5 70 51
68 14 51
37 58 51
21 71 51
49 99 51
84 32 50
97 17 50
82 38 50
77 96 50
24 84 50
93 89 49
79 77 49
49 24 49
0 98 49
80 40 49
95 46 49
57 27 49
29 17 48
47 83 48
87 83 48
39 53 47
2 23 47
99 9 47
57 6 47
41 6 46
36 78 46
46 24 46
65 19 46
12 50 46
90 79 46
34 78 45
64 53 45
27 48 45
79 73 45
94 14 45
33 80 45
31 24 44
89 51 44
78 27 44
73 50 43
77 49 43
74 99 43
0 37 43
41 71 43
97 33 43
46 50 42
19 64 42
93 97 42
44 62 42
8 33 42
59 41 42
48 56 42
52 51 42
37 29 41
10 39 41
46 39 41
61 16 41
41 88 41
77 50 40
45 1 40
85 95 40
5 38 40
25 10 40
2 90 39
65 84 39
49 75 39
85 29 39
61 4 39
57 30 39
27 76 38
4 14 38
1 35 38
57 4 38
89 83 38
81 89 38
92 50 38
83 47 37
56 79 37
66 84 37
4 42 36
90 67 36
27 21 36
68 95 36
88 76 36
44 24 36
12 92 36
9 63 35
35 53 35
46 97 35
12 83 35
87 72 35
83 16 35
36 50 35
27 50 34
58 63 34
98 84 34
96 51 34
1 62 34
93 1 33
71 64 33
46 2 33
88 61 33
53 4 33
28 90 33
25 40 32
49 54 32
23 18 32
0 90 31
65 89 31
79 51 31
85 46 31
32 19 30
82 39 30
16 49 30
69 16 30
25 42 30
0 95 30
13 10 30
92 2 30
32 79 30
72 45 30
35 84 30
62 12 30
33 63 29
46 9 29
65 18 29
26 7 29
86 13 28
49 42 28
23 98 28
89 4 28
97 43 28
77 26 28
55 77 28
70 65 27
41 12 27
75 8 27
19 38 27
21 79 27
75 25 27
97 82 27
84 75 26
70 11 26
99 27 26
80 28 26
80 67 26
62 13 26
31 63 26
6 15 25
5 58 25
78 96 25
61 74 25
54 27 25
43 81 25
7 72 25
51 58 25
73 45 25
66 5 25
76 16 25
35 81 24
88 3 24
38 82 24
45 84 24
33 59 24
90 47 24
98 33 24
37 66 24
95 74 24
31 49 24
79 82 24
92 59 24
83 33 23
44 54 23
76 37 23
78 85 23
76 33 23
68 53 23
80 24 23
35 32 23
13 21 22
9 52 22
19 57 22
31 99 22
64 55 22
31 26 22
0 9 22
23 43 22
65 58 21
91 92 21
75 13 21
15 12 20
57 32 20
43 45 20
92 15 19
68 3 19
97 11 19
70 18 19
61 62 19
39 74 19
79 63 19
16 23 19
85 80 18
71 63 18
53 23 18
84 34 18
67 63 17
38 95 17
94 73 17
22 65 17
73 51 17
58 30 17
98 45 17
52 19 17
41 64 16
57 81 16
13 45 16
49 73 15
2 43 15
0 42 15
49 2 15
76 75 15
44 49 14
63 67 14
65 80 14
4 98 14
78 24 14
86 90 14
30 74 14
96 57 14
6 60 14
67 6 13
94 65 13
89 0 13
25 8 13
72 22 13
18 22 13
34 46 12
24 13 12
76 92 12
67 56 12
8 28 12
5 84 12
32 84 12
86 79 12
76 96 11
4 18 11
35 7 11
50 73 11
52 29 11
43 42 10
47 45 10
23 47 10
66 11 10
24 75 10
27 93 10
71 19 9
49 69 9
66 58 9
94 87 9
82 86 8
2 41 8
72 21 8
71 78 8
81 85 8
57 2 7
92 53 7
7 91 7
65 40 7
55 61 6
31 66 6
60 97 6
25 45 6
47 31 6
34 98 6
68 42 5
90 35 5
10 17 5
53 14 4
45 10 4
31 4 4
6 11 4
3 74 4
73 97 4
14 75 3
45 23 3
66 94 3
93 88 3
59 65 3
18 5 3
7 29 3
7 30 3
56 52 3
36 29 3
85 62 3
99 21 2
58 99 2
33 68 2
18 62 2
0 28 1
56 67 1
32 68 1
1 75 1
17 54 1
28 91 1
95 87 1
6 68 1
80 3 1
66 36 1
