,50|,46,7|,46,8,14|,46,21,18|,48,22,4|,48,24,18|,48,26,4|,48,31,28|,48,39,36|,48,67,64|
,34,10,187|,34,12,187|,34,59,189|,34,61,189|,34,63,189|,36,5,187|,36,109,185|,38,22,187|,38,26,187|,38,111,185|
,196,42,137|,198,2,137|,200,22,137|,200,26,137|,200,49,141|,200,49,46,139|,200,24,16,137|,200,24,20,139|,200,31,32,137|,200,67,68,137|
,180,203|,182,205|,182,30,203|,180,31,205|,178,29,205|,178,29,30,203|,178,5,23,203|,178,5,27,203|,178,5,33,205|,178,19,25,203|
,48,177|,46,8,173|,50,15,173|,50,83,175|,263,266,173|,263,264,222,173|,263,279,276,173|,50,5,11,173|,50,5,13,173|,50,5,23,177|
,160,83,86|,162,85,86|,160,5,3,1|,160,6,113,116|,160,109,115,116|,164,128,115,116|,164,128,108,83,86|,164,128,195,192,86|,164,124,9,113,116|,164,124,10,3,1|
,176,101|,176,105|,172,9,103|,172,223,220|,172,10,23,101|,172,10,23,105|,172,10,27,101|,172,10,27,105|,172,12,23,101|,172,12,23,105|
,208|,210,5,143|,210,65,145|,212,22,143|,212,26,143|,212,67,145|,212,67,68,143|,212,26,69,145|,212,22,69,145|,212,24,16,143|
,114,110,259|,114,195,257|,114,108,153,261|,114,249,246,259|,114,249,269,270|,112,7,153,261|,112,8,149,261|,112,8,191,257|,112,21,25,259|,112,47,48,259|
,58,10,43|,58,12,43|,58,14,45|,58,35,41|,60,10,43|,60,12,43|,60,14,45|,60,35,41|,62,10,43|,62,12,43|
,121|,82,15,119|,86,117,123|,175,172,119|,193,190,119|,193,194,115,123|,84,79,80,119|,82,5,11,119|,82,5,13,119|,82,6,8,119|
,130,4,83|,132,18,83|,132,55,85|,134,14,83|,134,119,120|,134,173,174|,134,191,192|,134,9,7,83|,134,10,4,83|,134,12,4,83|
,160,179,219|,160,6,103,215|,160,6,103,217|,160,29,183,219|,162,52,101,215|,162,52,101,217|,162,52,105,215|,162,52,105,217|,162,52,181,219|,164,126,183,219|
,124,10,43|,124,12,43|,124,14,45|,124,35,41|,126,28,45|,126,32,43|,128,108,45|,165,160,45|,165,162,56|,165,160,5,43|
,36,51|,38,49|,36,6,47|,34,9,47|,34,14,51|,34,267,262|,41,44,51|,41,44,6,47|,41,42,4,51|,41,42,23,49|
,136,17|,138,21|,138,7,19|,136,4,19|,136,23,24|,136,27,24|,136,131,132|,140,46,21|,140,48,24|,140,50,19|
,186,3,93|,186,33,89|,186,77,91|,231,228,89|,186,4,29,89|,186,11,81,91|,186,13,81,91|,186,23,31,89|,186,27,31,89|,184,108,29,89|
,210,37|,212,39|,210,15,35|,210,45,40|,212,22,4,37|,212,22,11,35|,212,22,13,35|,212,22,43,40|,212,24,18,37|,212,26,4,37|
,226,64,45|,226,68,43|,228,28,45|,228,32,43|,230,186,43|,230,186,4,45|,230,184,108,45|,228,32,4,45|,228,28,5,43|,228,28,37,41|
,42,17|,44,19|,57,54|,57,52,24|,44,5,17|,44,6,21|,42,4,19|,42,23,24|,42,27,24|,42,131,132|
,2,11,167|,2,13,167|,2,23,169|,2,27,169|,2,33,171|,93,88,171|,199,200,169|,199,200,31,171|,199,225,222,167|,93,88,30,169|
,136,71|,138,73|,138,75|,140,46,73|,140,46,75|,140,48,22,71|,140,48,26,71|,140,50,5,71|,140,50,6,73|,140,50,6,75|
,166,191|,168,111,195|,168,259,256|,168,22,11,191|,168,22,13,191|,168,26,11,191|,168,26,13,191|,168,39,34,191|,168,53,85,193|,168,177,172,191|
,7,29,229|,7,65,227|,7,5,33,229|,7,5,69,227|,7,5,187,231|,7,99,96,229|,7,109,185,231|,7,179,182,229|,8,10,33,229|,8,10,69,227|
,114,110,203|,114,110,31,205|,114,108,29,205|,114,129,126,205|,114,249,244,207|,114,249,246,203|,112,7,29,205|,112,21,25,203|,112,47,48,203|,112,103,100,203|
,30,201|,28,45,197|,32,3,199|,32,23,201|,32,27,201|,32,43,197|,89,92,199|,171,168,201|,183,180,201|,205,202,201|
,176,247|,176,111,249|,176,53,273,268|,176,67,155,245|,176,203,206,245|,176,233,236,245|,176,259,271,268|,172,10,23,247|,172,10,27,247|,172,12,23,247|
,250,22,3|,250,26,3|,250,201,198|,252,240,3|,254,10,3|,254,12,3|,254,14,5,3|,254,81,76,3|,254,81,91,92|,254,135,130,3|
,238,247|,242,247|,242,111,249|,238,111,249|,240,23,247|,240,27,247|,253,250,247|,253,250,111,249|,240,27,111,249|,240,23,111,249|
,271|,258,53,273|,258,247,269|,260,150,78,273|,258,24,55,273|,258,111,249,269|,256,192,84,273|,256,194,249,269|,256,194,110,53,273|,256,194,110,247,269|
,266,255|,262,48,251|,264,222,255|,279,276,255|,279,274,30,251|,264,220,100,251|,264,220,104,251|,264,224,200,251|,262,48,239,253|,262,48,243,253|
,108,19|,110,24|,110,22,17|,110,26,17|,110,53,54|,108,5,17|,108,6,21|,115,112,21|,185,186,17|,249,246,24|
,118,10,33|,118,12,33|,118,14,29|,118,95,96|,118,125,126|,118,167,170|,118,277,274|,120,82,29|,120,82,5,33|,120,82,99,96|
,100,213|,104,213|,102,7,211|,102,8,14,211|,102,21,18,211|,102,21,25,213|,102,47,48,213|,102,47,50,211|,104,22,4,211|,104,22,143,209|
,28,83|,30,53,85|,30,177,174|,32,4,83|,97,98,83|,183,178,83|,183,180,53,85|,183,180,177,174|,97,94,14,83|,97,94,119,120|
,66,233|,155,237|,68,23,233|,68,27,233|,68,11,125,235|,68,13,125,235|,68,17,25,233|,68,33,30,233|,68,33,127,235|,68,241,238,233|
,55|,25,53|,16,23,53|,16,27,53|,16,43,57|,16,77,78|,18,45,57|,18,83,84|,18,161,162|,133,130,23,53|
,262,141|,262,46,139|,266,9,139|,266,10,137|,266,12,137|,266,9,47,141|,266,14,5,137|,266,14,6,139|,266,14,51,141|,266,81,76,137|
,64,45|,68,43|,68,4,45|,64,5,43|,64,37,41|,66,22,43|,66,26,43|,66,39,41|,66,53,56|,66,201,196|
,250,53|,250,24,55|,252,238,53|,252,242,53|,254,81,78|,254,9,21,55|,254,10,17,55|,254,10,23,53|,254,10,27,53|,254,10,43,57|
,190,149|,257,260|,190,14,153|,190,81,151|,192,82,153|,194,108,153|,194,108,15,149|,194,106,58,149|,194,106,60,149|,194,106,62,149|
,14,83|,119,120|,173,174|,191,192|,9,7,83|,10,4,83|,12,4,83|,35,36,83|,81,78,85|,95,98,83|
,262,46,113,116|,262,50,83,86|,264,224,198,1|,266,9,113,116|,266,10,3,1|,266,12,3,1|,266,14,83,86|,266,119,120,86|,266,119,122,116|,266,173,174,86|
,210,51|,212,49|,210,6,47|,210,6,139,140|,212,22,4,51|,212,22,137,140|,212,24,18,51|,212,24,20,47|,212,26,4,51|,212,26,137,140|
,111,115|,24,20,113|,49,46,113|,101,102,113|,105,102,113|,247,248,115|,49,50,6,113|,49,50,109,115|,49,141,138,113|,24,18,6,113|
,114,106,147|,114,108,5,143|,114,108,65,145|,114,108,211,208|,114,110,22,143|,114,110,26,143|,114,110,67,145|,114,110,213,208|,114,185,186,143|,114,185,188,147|
,44,6|,44,15,9|,44,19,20|,44,51,46|,40,34,9|,40,36,6|,42,4,6|,42,11,9|,42,13,9|,42,17,20|
,28,15,223|,30,101,221|,30,105,221|,30,201,225|,32,11,223|,32,13,223|,97,94,223|,127,124,223|,171,166,223|,275,276,223|
,248,115,116|,248,108,83,86|,248,195,192,86|,246,22,3,1|,246,26,3,1|,246,53,85,86|,246,111,115,116|,246,177,174,86|,246,201,198,1|,269,272,85,86|
,184,195|,186,11,191|,186,13,191|,188,58,191|,188,60,191|,188,62,191|,188,107,195|,186,4,15,191|,186,4,83,193|,186,4,109,195|
,202,22,71|,202,26,71|,204,32,71|,204,28,5,71|,204,28,6,73|,204,28,6,75|,204,30,22,71|,204,30,26,71|,202,24,16,71|,202,24,20,73|
,98,19|,98,5,17|,98,6,21|,94,9,21|,94,10,17|,94,12,17|,94,14,19|,94,135,132|,96,28,19|,96,30,24|
,151,261|,76,23,259|,76,27,259|,78,52,259|,78,273,270|,80,149,261|,80,191,257|,80,10,23,259|,80,10,27,259|,80,12,23,259|
,46,8,135|,46,21,133|,48,22,131|,48,24,133|,48,26,131|,50,5,131|,50,15,135|,50,19,133|,141,136,131|,263,266,135|
,250,22,3,1|,250,26,3,1|,250,53,85,86|,250,111,115,116|,250,177,174,86|,250,201,198,1|,252,240,3,1|,254,9,113,116|,254,10,3,1|,254,12,3,1|
,146|,142,11,59|,142,11,61|,142,11,63|,142,13,59|,142,13,61|,142,13,63|,142,187,188|,209,210,15,59|,209,210,15,61|
,0,2,11,255|,0,2,13,255|,0,2,23,251|,0,2,27,251|,0,2,241,253|,0,199,200,251|,87,82,15,255|,87,84,52,251|,87,121,118,255|,87,175,172,255|
,2,4,37|,2,11,35|,2,13,35|,2,23,39|,2,27,39|,2,43,40|,199,196,40|,199,200,39|,199,196,44,37|,199,225,222,35|
,107,115,116|,107,108,83,86|,107,195,192,86|,58,9,113,116|,58,10,3,1|,58,12,3,1|,58,14,83,86|,58,119,120,86|,58,119,122,116|,58,173,174,86|
,178,5,137|,178,6,139|,178,51,141|,180,22,137|,180,26,137|,180,49,141|,182,32,137|,182,28,5,137|,182,28,6,139|,182,28,51,141|
,232,101|,232,105|,232,24,20,103|,232,49,46,103|,232,181,219,214|,232,181,219,216|,232,201,225,220|,234,124,9,103|,234,124,223,220|,234,126,30,101|
,191|,14,83,193|,14,109,195|,59,107,195|,61,107,195|,63,107,195|,119,120,193|,125,128,195|,149,261,256|,173,174,193|
,36,179,219|,38,101,215|,38,101,217|,38,105,215|,38,105,217|,38,181,219|,38,31,183,219|,36,6,103,215|,36,6,103,217|,36,29,183,219|
,16,77|,55,79|,16,11,81|,16,13,81|,18,5,77|,18,15,81|,18,153,150|,20,8,81|,25,22,77|,25,26,77|
,0,199,225|,0,2,11,223|,0,2,13,223|,87,82,15,223|,87,121,118,223|,87,175,172,223|,87,193,190,223|,117,112,8,223|,117,112,103,221|,117,123,118,223|
,108,211|,110,213|,106,147,209|,249,246,213|,106,58,14,211|,106,60,14,211|,106,62,14,211|,110,22,4,211|,110,22,143,209|,110,24,18,211|
,126,30|,128,110|,235,232|,128,249,246|,126,32,23|,126,32,27|,126,171,168|,126,183,180|,126,205,202|,124,10,23|
,90|,88,32,77|,92,2,77|,92,2,11,81|,92,2,13,81|,88,32,11,81|,88,32,13,81|,88,28,5,77|,88,28,15,81|,88,28,153,150|
,200,111,106|,225,222,59|,225,222,61|,225,222,63|,225,265,266,59|,225,265,266,61|,225,265,266,63|,200,111,185,188|,200,22,11,59|,200,22,11,61|
,118,10,23,203|,118,10,27,203|,118,10,33,205|,118,12,23,203|,118,12,27,203|,118,12,33,205|,118,14,29,205|,118,35,38,203|,118,95,96,205|,118,95,157,207|
,184,108,161|,184,129,165|,186,4,161|,186,11,14,161|,186,11,125,165|,186,13,14,161|,186,13,125,165|,186,17,18,161|,186,17,55,163|,186,23,53,163|
,100,31,127|,100,111,129|,100,233,234|,102,8,125|,104,31,127|,104,111,129|,104,233,234|,221,222,125|,221,265,266,125|,104,22,11,125|
,70,3,93|,70,33,89|,70,77,91|,70,4,29,89|,70,11,81,91|,70,13,81,91|,70,23,31,89|,70,27,31,89|,72,7,29,89|,72,8,81,91|
,166|,168,22,11|,168,22,13|,168,26,11|,168,26,13|,168,39,34|,168,177,172|,168,251,254|,170,28,15|,170,32,11|
,246,49,263|,246,22,11,267|,246,22,13,267|,246,26,11,267|,246,26,13,267|,246,31,275,278|,246,39,34,267|,246,101,221,265|,246,105,221,265|,246,169,166,267|
,226,66,53,273|,226,66,247,269|,226,66,259,271|,226,155,245,269|,228,30,53,273|,228,30,247,269|,228,30,259,271|,230,184,249,269|,230,184,110,53,273|,230,184,110,247,269|
,112,8,135|,112,21,133|,123,118,135|,123,118,10,131|,123,118,12,131|,112,21,16,131|,112,8,10,131|,112,8,12,131|,112,7,5,131|,112,7,15,135|
,148,9,113|,148,119,122|,152,6,113|,152,109,115|,152,15,9,113|,152,15,119,122|,152,19,20,113|,152,51,46,113|,152,83,86,117|,152,83,121,122|
,250,169|,254,167|,250,31,171|,252,238,169|,252,242,169|,252,242,31,171|,252,238,31,171|,252,240,11,167|,252,240,13,167|,252,240,23,169|
,2,4,161|,2,11,14,161|,2,11,125,165|,2,13,14,161|,2,13,125,165|,2,17,18,161|,2,17,55,163|,2,23,53,163|,2,27,53,163|,2,33,28,161|
,136,23,259|,136,27,259|,140,48,259|,140,50,153,261|,136,4,153,261|,136,11,149,261|,136,11,191,257|,136,13,149,261|,136,13,191,257|,136,17,25,259|
,118,10,23|,118,10,27|,118,12,23|,118,12,27|,118,35,38|,118,167,168|,118,173,176|,118,255,250|,120,84,52|,120,175,176|
,150,78|,148,81,78|,152,19,55|,152,45,57|,152,83,84|,152,161,162|,261,258,53|,261,271,272|,261,258,24,55|,261,256,192,84|
,128|,124,14,109|,124,59,107|,124,61,107|,124,63,107|,124,191,194|,126,28,109|,126,30,111|,165,160,109|,235,232,111|
,106,58,81|,106,60,81|,106,62,81|,108,5,77|,108,15,81|,108,153,150|,110,22,77|,110,26,77|,110,53,79|,129,124,81|
,184,110,259|,184,195,257|,186,23,259|,186,27,259|,186,4,153,261|,186,11,149,261|,186,11,191,257|,186,13,149,261|,186,13,191,257|,186,17,25,259|
,256|,258,111,195|,260,148,191|,271,268,248,195|,271,272,85,193|,260,150,80,191|,260,152,15,191|,260,152,83,193|,260,152,109,195|,258,22,11,191|
,48,67|,50,65|,50,5,69|,48,22,69|,48,26,69|,46,7,65|,141,136,69|,141,136,4,65|,141,136,23,67|,141,136,27,67|
,237,234|,156,94,125|,156,96,127|,158,94,125|,158,96,127|,207,204,127|,245,248,129|,245,246,31,127|,245,246,111,129|,245,246,233,234|
,275,278|,275,276,267|,28,15,267|,28,51,263|,30,49,263|,32,11,267|,32,13,267|,97,94,267|,127,124,267|,171,166,267|
,224|,220,100,201|,220,104,201|,265,262,48,201|,222,10,3,199|,222,10,23,201|,222,10,27,201|,222,10,43,197|,222,12,3,199|,222,12,23,201|
,90,151|,90,80,149|,88,28,153|,88,28,15,149|,88,30,259,260|,88,32,4,153|,88,32,11,149|,88,32,13,149|,88,32,77,151|,88,97,94,149|
,190,10,143|,190,12,143|,190,59,147|,190,61,147|,190,63,147|,194,106,147|,194,108,5,143|,194,108,65,145|,194,108,211,208|,194,110,22,143|
,38|,34,10,23|,34,10,27|,34,12,23|,34,12,27|,34,167,168|,34,173,176|,34,255,250|,36,5,23|,36,5,27|
,186,11,277|,186,13,277|,186,33,275|,188,58,277|,188,60,277|,188,62,277|,231,228,275|,188,62,267,279|,188,60,267,279|,188,58,267,279|
,186,11,223|,186,13,223|,188,58,223|,188,60,223|,188,62,223|,188,62,267,264|,188,60,267,264|,188,58,267,264|,186,13,267,264|,186,11,267,264|
,172,10,143|,172,12,143|,172,59,147|,172,61,147|,172,63,147|,176,22,143|,176,26,143|,176,67,145|,176,213,208|,176,67,68,143|
,38,203|,38,31,205|,36,29,205|,36,29,30,203|,36,5,23,203|,36,5,27,203|,36,5,33,205|,36,19,25,203|,36,51,48,203|,36,65,66,203|
,124,14,83|,124,119,120|,124,173,174|,124,191,192|,126,28,83|,128,108,83|,128,195,192|,165,160,83|,165,162,85|,128,110,53,85|
,154,68|,154,64,5|,154,66,22|,154,66,26|,154,145,142|,156,94,10|,156,94,12|,156,96,32|,156,98,5|,158,94,10|
,111,195|,259,256|,22,11,191|,22,13,191|,26,11,191|,26,13,191|,39,34,191|,53,85,193|,169,166,191|,177,172,191|
,232,53|,232,24,55|,234,165,162|,234,124,81,78|,234,126,30,53|,234,128,110,53|,232,22,17,55|,232,22,43,57|,232,22,77,78|,232,26,17,55|
,40,38,247|,42,23,247|,42,27,247|,44,109,249|,57,52,247|,57,273,268|,197,200,247|,197,200,111,249|,57,52,111,249|,57,54,25,247|
,238,49|,242,49|,240,4,51|,240,23,49|,240,27,49|,240,137,140|,253,250,49|,253,254,9,47|,253,254,14,51|,253,254,267,262|
,186,33|,231,228|,186,4,29|,186,23,31|,186,27,31|,184,108,29|,184,110,31|,184,129,126|,184,110,22,33|,184,110,26,33|
,253|,238,251|,242,251|,240,11,255|,240,13,255|,240,23,251|,240,27,251|,240,4,15,255|,240,17,25,251|,240,33,30,251|
,110,259|,195,257|,108,153,261|,249,246,259|,249,269,270|,108,5,23,259|,108,5,27,259|,108,15,149,261|,108,15,191,257|,108,19,25,259|
,172,9,113|,172,119,122|,174,86,117|,174,121,122|,176,111,115|,176,24,20,113|,176,49,46,113|,176,101,102,113|,176,105,102,113|,176,247,248,115|
,268,246,22,71|,268,246,26,71|,270,258,22,71|,270,258,26,71|,272,52,22,71|,272,52,26,71|,272,54,16,71|,272,54,20,73|,272,54,20,75|,272,56,42,71|
,258,101|,258,105|,258,24,20,103|,258,49,46,103|,258,181,219,214|,258,181,219,216|,258,201,225,220|,256,190,9,103|,256,190,223,220|,256,194,110,101|
,52,239|,52,243|,52,22,241|,52,26,241|,52,251,252|,54,16,241|,54,25,239|,54,25,243|,56,42,241|,79,76,241|
,176,67|,176,22,69|,176,26,69|,172,10,69|,172,12,69|,172,14,65|,174,82,65|,174,82,5,69|,174,84,52,67|,172,14,5,69|
,107,249,269|,107,110,53,273|,107,110,247,269|,107,110,259,271|,107,195,257,271|,58,81,78,273|,58,149,261,271|,58,191,257,271|,60,81,78,273|,60,149,261,271|
,5,23,233|,5,27,233|,15,125,235|,19,25,233|,29,30,233|,29,127,235|,37,38,233|,51,48,233|,65,66,233|,65,155,237|
,100,111|,104,111|,104,247,248|,100,247,248|,102,7,109|,102,113,114|,102,8,14,109|,102,8,59,107|,102,8,61,107|,102,8,63,107|
,246,49|,248,108,51|,248,110,49|,248,108,6,47|,248,115,112,47|,246,22,4,51|,246,22,137,140|,246,24,18,51|,246,24,20,47|,246,26,4,51|
,2,69|,2,4,65|,2,23,67|,2,27,67|,2,143,144|,199,200,67|,199,200,22,69|,199,200,26,69|,199,196,42,69|,199,196,44,65|
,110,177|,106,58,173|,106,60,173|,106,62,173|,108,15,173|,108,83,175|,129,124,173|,195,190,173|,195,192,175|,249,246,177|
,230,184,195|,230,186,11,191|,230,186,13,191|,230,188,58,191|,230,188,60,191|,230,188,62,191|,230,188,107,195|,226,64,15,191|,226,64,83,193|,226,64,109,195|
,87,82|,0,2,4|,117,112,7|,117,114,108|,117,112,8,14|,117,112,21,18|,117,112,47,50|,117,123,118,14|,117,123,120,82|,0,2,11,14|
,7,37|,8,35|,8,14,37|,7,15,35|,7,45,40|,21,18,37|,21,25,39|,47,48,39|,47,50,37|,103,100,39|
,46,73|,46,75|,48,22,71|,48,26,71|,50,5,71|,50,6,73|,50,6,75|,141,136,71|,141,138,73|,141,138,75|
,272,85|,270,256,192|,270,258,53,85|,270,258,177,174|,270,260,152,83|,272,52,177,174|,272,54,18,83|,272,56,44,83|,272,163,160,83|,268,246,53,85|
,136,143|,136,69,145|,136,4,65,145|,136,4,211,208|,136,11,59,147|,136,11,61,147|,136,11,63,147|,136,13,59,147|,136,13,61,147|,136,13,63,147|
,193,257|,82,153,261|,84,52,259|,84,273,270|,175,176,259|,175,172,149,261|,175,172,191,257|,84,54,25,259|,84,79,151,261|,82,5,23,259|
,134,173|,130,11,173|,130,13,173|,130,23,177|,130,27,177|,132,25,177|,132,16,11,173|,132,16,13,173|,132,16,23,177|,132,16,27,177|
,11,167|,13,167|,23,169|,27,169|,33,171|,33,30,169|,27,31,171|,23,31,171|,4,15,167|,4,29,171|
,102,113|,100,111,115|,104,111,115|,104,24,20,113|,104,49,46,113|,104,247,248,115|,100,24,20,113|,100,49,46,113|,100,247,248,115|,102,7,109,115|
,220,102|,222,9|,222,14,6|,265,262,46|,265,266,9|,265,266,14,6|,265,262,50,6|,265,262,141,138|,265,279,276,9|,222,14,19,20|
,166,95,157|,166,95,159|,168,67,155|,168,203,206|,168,233,236|,168,247,244|,170,97,157|,170,97,159|,170,205,206|,170,28,65,155|
,196,40|,200,39|,196,44,37|,225,222,35|,225,222,14,37|,225,220,100,39|,225,220,104,39|,225,265,266,35|,196,44,15,35|,200,22,4,37|
,210,15,223|,212,101,221|,212,105,221|,212,201,225|,212,22,11,223|,212,22,13,223|,212,26,11,223|,212,26,13,223|,212,39,34,223|,212,49,263,264|
,240,3,1|,240,4,83,86|,238,22,3,1|,238,26,3,1|,238,53,85,86|,238,111,115,116|,238,177,174,86|,238,201,198,1|,242,22,3,1|,242,26,3,1|
,190,14,179|,192,82,179|,194,108,179|,194,110,181|,257,258,181|,257,258,31,183|,257,260,152,179|,194,110,31,183|,194,108,29,183|,194,129,126,183|
,224,198|,222,10,3|,222,12,3|,222,14,5,3|,222,81,76,3|,222,81,91,92|,222,135,130,3|,224,196,42,3|,224,200,22,3|,224,200,26,3|
,76,33,229|,76,69,227|,76,187,231|,91,88,229|,76,4,29,229|,76,4,65,227|,76,23,31,229|,76,23,67,227|,76,27,31,229|,76,27,67,227|
,48,22|,48,26|,50,5|,141,136|,50,15,10|,50,15,12|,50,19,16|,50,29,32|,50,45,42|,50,65,68|
,160,29,89|,162,79,91|,164,126,89|,164,124,81,91|,162,52,31,89|,160,5,3,93|,160,5,33,89|,160,5,77,91|,160,15,81,91|,160,99,96,89|
,46,8|,50,15|,263,266|,263,264,222|,263,279,276|,50,5,11|,50,5,13|,50,6,8|,50,37,34|,50,99,94|
,110|,249,246|,108,5,23|,108,5,27|,108,19,25|,108,29,30|,108,37,38|,108,51,48|,108,65,66|,108,179,180|
,90,78,273|,90,151,261,271|,88,30,53,273|,88,30,247,269|,88,30,259,271|,88,30,24,55,273|,88,30,111,249,269|,88,28,19,55,273|,88,28,45,57,273|,88,28,83,84,273|
,212,259|,210,153,261|,210,5,23,259|,210,5,27,259|,210,15,149,261|,210,15,191,257|,210,19,25,259|,210,29,30,259|,210,37,38,259|,210,51,48,259|
,48,201|,50,45,197|,263,264,224|,263,266,223,224|,50,5,3,199|,50,5,23,201|,50,5,27,201|,50,5,43,197|,50,15,223,224|,50,19,25,201|
,130,69,155|,134,95,157|,134,95,159|,134,10,69,155|,134,12,69,155|,134,14,65,155|,134,14,99,157|,134,14,99,159|,134,125,235,236|,130,4,65,155|
,145,146|,64,15,59|,64,15,61|,64,15,63|,64,109,106|,66,111,106|,68,11,59|,68,11,61|,68,11,63|,68,13,59|
,182|,178,29|,180,31|,180,22,33|,180,26,33|,180,169,170|,180,203,204|,178,5,33|,178,99,96|,219,214,100,31|
,114,110,201|,116,0,199|,114,108,45,197|,114,249,246,201|,112,7,45,197|,112,8,223,224|,112,21,25,201|,112,47,48,201|,112,103,100,201|,112,103,104,201|
,112,7,153|,112,8,149|,114,108,153|,123,118,149|,123,118,14,153|,123,118,81,151|,123,120,82,153|,114,108,15,149|,114,106,58,149|,114,106,60,149|
,200,101|,200,105|,225,220|,225,222,9,103|,200,24,20,103|,200,49,46,103|,200,181,219,214|,200,181,219,216|,196,40,38,101|,196,40,38,105|
,80,9,113|,80,119,122|,80,14,6,113|,80,14,109,115|,80,59,107,115|,80,61,107,115|,80,63,107,115|,80,125,128,115|,80,191,194,115|,76,3,1,117|
,88,183|,88,28,179|,88,30,181|,88,32,4,179|,88,32,23,181|,88,32,27,181|,88,97,98,179|,88,171,168,181|,88,205,202,181|,90,76,4,179|
,84,79|,82,5,77|,82,15,81|,82,153,150|,121,118,81|,175,172,81|,193,190,81|,193,190,10,77|,193,190,12,77|,193,190,149,150|
,172,191|,174,193|,176,111,195|,176,259,256|,176,22,11,191|,176,22,13,191|,176,26,11,191|,176,26,13,191|,176,39,34,191|,176,53,85,193|
,64,15|,68,11|,68,13|,68,4,15|,68,77,80|,68,131,134|,64,5,11|,64,5,13|,64,6,8|,64,37,34|
,184,249,269|,184,110,53,273|,184,110,247,269|,184,110,259,271|,184,195,257,271|,186,17,55,273|,186,23,53,273|,186,23,247,269|,186,23,259,271|,186,27,53,273|
,142,4,153|,142,11,149|,142,13,149|,142,77,151|,144,64,153|,146,58,149|,146,60,149|,146,62,149|,209,210,153|,209,210,15,149|
,36,65|,38,67|,38,22,69|,38,26,69|,36,5,69|,34,10,69|,34,12,69|,34,14,65|,41,42,69|,41,44,65|
,149,261|,191,257|,10,23,259|,10,27,259|,12,23,259|,12,27,259|,14,153,261|,35,38,259|,81,151,261|,167,168,259|
,226,66,201|,228,30,201|,228,28,45,197|,228,32,3,199|,228,32,23,201|,228,32,27,201|,228,32,43,197|,228,89,92,199|,228,171,168,201|,228,183,180,201|
,180,251|,180,239,253|,180,243,253|,178,15,255|,182,30,251|,182,30,239,253|,182,30,243,253|,182,28,15,255|,182,32,11,255|,182,32,13,255|
,178,83,86|,178,5,3,1|,178,6,113,116|,178,109,115,116|,180,22,3,1|,180,26,3,1|,180,53,85,86|,180,111,115,116|,180,177,174,86|,180,201,198,1|
,196,42,143|,198,2,143|,200,22,143|,200,26,143|,200,67,145|,200,213,208|,200,67,68,143|,200,26,69,145|,200,22,69,145|,200,24,16,143|
,258,101,215|,258,101,217|,258,105,215|,258,105,217|,258,181,219|,258,31,183,219|,260,152,179,219|,260,152,6,103,215|,260,152,6,103,217|,260,152,29,183,219|
,76|,80,10|,80,12|,80,14,5|,80,135,130|,78,52,22|,78,52,26|,78,54,16|,78,56,42|,91,88,32|
,130|,132,16|,134,10|,134,12|,134,14,5|,134,81,76|,132,18,5|,132,25,22|,132,25,26|,132,25,31,32|
,38,53,273|,38,247,269|,38,259,271|,41,57,273|,38,24,55,273|,38,111,249,269|,34,81,78,273|,34,149,261,271|,34,191,257,271|,36,19,55,273|
,226,145|,226,68,143|,228,32,143|,230,186,143|,230,188,147|,230,186,69,145|,230,184,106,147|,228,32,69,145|,228,28,5,143|,228,28,65,145|
,84,52,233|,175,176,233|,175,172,125,235|,84,54,25,233|,84,163,164,235|,82,5,23,233|,82,5,27,233|,82,15,125,235|,82,19,25,233|,82,29,30,233|
,30|,32,23|,32,27|,171,168|,183,180|,205,202|,32,17,25|,32,69,66|,32,241,238|,32,241,242|
,202,49,263|,204,275,278|,204,275,276,267|,204,28,15,267|,204,28,51,263|,204,30,49,263|,204,32,11,267|,204,32,13,267|,204,97,94,267|,204,127,124,267|
,108,153|,108,15,149|,106,58,149|,106,60,149|,106,62,149|,110,259,260|,129,124,149|,195,190,149|,195,257,260|,195,190,14,153|
,178,109|,180,111|,180,247,248|,182,28,109|,182,30,111|,182,127,128|,182,30,247,248|,182,32,4,109|,182,32,23,111|,182,32,27,111|
,23|,27|,17,25|,33,30|,69,66|,241,238|,241,242|,241,253,250|,33,171,168|,33,183,180|
,176,201|,172,223,224|,172,10,3,199|,172,10,23,201|,172,10,27,201|,172,10,43,197|,172,12,3,199|,172,12,23,201|,172,12,27,201|,172,12,43,197|
,146,107|,146,189,184|,142,4,109|,142,23,111|,142,27,111|,142,187,184|,144,64,109|,144,66,111|,209,210,109|,209,212,111|
,112,21,55|,114,110,53|,116,87,84|,123,120,84|,123,118,81,78|,114,110,24,55|,114,108,19,55|,114,108,45,57|,114,108,83,84|,114,108,161,162|
,246,53|,269,272|,246,24,55|,248,110,53|,248,110,24,55|,248,108,19,55|,248,108,45,57|,248,108,83,84|,248,108,161,162|,248,129,165,162|
,82,15,223|,121,118,223|,175,172,223|,193,190,223|,193,190,267,264|,175,172,267,264|,175,176,101,221|,175,176,105,221|,175,176,201,225|,121,118,267,264|
,136,11,255|,136,13,255|,136,23,251|,136,27,251|,136,241,253|,138,8,255|,140,48,251|,140,48,239,253|,140,48,243,253|,140,46,8,255|
,154,64,153|,156,94,149|,156,98,153|,158,94,149|,158,98,153|,158,98,15,149|,158,94,14,153|,158,94,81,151|,158,96,28,153|,156,98,15,149|
,225,265|,225,222,267|,200,49,263|,200,22,11,267|,200,22,13,267|,200,26,11,267|,200,26,13,267|,200,31,275,278|,200,39,34,267|,200,101,221,265|
,218,182,127|,218,178,15,125|,218,178,29,127|,218,178,109,129|,218,178,161,164|,218,180,31,127|,218,180,111,129|,218,180,233,234|,214,100,31,127|,214,100,111,129|
,250,259|,252,238,259|,252,242,259|,254,149,261|,254,191,257|,254,10,23,259|,254,10,27,259|,254,12,23,259|,254,12,27,259|,254,14,153,261|
,101,215|,101,217|,105,215|,105,217|,181,219|,31,183,219|,31,28,179,219|,22,4,179,219|,22,33,183,219|,24,18,179,219|
,22,77|,26,77|,53,79|,26,11,81|,26,13,81|,22,11,81|,22,13,81|,24,16,77|,24,55,79|,31,32,77|
,76,4,211|,76,23,213|,76,27,213|,76,143,209|,78,52,213|,80,14,211|,151,152,211|,151,148,14,211|,151,261,258,213|,80,9,7,211|
,232,111|,234,128|,232,247,248|,236,245,248|,236,245,246,111|,236,154,64,109|,236,154,66,111|,236,156,98,109|,236,158,98,109|,236,207,202,111|
,210,29,89|,212,31,89|,212,22,3,93|,212,22,33,89|,212,22,77,91|,212,26,3,93|,212,26,33,89|,212,26,77,91|,212,53,79,91|,212,169,170,89|
,154,66|,207,202|,237,232|,245,246|,245,248,110|,207,204,30|,154,68,23|,154,68,27|,156,96,30|,158,96,30|
,16,69,155|,18,65,155|,18,99,157|,18,99,159|,25,67,155|,25,203,206|,25,233,236|,25,247,244|,25,22,69,155|,25,26,69,155|
,148,35|,152,37|,152,15,35|,152,45,40|,148,14,37|,150,80,35|,261,258,39|,261,256,190,35|,150,80,14,37|,150,76,4,37|
,210,45|,210,5,43|,210,37,41|,208,142,43|,212,22,43|,212,26,43|,212,39,41|,212,53,56|,212,201,196|,212,39,36,45|
,130,3,199|,130,23,201|,130,27,201|,130,43,197|,132,25,201|,134,223,224|,134,10,3,199|,134,10,23,201|,134,10,27,201|,134,10,43,197|
,16,11,223|,16,13,223|,18,15,223|,20,8,223|,20,103,221|,25,101,221|,25,105,221|,25,201,225|,133,134,223|,133,134,267,264|
,238,53,273|,238,247,269|,238,259,271|,242,53,273|,242,247,269|,242,259,271|,242,24,55,273|,242,111,249,269|,238,24,55,273|,238,111,249,269|
,22,187|,26,187|,111,185|,111,106,189|,24,16,187|,31,32,187|,31,229,230|,67,68,187|,67,227,230|,239,240,187|
,0,2,69|,87,82,65|,87,82,5,69|,87,84,52,67|,87,175,176,67|,0,2,4,65|,0,2,23,67|,0,2,27,67|,0,2,143,144|,0,199,200,67|
,34,9|,36,6|,36,15,9|,36,19,20|,36,51,46|,34,14,6|,38,24,20|,38,49,46|,38,101,102|,38,105,102|
,184,110,201|,186,3,199|,186,23,201|,186,27,201|,186,43,197|,186,4,45,197|,186,11,223,224|,186,13,223,224|,186,17,25,201|,186,33,30,201|
,11,277|,13,277|,33,275|,13,267,279|,11,267,279|,4,15,277|,4,29,275|,23,31,275|,27,31,275|,77,80,277|
,30,101|,30,105|,28,6,103|,32,23,101|,32,23,105|,32,27,101|,32,27,105|,171,168,101|,171,168,105|,183,180,101|
,264,220,215|,264,220,217|,262,46,103,215|,262,46,103,217|,262,48,101,215|,262,48,101,217|,262,48,105,215|,262,48,105,217|,262,48,181,219|,262,50,179,219|
,258,22,137|,258,26,137|,258,49,141|,258,49,46,139|,258,24,16,137|,258,24,20,139|,258,31,32,137|,258,67,68,137|,258,101,102,139|,258,105,102,139|
,50,153|,50,15,149|,46,7,153|,46,8,149|,48,259,260|,263,266,149|,263,266,14,153|,263,266,81,151|,263,264,222,149|,263,279,276,149|
,212,53,273|,212,247,269|,212,259,271|,212,24,55,273|,212,111,249,269|,210,19,55,273|,210,45,57,273|,210,83,84,273|,210,109,249,269|,210,153,261,271|
,172,9,73|,172,9,75|,172,10,71|,172,12,71|,176,22,71|,176,26,71|,176,24,16,71|,176,24,20,73|,176,24,20,75|,176,31,32,71|
,130,23,247|,130,27,247|,132,25,247|,132,25,111,249|,132,16,23,247|,132,16,27,247|,132,18,109,249|,132,55,52,247|,132,55,273,268|,130,27,111,249|
,15,191|,83,193|,109,195|,5,11,191|,5,13,191|,6,8,191|,37,34,191|,99,94,191|,153,148,191|,153,261,256|
,142,3|,144,68,3|,144,64,5,3|,144,66,22,3|,144,66,26,3|,144,66,201,198|,142,23,201,198|,142,27,201,198|,142,33,89,92|,142,43,197,198|
,142,11|,142,13|,146,58|,146,60|,146,62|,142,4,15|,142,77,80|,142,131,134|,144,64,15|,144,68,11|
,124,149,261|,124,191,257|,126,30,259|,128,110,259|,128,195,257|,235,232,259|,128,108,153,261|,128,249,246,259|,128,249,269,270|,126,28,153,261|
,87,193|,117,114,195|,117,112,8,191|,117,123,118,191|,117,123,120,193|,87,82,15,191|,87,82,109,195|,87,121,118,191|,87,175,172,191|,0,2,11,191|
,2,11,59|,2,11,61|,2,11,63|,2,13,59|,2,13,61|,2,13,63|,2,143,146|,2,187,188|,2,187,184,106|,2,4,15,59|
,214,100,233|,214,104,233|,216,100,233|,216,104,233|,218,180,233|,218,182,30,233|,218,182,127,235|,218,182,32,23,233|,218,182,32,27,233|,218,182,97,157,237|
,214,100,111,195|,214,100,259,256|,214,102,8,191|,214,104,111,195|,214,104,259,256|,214,221,222,191|,216,100,111,195|,216,100,259,256|,216,102,8,191|,216,104,111,195|
,70,4,83|,72,7,83|,74,7,83|,74,8,14,83|,74,8,119,120|,74,8,173,174|,74,8,191,192|,74,21,18,83|,74,21,55,85|,74,47,50,83|
,102,139|,102,47,141|,100,22,137|,100,26,137|,100,49,141|,104,22,137|,104,26,137|,104,49,141|,104,49,46,139|,104,24,16,137|
,166,10,187|,166,12,187|,166,59,189|,166,61,189|,166,63,189|,168,22,187|,168,26,187|,168,111,185|,170,32,187|,170,229,230|
,222,191|,265,266,191|,265,279,276,191|,222,14,83,193|,222,14,109,195|,222,59,107,195|,222,61,107,195|,222,63,107,195|,222,119,120,193|,222,125,128,195|
,0,2,11,267|,0,2,13,267|,0,199,225,265|,87,82,15,267|,87,82,51,263|,87,121,118,267|,87,175,172,267|,87,193,190,267|,117,112,8,267|,117,112,47,263|
,1,87,84,273|,2,17,55,273|,2,23,53,273|,2,23,247,269|,2,23,259,271|,2,27,53,273|,2,27,247,269|,2,27,259,271|,2,43,57,273|,2,77,78,273|
,178,15,267|,178,51,263|,180,49,263|,182,275,278|,182,275,276,267|,182,28,15,267|,182,28,51,263|,182,30,49,263|,182,32,11,267|,182,32,13,267|
,160,19|,162,54|,162,52,24|,160,5,17|,160,6,21|,160,5,23,24|,160,5,27,24|,160,5,131,132|,162,52,22,17|,162,52,26,17|
,213|,22,4,211|,22,143,209|,24,18,211|,26,4,211|,26,143,209|,31,28,211|,39,36,211|,49,50,211|,67,64,211|
,238,259,260|,240,4,153|,240,11,149|,240,13,149|,240,77,151|,242,259,260|,253,254,149|,253,254,14,153|,253,254,81,151|,253,250,259,260|
,136,4,211|,136,23,213|,136,27,213|,136,143,209|,138,7,211|,140,48,213|,140,50,211|,140,46,7,211|,138,8,14,211|,138,21,18,211|
,2,4,211|,2,23,213|,2,27,213|,2,143,209|,199,200,213|,199,196,44,211|,2,11,14,211|,2,13,14,211|,2,17,18,211|,2,17,25,213|
,274,30,233|,274,127,235|,276,125,235|,276,10,23,233|,276,10,27,233|,276,12,23,233|,276,12,27,233|,276,35,38,233|,276,95,157,237|,276,95,159,237|
,64,29,89|,66,31,89|,68,3,93|,68,33,89|,68,77,91|,227,228,89|,68,4,29,89|,68,11,81,91|,68,13,81,91|,68,23,31,89|
,125,235|,10,23,233|,10,27,233|,12,23,233|,12,27,233|,35,38,233|,95,157,237|,95,159,237|,167,168,233|,173,176,233|
,246,31|,246,22,33|,246,26,33|,246,169,170|,246,181,182|,246,203,204|,244,156,96|,244,158,96|,244,207,204|,248,108,29|
,250,233|,252,238,233|,252,242,233|,254,125,235|,254,10,23,233|,254,10,27,233|,254,12,23,233|,254,12,27,233|,254,35,38,233|,254,95,157,237|
,88,30,247|,88,30,111,249|,88,28,109,249|,88,32,23,247|,88,32,27,247|,88,97,157,245|,88,97,159,245|,88,127,128,249|,88,171,168,247|,88,183,180,247|
,100,259,260|,102,7,153|,102,8,149|,104,259,260|,221,222,149|,221,222,14,153|,221,222,81,151|,221,265,266,149|,104,22,4,153|,104,22,11,149|
,18,161|,55,163|,16,4,161|,20,7,161|,25,53,163|,25,22,4,161|,25,26,4,161|,25,31,28,161|,25,31,127,165|,25,39,36,161|
,256,194,115|,258,111,115|,258,24,20,113|,258,49,46,113|,258,101,102,113|,258,105,102,113|,258,247,248,115|,256,190,9,113|,256,190,119,122|,256,192,86,117|
,52,101,221|,52,105,221|,52,201,225|,56,197,225|,79,80,223|,79,80,267,264|,79,76,11,223|,79,76,13,223|,79,151,148,223|,56,40,34,223|
,38,247|,38,111,249|,36,109,249|,36,109,110,247|,36,5,23,247|,36,5,27,247|,36,19,25,247|,36,29,30,247|,36,51,48,247|,36,65,66,247|
,110,203|,110,31,205|,108,29,205|,129,126,205|,249,244,207|,249,246,203|,249,246,31,205|,129,126,30,203|,129,235,232,203|,129,235,236,207|
,100,251|,104,251|,104,239,253|,104,243,253|,100,239,253|,100,243,253|,102,8,255|,221,222,255|,221,224,200,251|,221,265,266,255|
,82,15,125|,82,29,127|,82,109,129|,82,161,164|,84,163,164|,121,118,125|,175,172,125|,193,190,125|,193,194,129|,175,176,31,127|
,214,100,22|,214,100,26|,214,104,22|,214,104,26|,216,100,22|,216,100,26|,216,104,22|,216,104,26|,218,178,5|,218,180,22|
,86,117|,121,122|,82,6,113|,82,109,115|,193,194,115|,193,190,9,113|,193,190,119,122|,82,15,9,113|,82,15,119,122|,82,19,20,113|
,145|,68,143|,64,5,143|,64,211,208|,66,22,143|,66,26,143|,66,213,208|,227,228,32,143|,227,230,186,143|,227,230,188,147|
,232,22,3,1|,232,26,3,1|,232,53,85,86|,232,111,115,116|,232,177,174,86|,232,201,198,1|,234,128,115,116|,234,128,108,83,86|,234,128,195,192,86|,234,124,9,113,116|
,197|,40,38,201|,42,3,199|,42,23,201|,42,27,201|,57,52,201|,57,54,25,201|,44,5,3,199|,44,5,23,201|,44,5,27,201|
,202,22|,202,26|,204,32|,204,28,5|,204,30,22|,204,30,26|,202,24,16|,202,31,32|,202,67,68|,202,239,240|
,190,267|,190,223,265|,190,277,278|,190,9,47,263|,190,14,51,263|,192,82,15,267|,192,82,51,263|,192,121,118,267|,192,175,172,267|,194,106,58,267|
,210,153|,210,15,149|,212,259,260|,212,22,4,153|,212,22,11,149|,212,22,13,149|,212,22,77,151|,212,24,18,153|,212,26,4,153|,212,26,11,149|
,136,23,233|,136,27,233|,140,48,233|,136,11,125,235|,136,13,125,235|,136,17,25,233|,136,33,30,233|,136,33,127,235|,136,69,66,233|,136,69,155,237|
,244,207|,246,203|,246,31,205|,248,110,203|,248,110,31,205|,248,108,29,205|,248,129,126,205|,246,22,33,205|,246,26,33,205|,246,67,155,207|
,261,258|,148,10,23|,148,10,27|,148,12,23|,148,12,27|,148,35,38|,148,167,168|,148,173,176|,148,255,250|,150,76,23|
,136,4,37|,136,11,35|,136,13,35|,136,23,39|,136,27,39|,136,43,40|,138,7,37|,138,8,35|,140,48,39|,140,50,37|
,37|,15,35|,45,40|,5,11,35|,5,13,35|,5,23,39|,5,27,39|,5,43,40|,6,8,35|,19,25,39|
,214,100,203|,214,104,203|,216,100,203|,216,104,203|,218,180,203|,218,182,205|,218,182,30,203|,218,180,31,205|,218,178,29,205|,216,104,31,205|
,118,14,161|,118,125,165|,120,82,161|,120,84,163|,118,9,7,161|,118,10,4,161|,118,12,4,161|,118,35,36,161|,118,81,78,163|,118,95,98,161|
,254,135|,254,10,131|,254,12,131|,250,22,131|,250,24,133|,250,26,131|,252,240,131|,252,240,11,135|,252,240,13,135|,252,240,17,133|
,112|,114,108,6|,123,118,9|,123,118,14,6|,123,120,82,6|,116,87,82,6|,114,108,15,9|,114,108,19,20|,114,108,51,46|,114,106,58,9|
,100,259|,104,259|,104,53,273,270|,104,111,195,257|,104,247,269,270|,100,53,273,270|,100,111,195,257|,100,247,269,270|,102,7,153,261|,102,8,149,261|
,246,213|,248,108,211|,248,110,213|,248,106,147,209|,246,22,4,211|,246,22,143,209|,246,24,18,211|,246,26,4,211|,246,26,143,209|,246,31,28,211|
,246,259,260|,248,108,153|,269,270,260|,269,272,79,151|,248,108,15,149|,248,106,58,149|,248,106,60,149|,248,106,62,149|,248,110,259,260|,248,129,124,149|
,248,185|,248,106,189|,246,22,187|,246,26,187|,246,111,185|,246,111,106,189|,246,24,16,187|,246,31,32,187|,246,31,229,230|,246,67,68,187|
,236|,232,67,155|,232,203,206|,232,247,244|,234,124,95,157|,234,124,95,159|,234,126,97,157|,234,126,97,159|,234,126,205,206|,234,128,249,244|
,5|,15,10|,15,12|,19,16|,29,32|,45,42|,65,68|,65,66,22|,65,66,26|,65,145,142|
,166,14,161|,166,125,165|,168,53,163|,170,28,161|,170,127,165|,170,30,53,163|,170,32,4,161|,170,97,98,161|,170,183,178,161|,168,22,4,161|
,113|,7,109,115|,8,119,122|,103,100,111,115|,103,104,111,115|,47,48,111,115|,47,50,109,115|,21,18,109,115|,21,25,111,115|,8,14,109,115|
,18,109|,25,111|,25,247,248|,16,4,109|,16,23,111|,16,27,111|,16,187,184|,20,7,109|,20,113,114|,55,52,111|
,152,211|,148,14,211|,261,258,213|,148,9,7,211|,148,10,4,211|,148,10,23,213|,148,10,27,213|,148,10,143,209|,148,12,4,211|,148,12,23,213|
,118,95|,118,14,99|,120,82,99|,120,82,15,95|,120,82,29,97|,120,175,172,95|,120,193,190,95|,118,14,29,97|,118,9,7,99|,118,10,4,99|
,139|,47,141|,7,5,137|,7,51,141|,8,10,137|,8,12,137|,21,16,137|,73,70,137|,75,70,137|,103,100,22,137|
,166,81|,166,10,77|,166,12,77|,166,149,150|,168,22,77|,168,26,77|,168,53,79|,170,32,77|,170,89,90|,170,32,11,81|
,112,73|,112,75|,112,7,5,71|,112,8,10,71|,112,8,12,71|,112,21,16,71|,112,139,136,71|,114,108,5,71|,114,108,6,73|,114,108,6,75|
,130,23,233|,130,27,233|,132,25,233|,134,125,235|,134,10,23,233|,134,10,27,233|,134,12,23,233|,134,12,27,233|,134,35,38,233|,134,95,157,237|
,220,102,139|,222,9,139|,222,10,137|,222,12,137|,265,262,141|,265,262,46,139|,265,266,9,139|,265,266,10,137|,265,266,12,137|,222,9,47,141|
,262,50|,266,14|,266,9,7|,266,10,4|,266,12,4|,266,35,36|,266,95,98|,266,149,152|,262,46,7|,264,222,14|
,46,8,125|,48,31,127|,48,111,129|,48,233,234|,50,15,125|,50,29,127|,50,109,129|,50,161,164|,263,266,125|,263,264,222,125|
,80,95|,80,14,99|,76,4,99|,76,11,95|,76,13,95|,76,33,97|,91,88,97|,151,148,95|,151,152,99|,151,152,15,95|
,265|,222,267|,222,277,278|,224,200,49,263|,220,100,49,263|,220,102,8,267|,220,102,47,263|,220,104,49,263|,222,9,47,263|,222,14,51,263|
,2,4,99|,2,11,95|,2,13,95|,2,33,97|,93,88,97|,93,88,28,99|,93,90,80,95|,2,33,28,99|,2,13,14,99|,2,11,14,99|
,172,135|,172,10,131|,172,12,131|,176,22,131|,176,24,133|,176,26,131|,176,26,11,135|,176,26,13,135|,176,26,17,133|,176,24,16,131|
,222,14,83|,222,119,120|,222,173,174|,222,191,192|,222,9,7,83|,222,10,4,83|,222,12,4,83|,222,35,36,83|,222,81,78,85|,222,95,98,83|
,3|,23,201,198|,27,201,198|,33,89,92|,43,197,198|,77,91,92|,241,238,201,198|,241,242,201,198|,69,66,201,198|,33,30,201,198|
,210,161|,212,53,163|,212,22,4,161|,212,24,18,161|,212,24,55,163|,212,26,4,161|,212,31,28,161|,212,31,127,165|,212,39,36,161|,212,49,50,161|
,258,22,43|,258,26,43|,258,39,41|,258,53,56|,258,201,196|,260,152,45|,271,272,56|,260,152,5,43|,260,152,37,41|,260,148,10,43|
,156,94,119|,158,94,119|,158,98,15,119|,158,98,83,121|,156,98,15,119|,156,98,83,121|,154,64,15,119|,154,64,83,121|,154,68,11,119|,154,68,13,119|
,224,198,1|,220,102,113,116|,222,9,113,116|,222,10,3,1|,222,12,3,1|,222,14,83,86|,222,119,120,86|,222,119,122,116|,222,173,174,86|,222,191,192,86|
,86|,121,122,116|,193,194,115,116|,82,5,3,1|,82,6,113,116|,82,109,115,116|,193,190,9,113,116|,193,190,10,3,1|,193,190,12,3,1|,193,190,119,122,116|
,268,244,154,227|,268,246,31,229|,268,246,67,227|,268,248,185,231|,270,258,31,229|,270,258,67,227|,272,52,31,229|,272,52,67,227|,272,52,22,33,229|,272,52,22,69,227|
,238,24,20|,238,49,46|,238,101,102|,238,105,102|,240,4,6|,240,11,9|,240,13,9|,240,17,20|,240,71,72|,240,71,74|
,156|,158|,154,64,99|,207,204,97|,245,246,31,97|,245,248,108,99|,237,232,31,97|,237,234,124,95|,237,234,126,97|,207,204,28,99|
,244,237|,246,233|,248,110,233|,248,129,235|,246,31,127,235|,246,67,155,237|,246,111,129,235|,246,203,206,237|,244,154,66,233|,244,207,202,233|
,258,22,3|,258,26,3|,258,201,198|,258,24,16,3|,258,31,32,3|,258,31,89,92|,258,67,68,3|,258,239,240,3|,258,243,240,3|,256,190,10,3|
,88,28,45|,88,32,43|,90,76,43|,90,78,56|,92,2,43|,92,199,196|,92,2,4,45|,90,76,4,45|,90,80,10,43|,90,80,12,43|
,157,245,269|,159,245,269|,94,81,78,273|,94,149,261,271|,94,191,257,271|,96,30,53,273|,96,30,247,269|,96,30,259,271|,98,19,55,273|,98,45,57,273|
,118,14|,120,82|,118,9,7|,118,10,4|,118,12,4|,118,35,36|,118,95,98|,118,149,152|,122,112,7|,122,114,108|
,107,249|,107,110,247|,189,184,249|,189,184,110,247|,189,186,23,247|,189,186,27,247|,58,10,23,247|,58,10,27,247|,58,12,23,247|,58,12,27,247|
,254,223|,254,267,264|,250,101,221|,250,105,221|,250,201,225|,250,22,11,223|,250,22,13,223|,250,26,11,223|,250,26,13,223|,250,39,34,223|
,200,247|,200,111,249|,200,53,273,268|,200,67,155,245|,200,203,206,245|,200,233,236,245|,200,259,271,268|,196,40,38,247|,196,42,23,247|,196,42,27,247|
,248,108|,244,154,64|,244,156,98|,244,158,98|,246,22,4|,246,24,18|,246,26,4|,246,31,28|,246,39,36|,246,49,50|
,118,35|,118,14,37|,120,82,37|,120,82,15,35|,120,82,45,40|,120,84,52,39|,120,84,56,40|,120,175,172,35|,120,175,176,39|,120,193,190,35|
