0 1 100
1 2 100
2 3 100
3 4 100
4 5 100
5 2 100
5 2 100
5 3 100
6 2 100
6 3 100
6 4 100
7 2 100
7 6 100
7 2 100
8 3 100
8 7 100
8 2 100
9 5 100
9 3 100
9 7 100
10 9 100
10 2 100
10 3 100
11 4 100
11 7 100
11 3 100
12 7 100
12 6 100
12 10 100
13 5 100
13 5 100
13 5 100
14 3 100
14 7 100
14 2 100
15 2 100
15 4 100
15 4 100
16 2 100
16 12 100
16 5 100
17 3 100
17 12 100
17 0 100
18 8 100
18 16 100
18 1 100
19 5 100
19 8 100
19 3 100
20 7 100
20 4 100
20 7 100
21 13 100
21 3 100
21 7 100
22 4 100
22 21 100
22 0 100
23 5 100
23 17 100
23 22 100
24 5 100
24 8 100
24 21 100
25 2 100
25 6 100
25 5 100
26 2 100
26 4 100
26 11 100
27 2 100
27 14 100
27 13 100
28 5 100
28 16 100
28 3 100
29 14 100
29 19 100
29 19 100
30 3 100
30 12 100
30 24 100
31 5 100
31 7 100
31 8 100
32 5 100
32 17 100
32 7 100
33 3 100
33 7 100
33 8 100
34 21 100
34 2 100
34 13 100
35 5 100
35 17 100
35 21 100
36 10 100
36 1 100
36 7 100
37 7 100
37 8 100
37 29 100
38 27 100
38 3 100
38 7 100
39 20 100
39 20 100
39 33 100
40 20 100
40 5 100
40 36 100
41 14 100
41 8 100
41 34 100
42 7 100
42 24 100
42 29 100
43 7 100
43 2 100
43 7 100
44 29 100
44 7 100
44 21 100
45 7 100
45 43 100
45 5 100
46 35 100
46 7 100
46 28 100
47 11 100
47 40 100
47 5 100
48 44 100
48 46 100
48 12 100
49 8 100
49 5 100
49 47 100
