11 3 100
9 34 100
36 26 100
33 37 100
11 32 99
30 0 99
32 20 99
38 27 99
22 46 98
13 10 97
17 23 97
25 17 96
30 39 96
24 10 96
9 11 96
26 6 95
34 18 94
38 9 94
41 10 94
10 6 93
1 31 93
26 15 93
31 35 92
4 41 92
22 37 92
8 36 92
32 44 92
45 1 92
43 44 91
46 48 91
47 45 91
21 6 91
23 8 90
20 38 90
8 17 90
14 42 90
6 12 90
47 26 89
14 10 89
45 12 89
35 28 89
5 17 89
47 0 89
38 11 88
7 22 88
22 27 87
10 4 87
8 40 87
44 0 86
34 35 86
37 15 86
19 6 85
16 46 85
11 25 84
45 0 84
27 13 84
0 45 83
1 9 83
13 0 83
33 26 82
42 20 82
5 35 82
9 39 82
6 16 81
0 40 80
21 38 79
24 7 79
18 16 78
36 13 78
23 37 77
34 30 77
20 24 76
15 18 76
31 5 75
44 47 75
41 48 74
22 25 74
28 22 74
45 31 73
1 30 73
26 46 73
23 7 72
28 12 71
24 21 71
21 16 70
34 46 70
46 35 70
11 14 70
29 24 70
8 47 69
40 36 69
18 28 69
35 27 68
9 7 68
34 49 68
34 40 68
32 27 67
9 37 67
24 17 65
29 2 65
7 35 65
42 12 63
10 44 63
43 11 63
34 8 63
43 45 62
21 46 62
32 22 62
48 15 60
46 20 60
12 43 59
32 14 59
13 48 59
3 42 59
20 21 59
44 11 58
1 14 58
21 32 58
41 35 58
0 3 58
4 9 58
11 15 57
48 17 57
26 27 57
17 46 56
25 32 56
2 31 56
20 22 56
40 4 56
31 29 55
36 9 55
38 40 54
43 0 54
35 33 54
40 1 54
16 41 53
11 2 52
30 18 52
11 5 51
21 7 51
18 48 51
38 46 51
11 36 50
25 29 49
14 13 49
33 8 49
22 36 49
22 28 49
36 20 49
16 22 48
18 33 48
17 16 47
32 35 47
14 5 47
34 48 46
27 28 46
9 14 46
5 46 45
41 36 45
33 45 45
33 0 45
36 27 44
46 39 43
16 2 43
25 2 43
9 48 43
41 27 42
17 42 42
8 7 42
37 47 42
21 28 42
33 21 42
2 7 41
32 36 41
27 21 40
22 12 40
44 12 39
17 40 39
26 45 39
29 28 39
36 47 39
39 24 38
45 46 38
7 39 38
7 16 38
16 38 37
42 21 37
38 18 37
29 7 36
6 29 36
28 9 36
38 10 35
25 36 35
6 40 35
43 48 34
7 34 34
0 14 34
9 4 33
34 36 33
2 49 32
8 20 32
47 39 31
46 26 31
11 28 31
38 48 30
32 15 30
25 44 30
3 35 30
27 1 30
27 5 29
24 46 29
0 35 28
1 13 28
39 42 28
39 35 27
15 17 27
20 26 27
31 34 25
40 35 25
0 47 25
1 48 25
33 47 25
30 6 24
7 38 24
43 28 24
26 38 24
1 38 24
49 42 23
14 18 23
5 42 23
44 8 23
45 42 22
18 44 22
20 28 22
6 30 22
46 22 22
12 40 22
9 44 22
21 37 21
20 45 20
17 24 19
39 2 19
17 22 19
14 27 19
42 0 18
10 36 18
37 2 17
35 47 17
38 28 17
26 42 17
44 37 16
28 7 16
26 9 15
3 9 15
39 37 14
23 30 14
45 25 13
22 4 13
20 46 13
44 38 12
44 28 12
44 34 12
42 29 11
3 2 11
31 30 11
4 22 10
6 21 10
28 38 10
23 19 10
4 26 10
31 16 9
22 15 9
25 42 8
40 26 8
47 3 8
11 24 7
16 19 7
40 47 7
1 19 7
32 25 6
40 17 6
2 1 5
38 30 5
46 10 4
29 23 4
40 0 4
17 0 4
48 41 3
43 4 3
29 19 3
44 42 3
46 1 3
18 10 2
19 48 2
23 3 1
13 44 1
45 40 1
36 44 1
44 3 1
23 9 1
