0 55 100
0 163 100
0 268 100
1 13 100
1 20 100
1 52 100
1 136 100
2 12 100
2 194 100
2 285 100
3 46 100
3 62 100
3 100 100
3 199 100
3 247 100
3 277 100
4 2 100
4 295 100
5 126 100
5 180 100
5 238 100
6 251 100
7 11 100
7 29 100
7 242 100
8 180 100
9 190 100
10 90 100
10 100 100
10 107 100
10 143 100
10 189 100
10 249 100
11 0 100
11 283 100
11 299 100
12 184 100
12 244 100
13 114 100
13 128 100
14 36 100
14 153 100
14 276 100
15 265 100
15 289 100
16 9 100
16 171 100
17 68 100
17 130 100
17 186 100
18 0 100
18 120 100
18 190 100
19 29 100
19 156 100
20 46 100
20 58 100
20 248 100
21 127 100
21 161 100
21 194 100
22 135 100
23 6 100
23 10 100
23 95 100
23 125 100
23 172 100
23 192 100
24 21 100
24 246 100
25 3 100
25 5 100
25 144 100
25 244 100
26 132 100
27 138 100
27 262 100
28 162 100
29 138 100
29 149 100
29 241 100
29 260 100
29 273 100
30 21 100
32 120 100
32 141 100
32 185 100
32 253 100
33 62 100
33 90 100
33 95 100
33 254 100
33 285 100
34 91 100
34 140 100
34 176 100
34 215 100
34 242 100
34 263 100
34 274 100
34 281 100
35 54 100
36 13 100
36 206 100
37 33 100
37 82 100
37 150 100
37 156 100
37 246 100
38 202 100
38 289 100
39 49 100
39 110 100
39 216 100
39 292 100
40 105 100
40 115 100
40 162 100
40 228 100
41 87 100
41 292 100
42 33 100
42 70 100
42 93 100
42 138 100
42 196 100
43 106 100
43 112 100
43 150 100
43 169 100
44 212 100
44 219 100
45 18 100
45 128 100
45 146 100
45 283 100
46 244 100
47 9 100
47 18 100
47 40 100
47 256 100
47 264 100
48 27 100
48 65 100
48 117 100
48 175 100
48 282 100
49 36 100
50 109 100
51 81 100
51 197 100
51 257 100
52 51 100
52 60 100
52 106 100
52 178 100
52 223 100
53 153 100
53 211 100
53 232 100
54 36 100
54 197 100
54 274 100
55 12 100
55 72 100
55 74 100
55 107 100
55 278 100
56 224 100
57 7 100
57 243 100
57 250 100
58 40 100
58 86 100
59 25 100
59 194 100
60 183 100
60 197 100
61 168 100
61 188 100
61 193 100
61 249 100
61 262 100
62 206 100
62 220 100
62 291 100
63 136 100
64 94 100
64 104 100
64 211 100
64 264 100
65 30 100
65 120 100
65 131 100
65 148 100
65 151 100
65 172 100
65 282 100
66 62 100
67 147 100
67 233 100
68 211 100
68 274 100
69 236 100
70 102 100
70 281 100
71 0 100
71 29 100
71 190 100
71 212 100
72 21 100
72 45 100
72 108 100
72 152 100
72 157 100
72 207 100
72 237 100
73 12 100
73 269 100
73 278 100
74 54 100
74 114 100
74 130 100
75 60 100
75 103 100
76 82 100
76 157 100
76 259 100
77 7 100
77 13 100
77 52 100
77 133 100
77 197 100
78 151 100
78 155 100
78 191 100
79 98 100
79 137 100
80 70 100
80 112 100
80 234 100
80 262 100
81 184 100
81 250 100
81 257 100
82 97 100
83 57 100
83 105 100
83 118 100
83 170 100
83 283 100
84 55 100
84 216 100
85 3 100
85 158 100
85 210 100
86 27 100
86 63 100
86 199 100
86 286 100
87 78 100
87 152 100
87 241 100
88 143 100
88 157 100
88 160 100
89 116 100
89 203 100
89 204 100
90 24 100
90 119 100
90 213 100
90 218 100
90 280 100
91 127 100
91 193 100
91 230 100
91 278 100
91 287 100
92 27 100
93 161 100
93 244 100
94 59 100
94 77 100
94 85 100
95 4 100
95 22 100
95 152 100
95 162 100
95 174 100
95 231 100
95 236 100
97 37 100
97 116 100
97 160 100
98 82 100
98 243 100
99 104 100
99 195 100
99 239 100
100 66 100
100 174 100
101 134 100
101 258 100
102 87 100
102 152 100
102 170 100
102 202 100
103 29 100
103 134 100
103 183 100
103 238 100
104 29 100
104 62 100
104 234 100
104 260 100
105 230 100
106 90 100
106 264 100
107 46 100
107 133 100
107 225 100
107 243 100
107 263 100
108 51 100
108 158 100
109 188 100
109 216 100
110 166 100
111 25 100
111 65 100
111 72 100
111 83 100
111 99 100
111 296 100
112 70 100
112 161 100
112 250 100
112 262 100
113 88 100
113 150 100
114 40 100
115 137 100
115 139 100
115 148 100
115 224 100
117 3 100
117 83 100
117 113 100
117 259 100
118 15 100
118 111 100
118 136 100
118 231 100
118 263 100
119 87 100
119 260 100
120 64 100
120 90 100
120 250 100
120 276 100
121 77 100
121 180 100
121 199 100
121 220 100
122 10 100
122 208 100
123 81 100
123 267 100
124 4 100
124 40 100
124 132 100
124 151 100
125 52 100
125 172 100
126 27 100
126 63 100
126 84 100
126 166 100
127 96 100
127 135 100
127 163 100
128 0 100
128 69 100
128 115 100
129 39 100
129 249 100
129 280 100
130 98 100
130 188 100
131 223 100
131 261 100
131 265 100
132 55 100
132 102 100
132 121 100
133 66 100
133 82 100
133 151 100
133 270 100
134 73 100
134 144 100
134 262 100
135 7 100
135 41 100
135 125 100
135 221 100
136 60 100
136 176 100
136 178 100
136 188 100
136 190 100
136 227 100
136 255 100
136 258 100
137 6 100
137 59 100
137 143 100
137 198 100
137 246 100
138 82 100
138 121 100
138 178 100
138 289 100
138 293 100
139 191 100
139 221 100
140 288 100
141 130 100
141 140 100
141 193 100
141 259 100
143 7 100
143 52 100
143 115 100
143 182 100
144 43 100
144 104 100
144 194 100
145 116 100
145 282 100
146 38 100
146 132 100
146 150 100
147 65 100
147 141 100
147 236 100
147 256 100
148 95 100
148 249 100
148 250 100
149 31 100
149 40 100
149 79 100
149 165 100
149 192 100
149 196 100
151 100 100
151 152 100
151 159 100
152 169 100
152 279 100
153 99 100
153 264 100
153 272 100
154 61 100
154 141 100
154 164 100
154 287 100
155 66 100
155 285 100
156 26 100
156 176 100
156 271 100
156 275 100
157 37 100
157 192 100
158 17 100
158 75 100
158 291 100
159 50 100
159 79 100
159 81 100
159 209 100
159 243 100
159 245 100
160 171 100
160 232 100
161 250 100
162 49 100
162 141 100
162 295 100
163 5 100
163 36 100
163 51 100
163 76 100
163 88 100
163 180 100
163 199 100
163 255 100
163 269 100
164 6 100
165 10 100
165 88 100
166 79 100
167 146 100
167 163 100
167 193 100
168 8 100
168 18 100
168 87 100
168 134 100
168 172 100
169 101 100
169 189 100
169 196 100
169 224 100
169 273 100
170 28 100
171 112 100
172 82 100
172 183 100
172 274 100
172 276 100
173 41 100
173 142 100
174 214 100
175 46 100
175 206 100
175 243 100
176 83 100
176 89 100
176 104 100
176 235 100
176 279 100
177 222 100
178 57 100
178 103 100
178 121 100
178 204 100
178 238 100
179 119 100
179 143 100
180 213 100
180 228 100
181 65 100
181 90 100
181 135 100
183 46 100
183 56 100
183 130 100
183 293 100
184 110 100
184 114 100
184 136 100
184 142 100
184 145 100
184 193 100
184 213 100
185 13 100
185 67 100
185 243 100
185 250 100
186 55 100
186 94 100
187 8 100
188 16 100
188 106 100
188 197 100
189 38 100
189 67 100
189 134 100
189 145 100
189 198 100
190 27 100
191 10 100
191 27 100
191 46 100
191 48 100
192 186 100
192 228 100
193 70 100
193 142 100
193 224 100
194 13 100
194 18 100
194 150 100
194 160 100
194 186 100
195 280 100
196 8 100
196 21 100
196 97 100
196 224 100
196 243 100
197 166 100
197 220 100
198 69 100
198 117 100
198 155 100
198 257 100
199 85 100
199 157 100
199 193 100
200 46 100
200 159 100
200 220 100
201 24 100
201 57 100
201 75 100
201 106 100
201 145 100
201 215 100
201 234 100
202 22 100
202 26 100
202 289 100
203 114 100
203 133 100
203 240 100
203 273 100
204 242 100
204 246 100
205 141 100
206 67 100
206 69 100
206 173 100
206 184 100
206 253 100
207 176 100
207 205 100
209 14 100
209 69 100
209 233 100
209 258 100
210 67 100
210 76 100
211 65 100
211 245 100
211 286 100
214 14 100
214 57 100
214 187 100
214 219 100
214 266 100
215 9 100
215 37 100
215 40 100
216 151 100
216 169 100
217 110 100
217 134 100
217 184 100
218 63 100
219 87 100
219 132 100
219 269 100
220 82 100
220 149 100
220 152 100
220 184 100
220 268 100
221 14 100
222 193 100
223 143 100
223 221 100
224 70 100
224 140 100
224 162 100
224 251 100
224 256 100
225 73 100
225 189 100
225 220 100
226 78 100
226 82 100
226 248 100
226 254 100
227 11 100
227 81 100
227 117 100
228 197 100
228 261 100
228 299 100
230 161 100
231 206 100
231 267 100
231 273 100
232 54 100
232 84 100
232 278 100
233 161 100
234 115 100
234 153 100
234 168 100
235 46 100
236 64 100
236 96 100
236 264 100
237 70 100
237 83 100
237 167 100
237 250 100
237 262 100
238 69 100
238 71 100
238 73 100
238 173 100
238 283 100
239 181 100
239 202 100
240 91 100
240 133 100
240 179 100
240 292 100
241 119 100
241 158 100
241 183 100
242 60 100
242 149 100
242 275 100
243 61 100
243 69 100
243 72 100
243 80 100
243 220 100
244 89 100
244 137 100
244 151 100
245 87 100
246 121 100
246 130 100
246 205 100
246 221 100
246 281 100
247 92 100
247 172 100
247 191 100
247 246 100
247 286 100
248 159 100
248 183 100
249 146 100
249 235 100
250 91 100
250 131 100
250 143 100
250 296 100
251 82 100
251 133 100
251 193 100
251 198 100
252 23 100
252 177 100
253 21 100
253 94 100
253 109 100
253 110 100
254 6 100
255 6 100
255 45 100
255 96 100
255 123 100
255 129 100
255 254 100
255 270 100
255 279 100
256 253 100
256 259 100
257 128 100
257 185 100
257 213 100
258 18 100
259 65 100
259 94 100
259 112 100
259 205 100
260 54 100
260 153 100
260 215 100
260 235 100
260 238 100
260 263 100
261 199 100
261 259 100
262 126 100
262 163 100
262 217 100
262 221 100
263 15 100
263 74 100
263 256 100
263 283 100
264 122 100
264 158 100
264 188 100
264 247 100
265 83 100
265 93 100
265 117 100
265 119 100
265 292 100
266 54 100
266 114 100
266 128 100
266 231 100
267 53 100
267 81 100
267 198 100
268 169 100
268 208 100
269 32 100
269 61 100
269 192 100
269 195 100
270 116 100
270 260 100
270 262 100
271 43 100
271 220 100
271 273 100
272 41 100
273 25 100
273 45 100
273 97 100
273 149 100
273 183 100
273 272 100
274 78 100
274 286 100
274 291 100
275 48 100
275 145 100
275 225 100
275 246 100
276 11 100
276 224 100
277 76 100
277 167 100
277 275 100
278 37 100
278 109 100
278 170 100
278 258 100
279 23 100
279 42 100
279 47 100
279 111 100
280 1 100
280 30 100
280 138 100
280 166 100
280 239 100
281 54 100
281 196 100
282 121 100
282 213 100
283 4 100
283 168 100
283 170 100
284 5 100
284 20 100
284 95 100
284 151 100
284 193 100
284 277 100
285 5 100
285 17 100
285 132 100
285 139 100
285 161 100
285 272 100
285 297 100
286 47 100
286 117 100
286 218 100
286 233 100
286 264 100
287 9 100
287 67 100
287 81 100
287 83 100
288 79 100
288 112 100
288 236 100
290 85 100
291 46 100
291 186 100
291 252 100
292 13 100
292 117 100
292 199 100
292 296 100
293 26 100
293 52 100
293 62 100
294 214 100
296 68 100
296 81 100
296 159 100
296 245 100
296 271 100
297 137 100
297 189 100
298 154 100
299 38 100
299 197 100
299 248 100
