97 6 99
203 46 99
256 268 99
76 36 99
198 75 99
117 246 99
73 70 99
251 197 99
294 17 99
106 244 99
146 135 99
19 292 99
53 179 99
104 182 99
116 66 99
174 227 99
8 221 99
12 156 99
27 21 99
216 68 99
142 68 99
132 127 99
212 48 99
50 65 99
68 58 99
17 247 99
59 65 99
298 126 99
157 213 99
67 41 99
148 186 99
285 124 99
87 215 99
202 274 99
113 276 99
285 287 99
107 164 99
288 136 99
168 181 99
78 292 99
52 142 99
293 125 99
62 114 99
48 92 99
109 54 99
183 194 99
6 125 99
287 172 99
27 128 99
244 10 99
110 208 99
198 52 99
83 250 99
247 112 99
122 186 99
173 26 99
184 162 98
159 117 98
206 277 98
12 79 98
96 178 98
79 283 98
266 11 98
262 196 98
76 23 98
117 155 98
231 153 98
164 2 98
105 154 98
26 232 98
253 195 98
112 60 98
59 213 98
233 118 98
124 193 98
28 194 98
176 119 98
203 129 98
221 27 98
98 139 98
0 92 98
199 42 98
205 125 98
156 253 98
212 50 98
45 254 97
154 285 97
5 11 97
251 9 97
116 294 97
215 128 97
59 139 97
91 284 97
5 235 97
287 241 97
91 24 97
6 134 97
252 45 97
52 56 97
76 251 97
32 45 97
127 218 97
143 101 97
283 120 97
62 29 97
81 191 97
194 222 97
130 24 97
167 284 97
133 275 97
235 287 97
37 276 97
256 73 97
174 242 97
271 254 97
202 284 97
128 17 97
158 48 97
33 249 97
10 175 97
211 228 97
60 292 97
293 135 97
40 111 97
59 209 97
87 13 97
271 294 96
207 270 96
50 130 96
114 228 96
112 162 96
204 15 96
37 67 96
295 284 96
232 10 96
23 251 96
141 264 96
97 216 96
58 296 96
141 117 96
97 50 96
197 160 96
43 125 96
164 288 96
92 202 96
281 98 96
280 35 96
235 28 96
59 37 96
78 177 96
289 270 96
217 47 96
73 27 96
47 60 96
63 86 96
14 269 96
176 259 96
233 223 96
22 120 96
45 232 96
133 151 96
228 287 95
253 178 95
126 3 95
248 278 95
153 295 95
149 188 95
263 130 95
81 235 95
53 103 95
147 159 95
39 217 95
234 139 95
88 297 95
295 291 95
272 32 95
58 3 95
143 142 95
8 263 95
242 143 95
33 78 95
50 195 95
110 67 95
152 178 95
95 8 95
124 243 95
234 180 95
21 285 95
217 185 95
100 241 95
223 198 95
135 72 95
197 126 95
121 15 95
199 12 95
6 49 95
161 119 95
0 239 95
173 54 95
32 248 95
227 202 95
113 18 95
69 221 95
265 164 95
59 197 95
158 104 95
175 85 95
206 155 95
138 180 95
145 92 95
4 173 95
227 138 94
93 36 94
113 183 94
162 64 94
97 58 94
123 199 94
184 25 94
161 92 94
15 287 94
95 210 94
238 0 94
231 279 94
174 248 94
198 240 94
233 286 94
26 264 94
170 53 94
154 72 94
181 104 94
52 287 94
269 268 94
27 96 94
196 126 94
40 119 94
204 94 94
207 58 94
225 288 94
241 276 94
226 206 94
33 34 94
207 210 94
89 142 94
234 11 94
125 53 94
277 23 94
129 147 94
12 231 94
176 174 94
286 145 93
163 14 93
8 10 93
50 174 93
106 24 93
240 40 93
126 129 93
7 234 93
280 183 93
121 160 93
171 269 93
279 72 93
25 269 93
53 100 93
85 142 93
236 206 93
141 39 93
218 299 93
208 191 93
197 147 93
184 59 93
217 115 93
262 244 93
122 191 93
132 27 93
35 238 93
182 23 93
15 65 93
249 17 93
296 6 93
244 179 93
243 4 93
224 182 93
196 139 93
10 138 93
276 142 93
266 2 93
111 156 93
94 195 93
84 236 93
185 40 93
53 236 93
13 194 93
100 149 93
268 283 93
154 61 93
127 58 93
38 85 93
144 284 93
31 58 93
183 18 93
225 11 92
113 35 92
69 33 92
74 248 92
196 123 92
77 262 92
63 230 92
99 55 92
268 84 92
284 95 92
226 218 92
176 21 92
167 166 92
40 236 92
201 208 92
104 1 92
58 79 92
222 232 92
113 174 92
67 131 92
54 107 92
182 72 92
161 123 92
74 135 92
139 251 92
8 209 92
231 141 92
111 282 92
115 192 92
31 280 92
116 269 92
275 123 92
44 278 92
164 192 92
9 100 92
118 204 92
107 261 92
25 110 92
160 272 92
130 161 92
40 16 92
267 234 92
116 96 92
109 280 92
115 19 92
69 8 92
151 62 92
91 235 92
190 90 92
59 95 92
1 66 92
234 15 92
248 264 92
81 18 92
156 200 91
288 227 91
260 132 91
168 239 91
130 63 91
26 249 91
127 268 91
78 250 91
67 55 91
55 215 91
265 12 91
241 65 91
225 44 91
31 291 91
4 29 91
31 101 91
3 51 91
74 175 91
157 212 91
182 79 91
258 185 91
248 167 91
8 278 91
209 294 91
14 92 91
9 48 91
72 191 91
98 103 91
37 210 91
138 192 91
50 95 91
21 258 91
15 121 91
40 139 91
220 91 91
192 252 91
135 186 91
12 163 91
3 41 91
230 57 90
226 289 90
241 53 90
104 108 90
152 204 90
227 156 90
71 246 90
259 56 90
136 181 90
141 19 90
51 125 90
243 246 90
226 126 90
264 137 90
275 151 90
240 146 90
183 49 90
181 142 90
261 90 90
225 7 90
127 203 90
15 187 90
182 284 90
97 78 90
220 104 90
93 234 90
273 75 90
201 193 90
20 226 90
298 105 90
185 71 90
89 206 90
296 89 90
249 285 90
67 141 90
59 156 90
224 233 90
62 14 90
263 281 90
78 142 90
35 254 90
291 132 90
85 294 90
268 25 90
257 286 90
261 106 90
11 69 90
76 31 90
266 295 90
109 266 90
272 170 90
34 28 90
107 50 90
203 293 90
161 234 90
298 179 89
163 266 89
155 30 89
200 267 89
88 49 89
157 269 89
212 54 89
120 207 88
147 192 88
224 129 88
247 120 88
190 154 88
218 225 88
170 63 88
22 19 88
16 57 88
13 58 87
260 68 87
79 265 87
92 122 86
227 279 86
250 6 86
141 88 86
272 81 86
111 120 86
77 205 85
27 275 85
175 91 85
140 168 85
55 99 85
112 231 85
4 95 85
135 68 84
98 109 84
85 73 84
244 164 84
164 134 84
110 101 84
102 49 84
249 194 84
286 48 84
46 213 84
183 31 84
121 87 84
295 98 84
256 276 84
157 1 83
201 287 83
236 292 83
2 53 83
186 220 83
292 202 83
101 210 83
123 77 83
190 71 83
169 214 83
260 154 83
97 178 83
230 89 82
275 80 82
188 131 82
135 267 82
34 168 82
16 32 82
200 77 82
242 90 82
214 221 82
187 110 82
121 295 81
149 134 81
135 223 81
12 270 81
225 40 81
246 190 81
201 110 81
276 12 81
57 153 80
15 153 80
198 118 80
191 14 80
111 189 80
22 125 80
107 58 79
223 146 79
65 253 79
262 270 79
241 239 79
130 84 79
2 264 79
292 93 79
214 227 79
248 232 79
108 162 79
169 219 79
124 131 79
226 108 79
278 289 79
89 165 79
224 53 79
11 96 79
255 43 79
296 207 79
28 292 79
199 235 79
204 68 79
54 218 79
275 148 79
130 129 79
22 246 78
134 36 78
180 92 78
216 166 78
25 20 78
96 163 78
297 268 78
19 287 78
65 86 78
81 15 78
117 137 78
39 30 78
234 6 78
235 163 78
26 91 78
226 14 78
157 183 78
170 122 78
281 97 78
234 240 77
91 225 77
187 9 77
139 26 77
69 255 77
22 11 77
238 41 77
103 140 77
296 238 77
279 56 77
243 19 77
49 115 77
132 42 77
296 212 77
87 22 77
110 58 77
265 226 77
270 117 77
199 126 77
31 38 77
159 164 77
278 1 77
257 262 77
186 235 76
120 278 76
212 196 76
150 240 76
258 191 76
57 208 76
236 295 76
23 122 76
167 203 76
179 55 76
88 116 76
247 107 76
29 180 76
127 80 76
150 87 76
3 233 76
128 237 76
270 223 76
108 64 76
247 131 76
273 24 76
11 6 76
2 81 76
294 188 76
70 99 76
113 179 75
248 119 75
192 89 75
113 273 75
133 249 75
120 258 75
154 60 75
250 54 75
103 175 75
219 141 75
65 141 75
178 129 75
103 136 75
71 148 75
119 217 75
51 250 75
40 76 75
201 261 74
210 41 74
64 296 74
82 42 74
294 281 74
243 168 74
14 36 74
78 100 74
126 207 74
238 32 74
75 77 74
55 257 74
236 109 74
206 280 74
221 204 74
254 180 74
269 104 74
40 189 74
4 174 74
38 150 74
177 27 73
98 14 73
267 243 73
272 273 73
74 297 73
56 261 73
144 222 73
101 292 73
72 244 73
129 168 73
106 33 73
242 194 73
169 203 73
68 176 73
166 288 73
171 163 73
123 10 72
135 29 72
219 114 72
71 275 72
13 280 72
198 73 72
24 278 72
241 285 72
109 190 72
290 205 72
275 62 72
6 269 72
145 105 72
208 142 72
138 106 72
105 264 72
81 122 72
13 155 72
218 123 72
167 110 72
283 198 72
68 279 71
43 201 71
149 295 71
206 64 71
0 84 71
232 204 71
170 241 71
102 38 71
59 185 71
96 46 71
7 111 71
292 83 71
36 190 71
160 289 71
226 187 71
173 266 71
168 22 71
154 217 71
277 71 71
238 294 71
179 159 70
191 25 70
170 280 70
286 134 70
182 291 70
61 180 70
258 31 70
188 275 70
54 97 70
23 198 70
35 252 70
194 141 70
204 168 70
173 89 70
21 193 70
5 104 70
47 263 70
236 90 70
269 212 70
295 211 70
232 37 69
232 234 69
183 103 69
80 32 69
125 195 69
224 133 69
299 114 69
76 289 69
279 161 69
181 237 69
242 227 69
5 185 69
16 67 69
298 51 69
3 90 69
110 25 69
267 87 69
63 138 69
210 170 69
225 119 69
119 263 69
210 178 69
298 82 69
67 291 68
138 42 68
216 144 68
32 211 68
168 152 68
81 13 68
260 249 68
240 15 68
203 269 68
79 70 68
84 97 68
196 122 68
235 131 68
236 80 68
77 16 68
26 97 68
299 245 68
288 44 68
260 265 68
3 288 68
200 187 68
271 298 68
59 128 68
87 166 68
66 156 68
22 281 68
143 50 68
43 59 68
176 97 68
33 76 67
281 247 67
253 223 67
187 93 67
219 245 67
222 114 67
66 42 67
276 1 67
73 107 67
55 256 67
275 71 67
180 181 67
107 284 67
217 86 67
189 179 67
267 37 67
91 45 67
72 61 67
170 92 67
239 5 67
153 298 67
157 256 66
29 259 66
253 295 66
126 219 66
144 19 66
293 122 66
124 265 66
125 56 66
14 174 66
148 37 66
170 215 66
33 130 66
222 122 66
190 204 66
82 231 66
285 79 66
190 9 66
68 192 66
223 210 66
283 119 65
135 286 65
244 78 65
221 206 65
129 164 65
193 179 65
63 83 65
30 262 65
150 101 65
255 85 65
80 83 65
78 130 65
85 277 65
298 234 65
79 174 65
1 245 65
210 77 65
280 121 65
62 261 65
183 56 65
165 82 65
88 59 64
190 195 64
63 68 64
290 82 64
291 256 64
84 241 64
160 102 64
41 20 64
35 126 64
23 258 64
119 144 64
29 96 64
272 73 64
189 223 64
209 274 64
197 81 64
95 149 64
137 57 64
285 135 64
64 149 64
63 136 64
111 157 64
251 242 64
150 291 64
126 86 64
25 280 64
251 12 64
39 191 63
238 171 63
189 156 63
177 70 63
46 214 63
245 30 63
261 120 63
249 239 63
219 204 63
172 4 63
65 179 63
93 25 63
23 81 63
34 84 63
58 77 63
106 109 63
9 145 63
29 15 63
170 67 63
121 161 63
124 0 63
56 108 63
174 205 63
11 43 63
247 191 63
247 276 63
154 159 63
257 38 63
105 36 63
33 140 63
290 31 63
89 87 62
132 262 62
19 141 62
242 69 62
239 100 62
14 171 62
218 158 62
266 70 62
193 133 62
137 239 62
154 284 62
39 267 62
7 169 62
5 102 62
11 162 62
164 232 62
60 155 62
87 210 62
48 194 62
194 20 62
16 109 62
9 107 62
212 180 62
168 255 62
126 62 62
80 79 62
133 140 62
63 262 61
269 109 61
196 230 61
166 259 61
186 63 61
166 185 61
213 10 61
218 270 61
241 166 61
51 286 61
224 219 61
76 287 61
245 218 61
38 141 61
133 111 61
17 108 61
82 106 61
266 274 61
145 275 61
116 217 61
258 116 61
19 50 61
12 31 61
37 42 61
230 154 61
192 242 61
235 258 60
255 267 60
151 202 60
183 109 60
130 43 60
62 149 60
163 99 60
43 222 60
19 259 60
156 268 60
48 40 60
275 188 60
141 62 60
145 85 60
77 276 60
63 112 60
129 294 60
2 157 60
95 192 60
37 200 60
136 210 60
156 291 60
155 260 60
5 160 60
283 78 60
86 145 60
141 25 60
186 62 60
291 280 59
0 2 59
84 73 59
105 297 59
223 299 59
1 42 59
93 129 59
283 159 59
71 102 59
117 110 59
188 90 59
210 95 59
189 12 59
252 72 58
150 171 58
263 177 58
95 299 58
95 261 58
104 2 58
152 265 58
51 46 58
156 297 58
219 167 58
195 243 58
239 155 58
126 125 58
250 176 58
116 200 58
256 131 58
100 129 58
140 109 58
200 54 57
87 267 57
215 276 57
53 32 57
9 78 57
45 5 57
265 192 57
201 196 57
285 206 57
258 285 57
105 169 57
64 36 57
216 233 57
159 280 57
146 91 56
216 295 56
32 218 56
84 50 56
203 257 56
54 216 56
127 138 56
58 89 56
118 242 56
298 30 56
235 42 56
97 192 55
181 233 55
210 290 55
273 144 55
257 126 55
15 16 55
165 231 55
266 9 55
224 291 55
197 31 55
299 268 55
246 243 55
178 224 55
48 275 55
172 165 55
58 95 55
243 111 55
158 297 55
198 36 55
36 203 55
197 7 54
92 7 54
260 10 54
210 24 54
55 204 54
224 49 54
86 32 54
81 145 54
148 104 54
127 252 54
231 263 54
158 192 54
180 90 54
281 211 53
114 244 53
109 105 53
99 239 53
184 278 53
246 220 53
202 299 53
33 67 53
40 81 52
57 189 52
197 67 52
177 173 52
38 221 52
49 17 52
236 159 52
273 121 52
133 142 52
87 203 51
295 42 51
261 111 51
190 226 51
242 49 51
5 152 51
118 218 51
149 52 51
283 47 51
282 287 51
3 290 51
267 50 51
72 128 51
58 287 50
210 214 50
116 299 50
147 76 50
259 298 50
208 215 50
15 160 50
116 70 50
106 129 50
285 234 50
121 85 50
35 180 50
275 201 50
10 247 50
182 209 49
74 296 49
225 175 49
160 136 49
59 155 49
57 129 49
296 295 49
244 56 49
281 235 49
183 255 49
280 201 49
286 174 49
48 224 49
29 54 49
6 19 49
23 242 49
106 112 49
109 197 49
271 151 49
261 157 49
117 133 49
296 210 49
225 257 49
158 148 48
11 39 48
274 265 48
99 81 48
136 235 48
256 201 48
102 55 48
258 46 48
202 293 48
1 250 48
162 7 48
131 65 48
244 200 48
126 89 48
179 17 48
214 297 48
129 48 48
265 158 48
275 111 48
21 221 48
156 264 48
280 273 48
78 197 48
68 13 48
94 164 47
216 64 47
55 198 47
120 247 47
50 227 47
199 127 47
102 253 47
256 180 47
205 38 47
95 60 47
66 272 47
10 13 47
145 164 47
62 282 47
89 91 47
118 220 47
185 133 47
162 58 47
287 43 47
165 59 47
294 54 47
150 43 47
8 100 47
190 292 47
175 64 47
231 234 47
58 272 47
184 134 47
65 119 47
235 77 47
199 185 46
58 93 46
85 118 46
174 260 46
267 182 46
295 186 46
68 206 46
181 291 46
274 147 46
30 1 46
206 67 46
206 212 46
119 243 46
253 53 46
213 87 46
286 270 46
234 24 46
247 2 46
130 49 46
141 268 46
153 83 46
286 237 46
236 253 46
72 56 46
92 1 46
62 160 45
76 38 45
263 118 45
235 24 45
41 95 45
68 99 45
290 90 45
261 200 45
51 168 45
105 184 45
51 281 45
252 37 45
298 245 45
264 80 45
116 170 45
278 168 45
191 239 45
227 252 45
249 287 45
231 211 45
163 47 45
212 266 45
118 268 45
175 104 45
40 205 44
233 299 44
69 237 44
216 106 44
201 12 44
289 266 44
47 197 44
135 57 44
21 225 44
100 6 44
285 272 44
284 179 44
37 163 44
187 280 44
49 56 44
232 203 44
29 114 44
33 62 44
153 39 44
0 39 44
165 151 44
116 230 44
7 90 44
170 247 44
119 180 44
182 195 44
55 45 44
258 286 44
192 32 44
191 280 44
52 173 44
145 157 44
243 184 44
40 70 44
86 223 43
39 174 43
272 109 43
6 293 43
135 152 43
222 52 43
255 198 43
30 233 43
221 154 43
285 194 43
199 220 43
252 188 43
243 66 43
85 278 43
22 209 43
294 85 43
61 175 43
171 159 43
209 286 43
194 89 43
64 211 43
227 145 43
33 93 43
148 208 43
148 250 43
146 2 43
97 287 43
27 68 42
218 207 42
173 122 42
165 128 42
40 245 42
200 33 42
211 118 42
186 50 42
156 72 42
231 159 42
41 99 42
104 151 42
235 278 42
102 2 42
202 94 42
152 233 42
186 92 42
125 180 42
67 56 42
298 76 42
147 275 42
100 48 42
214 140 42
41 109 42
286 140 42
52 42 42
192 276 42
4 265 41
125 3 41
243 173 41
270 8 41
69 47 41
167 115 41
235 145 41
277 273 41
77 4 41
275 200 41
144 85 41
256 60 41
295 161 41
219 273 41
30 36 41
64 293 41
267 62 41
238 15 41
189 57 41
82 113 41
136 20 41
51 261 41
278 121 41
287 276 41
40 33 41
136 98 40
123 241 40
182 6 40
199 209 40
204 294 40
277 294 40
184 102 40
191 260 40
222 102 40
77 13 40
135 83 40
84 270 40
165 24 40
69 136 40
224 2 40
124 8 40
277 5 40
267 261 40
68 268 40
264 126 40
39 37 40
181 96 40
92 206 40
116 251 40
281 174 40
237 142 40
50 151 40
249 219 40
209 85 40
135 13 40
59 91 40
52 160 39
160 62 39
204 251 39
236 211 39
57 196 39
184 144 38
286 85 38
243 150 38
90 45 38
194 78 38
32 22 38
142 40 38
105 31 38
289 179 38
53 141 38
206 148 38
134 101 38
102 175 38
205 128 37
70 227 37
245 76 37
231 144 37
259 27 37
31 255 36
177 254 36
31 265 36
6 120 36
125 243 35
186 175 35
64 123 35
240 177 35
268 110 35
160 188 35
190 109 35
125 58 35
38 258 35
228 185 35
135 205 35
30 287 35
23 162 35
294 172 34
123 36 34
67 257 34
236 45 34
241 125 34
133 27 34
31 166 34
94 167 34
208 220 34
281 50 34
262 41 34
65 268 34
159 251 34
54 18 34
236 259 34
297 9 33
77 102 33
67 80 33
228 248 33
236 146 33
101 110 33
155 4 33
188 162 33
203 38 33
121 112 33
206 58 33
90 272 33
194 282 33
292 185 32
6 255 32
111 87 32
249 0 32
2 155 32
148 8 32
49 30 32
222 287 32
73 9 32
15 67 32
192 62 32
285 36 32
187 225 32
29 217 31
149 108 31
107 256 31
85 228 31
169 215 31
135 41 31
226 15 31
228 280 31
9 52 31
10 197 30
9 95 30
123 175 30
176 225 30
218 127 30
162 146 30
270 256 30
124 71 30
39 161 30
148 5 30
43 218 30
108 25 30
26 193 29
119 118 29
137 24 29
280 110 29
68 242 29
32 185 29
36 204 29
205 167 29
178 90 29
191 187 29
176 284 29
94 18 29
292 242 29
125 212 28
34 269 28
154 274 28
193 121 28
104 110 28
21 13 28
247 176 28
89 224 28
264 1 27
283 133 27
208 179 27
205 208 27
98 4 27
242 140 27
1 109 27
159 32 27
52 65 27
211 131 27
218 180 27
14 31 27
138 183 26
65 239 26
42 13 26
25 90 26
72 242 26
286 257 26
187 259 26
84 115 26
199 246 26
262 5 26
8 198 26
153 53 26
18 121 26
14 77 26
248 200 26
160 262 26
157 244 26
236 6 25
246 54 25
220 151 25
137 216 25
144 230 25
272 29 25
111 298 25
14 95 25
0 49 25
161 188 25
164 293 24
22 42 24
151 74 24
132 175 24
172 253 24
7 36 24
63 276 24
13 183 24
140 203 24
77 267 24
255 111 24
188 299 23
46 249 23
203 162 23
45 46 23
241 22 23
52 249 23
298 196 23
158 49 23
9 59 23
129 189 23
141 43 23
73 155 22
101 260 22
274 146 22
154 19 22
275 285 22
137 215 22
14 181 22
182 185 22
149 276 22
24 73 22
141 272 22
219 215 22
101 216 22
47 34 22
270 69 22
82 15 22
58 284 22
62 26 21
84 94 21
41 247 21
207 123 21
226 65 21
233 225 21
70 56 21
204 222 21
32 51 21
152 81 21
3 93 21
273 82 21
50 250 21
274 240 20
26 125 20
201 214 20
101 186 20
47 205 20
272 204 20
181 259 20
252 50 20
291 166 20
121 116 20
97 161 20
64 240 20
228 208 20
163 124 20
7 123 19
142 46 19
160 117 19
290 219 19
180 114 19
20 0 19
46 299 19
143 100 19
200 296 19
80 127 19
261 139 19
48 290 19
244 225 19
25 8 19
47 286 19
59 52 19
174 50 19
48 125 18
59 220 18
104 82 18
147 228 18
67 14 18
120 165 18
238 52 18
289 285 18
142 14 18
14 60 18
186 35 18
102 166 18
23 50 18
32 163 18
94 36 18
254 43 18
116 50 18
296 227 18
225 274 18
231 274 18
284 214 18
35 69 18
280 71 17
158 260 17
29 71 17
295 221 17
172 46 17
238 187 17
275 157 17
78 277 17
186 276 17
282 141 17
297 248 17
75 40 17
39 231 17
35 144 17
255 19 17
282 104 17
193 254 17
150 245 16
289 246 16
255 101 16
199 112 16
212 223 16
270 48 16
89 177 16
239 238 16
63 110 16
28 238 16
46 225 16
146 190 16
187 58 16
46 261 16
88 276 16
246 130 16
67 191 16
297 187 16
0 214 16
1 249 16
59 76 16
125 21 16
92 72 16
213 17 15
236 150 15
235 264 15
222 237 15
71 186 15
296 160 15
44 284 15
137 188 15
236 284 15
275 57 15
85 255 14
242 46 14
50 215 14
99 62 14
198 200 14
208 248 14
19 198 14
155 215 14
202 47 14
41 22 14
128 120 14
211 178 14
67 273 14
293 45 14
248 277 14
247 74 14
151 174 14
186 43 13
112 249 13
59 257 13
118 51 13
149 258 13
102 7 13
2 50 13
38 260 13
187 176 13
110 92 13
93 32 13
29 240 13
45 294 13
9 181 13
294 81 13
259 177 13
216 41 13
47 73 13
46 275 13
99 268 13
118 215 13
214 79 12
267 8 12
209 266 12
5 245 12
217 111 12
94 21 12
185 77 12
16 133 12
151 108 12
175 26 12
169 244 12
157 242 12
222 295 12
94 45 12
237 210 12
32 277 12
224 273 12
286 168 12
108 199 12
194 241 12
245 184 11
265 258 11
55 46 11
112 79 11
150 23 11
210 19 11
14 235 11
204 22 11
0 184 11
104 235 11
142 21 10
84 273 10
82 269 10
6 94 10
271 264 10
299 120 10
66 97 10
13 204 10
224 106 10
180 6 10
130 67 10
89 272 10
278 158 10
275 11 10
201 116 10
214 80 10
138 48 10
63 31 10
43 213 10
288 148 10
155 202 10
31 98 10
3 62 10
