111 0 97
0 111 96
174 0 100
0 174 96
614 0 99
0 614 92
666 0 88
0 666 100
317 1 95
1 317 95
547 1 100
1 547 89
740 1 88
1 740 86
765 1 92
1 765 97
776 1 94
1 776 91
726 2 96
2 726 100
796 2 94
2 796 98
147 3 97
3 147 99
282 3 100
3 282 100
348 3 99
3 348 97
609 3 97
3 609 89
785 3 97
3 785 100
163 4 98
4 163 88
305 4 99
4 305 95
490 4 86
4 490 93
631 4 92
4 631 95
749 4 93
4 749 99
795 4 93
4 795 99
132 5 94
5 132 100
566 5 96
5 566 94
82 6 92
6 82 95
355 6 88
6 355 99
434 6 95
6 434 91
408 7 90
7 408 97
440 7 90
7 440 93
385 8 99
8 385 96
414 8 97
8 414 100
512 8 99
8 512 96
596 8 86
8 596 95
305 10 99
10 305 96
176 12 96
12 176 90
507 12 97
12 507 97
509 12 88
12 509 93
505 13 87
13 505 89
549 13 100
13 549 97
670 13 94
13 670 92
779 13 98
13 779 94
74 14 98
14 74 96
518 14 97
14 518 96
532 14 100
14 532 99
715 14 95
14 715 100
646 15 95
15 646 100
66 16 99
16 66 96
273 17 95
17 273 91
373 17 98
17 373 100
392 17 97
17 392 99
439 17 99
17 439 99
694 18 100
18 694 93
76 19 98
19 76 96
514 19 93
19 514 95
527 19 96
19 527 89
543 19 84
19 543 88
596 19 88
19 596 91
634 19 99
19 634 96
709 19 84
19 709 95
155 20 100
20 155 99
409 20 93
20 409 100
355 21 96
21 355 98
485 21 100
21 485 100
548 21 93
21 548 96
760 21 95
21 760 95
175 22 88
22 175 100
209 23 97
23 209 100
17 24 100
24 17 97
195 24 89
24 195 100
457 24 100
24 457 100
536 24 93
24 536 100
561 24 100
24 561 84
147 25 97
25 147 96
252 25 99
25 252 98
308 25 92
25 308 100
436 25 100
25 436 97
528 25 96
25 528 100
661 25 98
25 661 96
694 25 97
25 694 92
724 25 100
25 724 100
125 26 96
26 125 97
426 26 96
26 426 95
75 27 96
27 75 98
193 27 100
27 193 100
707 27 100
27 707 99
761 27 95
27 761 100
58 28 93
28 58 95
424 28 94
28 424 91
48 29 85
29 48 100
207 29 100
29 207 86
456 29 98
29 456 90
481 29 99
29 481 100
762 29 89
29 762 90
769 29 95
29 769 79
424 30 87
30 424 98
506 30 99
30 506 98
553 30 100
30 553 98
783 30 93
30 783 97
281 31 100
31 281 93
273 32 94
32 273 89
411 32 100
32 411 93
724 32 97
32 724 95
45 33 96
33 45 100
217 33 100
33 217 89
350 33 97
33 350 100
759 33 90
33 759 100
431 34 97
34 431 87
733 35 93
35 733 98
741 35 99
35 741 88
378 36 100
36 378 100
501 37 88
37 501 93
677 37 96
37 677 97
66 38 95
38 66 94
139 38 99
38 139 95
263 38 96
38 263 94
546 38 92
38 546 98
102 39 93
39 102 95
232 39 100
39 232 100
297 39 88
39 297 97
369 39 100
39 369 92
406 39 98
39 406 99
426 39 96
39 426 97
139 40 100
40 139 93
342 40 94
40 342 98
750 41 100
41 750 100
763 41 98
41 763 96
795 41 100
41 795 98
9 42 100
42 9 94
141 42 90
42 141 98
406 42 88
42 406 100
699 42 95
42 699 93
50 43 100
43 50 96
146 43 90
43 146 93
233 43 95
43 233 100
415 43 96
43 415 95
428 43 95
43 428 93
710 43 84
43 710 100
719 43 96
43 719 90
270 44 94
44 270 98
487 44 98
44 487 88
660 44 92
44 660 96
662 44 98
44 662 94
41 45 98
45 41 100
272 45 94
45 272 98
504 45 95
45 504 98
278 46 97
46 278 85
280 46 100
46 280 100
461 46 100
46 461 100
635 46 95
46 635 97
676 46 95
46 676 84
227 47 100
47 227 100
577 47 98
47 577 100
707 47 95
47 707 99
139 48 79
48 139 96
171 48 95
48 171 92
378 48 97
48 378 91
587 48 80
48 587 95
647 48 90
48 647 96
162 49 96
49 162 97
401 49 95
49 401 96
416 49 97
49 416 91
780 49 96
49 780 91
508 50 95
50 508 100
710 50 96
50 710 97
767 50 95
50 767 99
14 51 100
51 14 100
191 51 98
51 191 97
248 51 91
51 248 91
571 51 97
51 571 94
636 51 100
51 636 100
57 52 87
52 57 100
255 52 96
52 255 92
503 52 97
52 503 92
370 53 94
53 370 92
663 53 98
53 663 100
480 54 89
54 480 100
586 54 89
54 586 96
654 54 91
54 654 96
734 54 95
54 734 89
794 54 98
54 794 85
11 55 100
55 11 100
143 55 97
55 143 100
584 55 95
55 584 91
203 56 95
56 203 90
204 56 92
56 204 92
264 56 98
56 264 97
364 56 86
56 364 96
623 56 100
56 623 90
40 57 100
57 40 100
395 57 100
57 395 100
747 57 92
57 747 100
632 58 96
58 632 100
757 58 91
58 757 95
16 59 95
59 16 90
177 59 85
59 177 94
14 60 87
60 14 97
366 60 98
60 366 91
588 60 100
60 588 96
605 60 91
60 605 93
710 60 89
60 710 93
445 61 99
61 445 99
716 61 94
61 716 100
747 61 100
61 747 97
137 62 100
62 137 100
113 63 94
63 113 97
189 63 99
63 189 94
473 63 95
63 473 99
496 63 100
63 496 100
203 64 96
64 203 100
98 65 95
65 98 95
157 65 93
65 157 87
255 65 83
65 255 90
281 65 92
65 281 88
429 65 90
65 429 96
629 65 96
65 629 94
679 65 91
65 679 95
695 66 100
66 695 98
95 67 99
67 95 95
98 68 100
68 98 95
426 68 96
68 426 98
515 68 90
68 515 98
541 68 98
68 541 96
730 68 94
68 730 99
4 69 90
69 4 87
200 69 95
69 200 99
284 69 98
69 284 100
308 69 96
69 308 95
243 70 95
70 243 94
272 70 100
70 272 90
279 70 94
70 279 91
567 70 93
70 567 100
72 71 95
71 72 100
313 71 96
71 313 97
440 72 89
72 440 88
176 73 92
73 176 77
659 73 98
73 659 98
746 73 83
73 746 100
623 74 96
74 623 96
123 75 100
75 123 100
223 75 96
75 223 95
435 75 99
75 435 98
543 75 98
75 543 96
609 75 96
75 609 92
400 76 100
76 400 100
703 76 100
76 703 100
763 77 83
77 763 98
63 78 100
78 63 100
621 78 96
78 621 100
789 78 99
78 789 93
64 79 100
79 64 100
502 79 92
79 502 98
595 79 96
79 595 95
294 80 97
80 294 100
521 80 97
80 521 100
777 80 93
80 777 100
395 81 97
81 395 100
119 82 95
82 119 88
178 82 94
82 178 100
225 82 96
82 225 93
371 82 94
82 371 98
400 82 98
82 400 98
652 82 88
82 652 94
680 82 90
82 680 89
683 82 89
82 683 100
54 83 94
83 54 98
658 83 89
83 658 98
683 83 91
83 683 92
15 84 92
84 15 100
34 84 100
84 34 98
8 85 89
85 8 100
92 85 95
85 92 100
145 85 98
85 145 93
545 85 96
85 545 89
292 86 98
86 292 99
415 86 88
86 415 98
327 87 95
87 327 96
481 87 94
87 481 100
269 88 100
88 269 100
514 88 100
88 514 100
444 89 91
89 444 99
534 89 93
89 534 95
151 90 90
90 151 96
201 90 88
90 201 93
242 90 95
90 242 91
360 90 79
90 360 100
435 90 94
90 435 90
490 90 95
90 490 95
585 90 98
90 585 83
245 91 95
91 245 95
625 91 96
91 625 100
78 92 96
92 78 96
108 92 100
92 108 94
229 92 97
92 229 95
248 92 91
92 248 90
13 93 96
93 13 91
117 93 89
93 117 97
273 93 100
93 273 99
23 94 97
94 23 99
37 94 100
94 37 97
548 94 92
94 548 93
147 95 97
95 147 100
760 95 92
95 760 100
121 96 95
96 121 100
146 96 100
96 146 97
357 96 100
96 357 95
718 96 92
96 718 100
107 97 89
97 107 96
456 97 92
97 456 95
231 98 99
98 231 100
319 98 100
98 319 98
461 99 99
99 461 100
507 99 97
99 507 99
482 100 99
100 482 100
2 101 96
101 2 100
113 101 91
101 113 95
169 101 92
101 169 94
533 101 95
101 533 86
100 102 98
102 100 95
151 102 93
102 151 100
159 102 86
102 159 88
196 102 90
102 196 88
322 102 81
102 322 85
360 102 98
102 360 95
497 102 89
102 497 93
509 102 96
102 509 90
631 102 84
102 631 94
751 102 98
102 751 95
406 103 98
103 406 100
693 103 100
103 693 100
220 104 94
104 220 94
347 104 100
104 347 89
414 104 99
104 414 94
487 104 96
104 487 96
574 104 82
104 574 98
685 104 99
104 685 96
781 104 89
104 781 90
57 105 95
105 57 99
85 105 100
105 85 89
88 105 95
105 88 100
724 105 90
105 724 98
281 106 100
106 281 82
668 106 96
106 668 100
737 106 95
106 737 100
140 107 100
107 140 100
198 107 94
107 198 100
562 107 100
107 562 83
141 108 100
108 141 89
269 108 99
108 269 98
276 108 100
108 276 98
479 108 100
108 479 98
566 108 84
108 566 92
603 108 90
108 603 95
177 109 94
109 177 100
619 109 97
109 619 100
697 109 100
109 697 93
239 110 100
110 239 95
600 110 88
110 600 91
629 110 87
110 629 87
87 111 93
111 87 96
617 111 100
111 617 93
656 111 96
111 656 100
45 112 93
112 45 100
95 112 95
112 95 100
120 112 100
112 120 94
271 112 95
112 271 96
337 112 96
112 337 98
372 112 100
112 372 96
73 113 94
113 73 79
102 113 86
113 102 96
158 113 94
113 158 90
212 113 92
113 212 97
515 113 97
113 515 95
578 113 93
113 578 100
585 113 87
113 585 96
338 114 96
114 338 96
2 115 97
115 2 100
322 115 95
115 322 92
399 115 96
115 399 100
445 116 99
116 445 95
728 117 93
117 728 93
771 117 97
117 771 96
316 118 96
118 316 100
578 118 100
118 578 91
608 118 94
118 608 98
731 118 99
118 731 100
15 119 90
119 15 91
263 119 98
119 263 90
491 119 100
119 491 97
540 119 99
119 540 94
75 120 88
120 75 86
280 120 100
120 280 93
347 120 97
120 347 96
403 120 87
120 403 97
799 120 91
120 799 95
428 121 96
121 428 100
398 122 91
122 398 94
550 123 94
123 550 100
721 123 97
123 721 100
779 123 99
123 779 100
148 124 89
124 148 86
273 124 82
124 273 95
590 124 98
124 590 88
645 124 87
124 645 95
680 124 98
124 680 97
740 124 94
124 740 82
16 125 99
125 16 92
21 125 86
125 21 99
54 125 91
125 54 93
450 125 84
125 450 86
462 125 93
125 462 98
610 125 93
125 610 86
97 126 88
126 97 97
130 126 91
126 130 98
160 126 100
126 160 88
415 126 90
126 415 89
448 126 82
126 448 93
605 126 94
126 605 100
318 127 99
127 318 91
613 127 100
127 613 96
671 127 97
127 671 100
414 128 100
128 414 100
730 128 95
128 730 95
761 128 100
128 761 88
403 129 95
129 403 99
509 129 100
129 509 86
108 130 87
130 108 98
237 130 93
130 237 88
255 131 91
131 255 83
527 131 87
131 527 87
689 131 99
131 689 92
722 131 77
131 722 96
222 132 100
132 222 94
618 132 97
132 618 100
719 132 95
132 719 100
749 132 88
132 749 93
97 133 96
133 97 100
223 133 88
133 223 100
58 134 89
134 58 100
345 134 100
134 345 96
672 134 95
134 672 95
526 135 100
135 526 94
119 136 98
136 119 99
662 136 97
136 662 100
164 137 99
137 164 90
284 137 100
137 284 96
68 139 96
139 68 81
198 139 94
139 198 94
235 139 91
139 235 89
332 139 99
139 332 90
542 139 88
139 542 85
44 140 95
140 44 96
545 140 95
140 545 100
73 141 88
141 73 92
312 141 92
141 312 90
403 141 100
141 403 97
437 141 95
141 437 94
593 141 99
141 593 97
66 142 100
142 66 93
292 142 86
142 292 100
557 142 90
142 557 93
753 142 88
142 753 85
540 143 98
143 540 99
685 143 98
143 685 100
14 144 99
144 14 100
547 144 98
144 547 100
692 144 95
144 692 99
613 145 98
145 613 95
378 146 95
146 378 95
467 146 95
146 467 100
607 146 97
146 607 91
106 147 100
147 106 100
245 147 95
147 245 98
423 148 93
148 423 98
458 148 98
148 458 97
693 148 95
148 693 97
708 148 99
148 708 86
237 149 95
149 237 89
351 149 88
149 351 93
549 149 96
149 549 100
614 149 87
149 614 98
167 150 99
150 167 98
381 150 94
150 381 100
87 152 95
152 87 100
185 152 100
152 185 95
652 152 90
152 652 96
187 153 98
153 187 100
30 154 90
154 30 95
260 154 94
154 260 93
288 154 98
154 288 81
475 154 99
154 475 87
480 154 83
154 480 97
5 155 91
155 5 95
112 155 76
155 112 98
162 155 96
155 162 96
187 155 91
155 187 90
225 155 99
155 225 100
409 155 100
155 409 90
504 155 91
155 504 91
548 155 76
155 548 90
690 155 94
155 690 75
597 156 100
156 597 98
723 156 91
156 723 99
71 157 85
157 71 93
560 157 83
157 560 86
693 157 95
157 693 97
470 158 100
158 470 96
486 158 86
158 486 94
741 158 94
158 741 99
494 159 97
159 494 95
579 159 82
159 579 100
750 159 93
159 750 98
765 159 89
159 765 96
296 160 91
160 296 100
571 160 95
160 571 92
133 161 97
161 133 100
169 161 100
161 169 86
526 161 100
161 526 97
38 162 95
162 38 98
302 162 97
162 302 97
444 162 100
162 444 95
650 163 96
163 650 100
139 164 96
164 139 87
742 164 100
164 742 91
790 164 81
164 790 93
599 165 96
165 599 91
43 166 75
166 43 100
684 166 100
166 684 99
179 167 100
167 179 90
140 168 97
168 140 98
159 168 97
168 159 90
219 168 100
168 219 100
526 168 95
168 526 100
627 169 97
169 627 95
8 170 100
170 8 100
172 170 100
170 172 97
303 170 99
170 303 97
341 170 99
170 341 94
571 170 96
170 571 100
92 171 100
171 92 97
181 171 98
171 181 100
446 171 91
171 446 96
462 171 98
171 462 96
5 172 100
172 5 99
384 172 99
172 384 100
402 172 100
172 402 100
19 173 78
173 19 96
250 173 89
173 250 97
340 173 92
173 340 94
754 173 94
173 754 94
83 174 95
174 83 100
231 174 93
174 231 100
260 174 98
174 260 92
750 174 95
174 750 100
235 175 94
175 235 94
584 175 100
175 584 93
169 176 85
176 169 98
187 176 96
176 187 90
499 176 95
176 499 90
440 177 81
177 440 93
472 177 95
177 472 94
740 177 81
177 740 88
458 178 88
178 458 100
575 178 93
178 575 94
208 179 100
179 208 92
496 179 93
179 496 96
531 179 97
179 531 98
661 179 92
179 661 97
65 180 97
180 65 91
135 180 98
180 135 100
266 180 100
180 266 91
350 180 92
180 350 93
527 180 95
180 527 88
683 180 88
180 683 95
746 180 95
180 746 95
401 181 100
181 401 93
504 181 97
181 504 100
704 181 91
181 704 97
339 182 95
182 339 88
409 182 94
182 409 100
413 182 100
182 413 100
523 182 95
182 523 100
576 182 87
182 576 100
756 182 97
182 756 90
599 183 100
183 599 96
140 184 100
184 140 98
439 184 97
184 439 95
330 185 99
185 330 95
577 185 95
185 577 99
620 185 100
185 620 96
662 185 96
185 662 97
722 185 100
185 722 92
732 185 100
185 732 100
459 186 91
186 459 99
496 186 90
186 496 88
682 186 96
186 682 100
797 186 95
186 797 90
112 187 95
187 112 98
581 187 100
187 581 95
21 188 99
188 21 97
141 188 88
188 141 97
211 188 95
188 211 100
407 188 100
188 407 100
13 189 92
189 13 97
73 189 93
189 73 97
313 189 97
189 313 97
479 189 99
189 479 100
733 189 98
189 733 95
63 190 97
190 63 95
144 190 90
190 144 95
175 190 94
190 175 86
444 190 99
190 444 100
621 190 80
190 621 95
683 190 100
190 683 92
703 190 100
190 703 88
283 191 95
191 283 99
32 192 91
192 32 95
139 192 92
192 139 91
349 193 97
193 349 96
214 194 96
194 214 100
302 194 100
194 302 96
312 194 77
194 312 100
114 195 96
195 114 90
505 195 87
195 505 96
5 196 95
196 5 95
54 196 96
196 54 89
365 196 93
196 365 96
419 196 100
196 419 100
76 197 100
197 76 93
411 197 90
197 411 99
697 197 95
197 697 100
783 197 100
197 783 99
448 198 99
198 448 94
766 198 93
198 766 100
48 199 100
199 48 93
302 199 89
199 302 100
401 199 94
199 401 100
754 199 94
199 754 96
102 200 98
200 102 86
167 201 88
201 167 95
299 201 100
201 299 92
439 201 96
201 439 95
514 201 82
201 514 90
515 201 85
201 515 88
756 201 93
201 756 89
187 202 95
202 187 93
668 202 90
202 668 96
243 203 89
203 243 85
518 203 95
203 518 87
633 203 89
203 633 97
642 203 90
203 642 91
709 204 94
204 709 96
37 205 92
205 37 95
79 205 89
205 79 96
212 205 97
205 212 92
720 205 96
205 720 92
440 206 100
206 440 91
343 207 100
207 343 100
38 209 91
209 38 95
124 209 100
209 124 95
391 209 98
209 391 95
454 209 95
209 454 98
509 209 100
209 509 98
648 209 89
209 648 100
780 209 93
209 780 95
113 210 90
210 113 95
228 210 88
210 228 100
550 210 98
210 550 93
583 210 95
210 583 95
399 212 96
212 399 95
477 212 94
212 477 98
714 212 99
212 714 95
721 212 99
212 721 98
786 212 96
212 786 95
795 212 88
212 795 96
638 213 95
213 638 92
755 213 96
213 755 92
466 214 91
214 466 96
65 215 88
215 65 88
325 215 96
215 325 100
468 215 100
215 468 92
2 216 98
216 2 92
126 216 96
216 126 95
544 216 86
216 544 96
672 216 95
216 672 95
23 217 94
217 23 92
86 217 100
217 86 93
390 217 96
217 390 100
423 217 97
217 423 90
635 217 87
217 635 95
636 217 88
217 636 100
744 217 86
217 744 85
751 217 90
217 751 95
783 217 94
217 783 92
569 218 98
218 569 99
90 219 95
219 90 95
197 219 97
219 197 99
756 219 100
219 756 100
229 220 92
220 229 96
332 220 90
220 332 98
449 220 100
220 449 94
80 222 99
222 80 100
296 222 95
222 296 91
146 223 94
223 146 100
169 223 92
223 169 97
388 223 90
223 388 98
594 223 100
223 594 89
74 224 84
224 74 98
411 224 96
224 411 89
466 224 90
224 466 82
182 225 97
225 182 96
401 225 95
225 401 100
551 225 95
225 551 100
748 225 96
225 748 88
777 225 99
225 777 99
56 226 96
226 56 100
59 226 91
226 59 86
87 226 93
226 87 94
90 226 100
226 90 87
623 226 85
226 623 93
122 227 99
227 122 100
200 227 98
227 200 98
418 227 99
227 418 93
630 227 94
227 630 96
405 228 93
228 405 100
549 228 95
228 549 100
591 229 100
229 591 100
102 230 96
230 102 100
191 230 96
230 191 100
419 230 96
230 419 91
427 230 100
230 427 86
574 230 100
230 574 100
703 230 82
230 703 96
766 230 95
230 766 93
504 232 97
232 504 82
633 232 95
232 633 94
477 233 100
233 477 100
76 234 94
234 76 98
18 235 92
235 18 92
322 235 100
235 322 93
678 235 91
235 678 100
218 236 94
236 218 95
381 236 96
236 381 94
240 237 100
237 240 90
486 237 88
237 486 90
52 238 96
238 52 100
390 238 100
238 390 99
414 238 97
238 414 92
708 238 94
238 708 89
769 239 90
239 769 96
322 240 95
240 322 90
675 240 100
240 675 99
733 240 95
240 733 92
35 241 93
241 35 100
48 241 88
241 48 96
144 241 99
241 144 96
152 241 96
241 152 99
413 241 93
241 413 100
594 241 96
241 594 81
771 241 98
241 771 96
31 242 100
242 31 92
133 242 85
242 133 100
363 242 96
242 363 89
10 244 97
244 10 78
246 244 81
244 246 86
368 244 97
244 368 100
538 244 96
244 538 94
542 244 86
244 542 95
597 244 95
244 597 96
619 244 100
244 619 94
736 244 97
244 736 96
47 245 90
245 47 98
123 245 100
245 123 100
276 245 100
245 276 96
475 245 96
245 475 90
752 245 91
245 752 96
88 246 100
246 88 94
545 246 96
246 545 90
561 246 91
246 561 100
734 246 95
246 734 97
409 247 92
247 409 100
413 247 95
247 413 100
566 247 93
247 566 88
773 247 97
247 773 96
139 248 90
248 139 88
155 248 83
248 155 81
205 248 95
248 205 90
277 248 100
248 277 95
719 248 92
248 719 100
751 248 95
248 751 96
716 249 100
249 716 98
159 250 92
250 159 98
280 250 97
250 280 96
283 250 94
250 283 95
538 250 95
250 538 95
147 251 96
251 147 100
290 251 100
251 290 100
264 252 94
252 264 97
412 252 92
252 412 90
5 253 91
253 5 96
203 253 95
253 203 97
224 253 96
253 224 93
336 253 90
253 336 96
485 253 95
253 485 97
490 253 100
253 490 88
601 253 95
253 601 90
686 253 100
253 686 96
736 253 93
253 736 100
23 254 97
254 23 92
139 254 92
254 139 91
308 254 99
254 308 94
735 254 97
254 735 99
149 255 95
255 149 97
177 255 95
255 177 95
281 255 98
255 281 100
694 255 99
255 694 95
335 256 96
256 335 99
143 257 97
257 143 95
798 257 96
257 798 100
96 258 100
258 96 95
179 258 95
258 179 91
237 258 100
258 237 100
343 258 95
258 343 95
412 259 91
259 412 96
466 259 100
259 466 97
90 260 88
260 90 100
634 260 98
260 634 92
120 261 96
261 120 95
153 261 96
261 153 94
464 261 100
261 464 100
140 262 98
262 140 98
798 262 99
262 798 100
285 263 95
263 285 100
538 263 100
263 538 98
576 263 92
263 576 91
627 263 100
263 627 92
672 264 96
264 672 95
705 264 90
264 705 99
749 264 100
264 749 93
211 265 100
265 211 95
231 265 94
265 231 95
327 265 95
265 327 85
421 265 100
265 421 96
445 265 87
265 445 93
532 265 96
265 532 85
533 265 85
265 533 92
214 266 100
266 214 95
406 266 100
266 406 98
70 267 92
267 70 96
108 267 95
267 108 98
501 267 91
267 501 93
360 268 95
268 360 99
473 268 91
268 473 100
797 268 96
268 797 91
603 269 100
269 603 100
719 269 100
269 719 100
59 271 94
271 59 97
179 271 96
271 179 96
339 271 88
271 339 95
457 271 100
271 457 100
558 271 94
271 558 88
91 272 97
272 91 86
350 272 95
272 350 92
602 272 100
272 602 93
486 273 99
273 486 100
169 274 89
274 169 92
228 274 97
274 228 95
479 274 89
274 479 93
790 274 95
274 790 90
340 275 100
275 340 100
660 275 100
275 660 94
133 276 94
276 133 91
369 276 96
276 369 96
712 276 96
276 712 95
371 277 96
277 371 92
590 277 96
277 590 100
655 277 99
277 655 99
342 278 95
278 342 93
434 278 96
278 434 95
614 278 100
278 614 89
300 279 88
279 300 96
454 279 100
279 454 94
415 280 84
280 415 89
790 280 96
280 790 98
664 281 100
281 664 78
783 281 100
281 783 98
180 282 97
282 180 85
434 282 95
282 434 97
458 282 98
282 458 96
493 282 91
282 493 89
554 282 100
282 554 98
643 282 93
282 643 95
559 284 95
284 559 100
13 285 99
285 13 95
131 285 99
285 131 99
206 285 100
285 206 97
274 285 94
285 274 94
110 286 94
286 110 98
214 286 93
286 214 99
510 286 100
286 510 93
542 286 99
286 542 99
661 286 94
286 661 100
788 286 97
286 788 92
320 287 90
287 320 96
490 287 100
287 490 100
585 287 89
287 585 98
609 287 90
287 609 95
728 288 94
288 728 88
234 289 100
289 234 97
339 289 99
289 339 98
530 289 100
289 530 100
651 289 100
289 651 100
64 290 98
290 64 99
381 290 100
290 381 94
339 291 100
291 339 99
33 292 95
292 33 100
34 293 99
293 34 100
72 293 96
293 72 97
74 293 97
293 74 89
138 293 96
293 138 99
208 294 98
294 208 100
635 294 94
294 635 94
298 295 94
295 298 95
674 295 99
295 674 92
723 295 95
295 723 95
307 296 100
296 307 92
351 296 98
296 351 90
8 297 94
297 8 100
180 297 90
297 180 95
346 297 97
297 346 99
351 297 98
297 351 95
650 298 92
298 650 95
382 299 94
299 382 93
572 299 99
299 572 92
268 300 95
300 268 100
367 300 99
300 367 92
559 300 94
300 559 87
590 300 97
300 590 91
751 300 95
300 751 94
796 300 90
300 796 98
96 301 93
301 96 100
317 301 91
301 317 100
556 301 100
301 556 94
647 301 95
301 647 86
667 301 97
301 667 90
677 302 99
302 677 90
82 303 98
303 82 84
236 303 94
303 236 95
505 303 96
303 505 94
671 303 97
303 671 96
38 304 95
304 38 86
267 304 92
304 267 98
559 304 94
304 559 95
739 304 100
304 739 97
110 305 95
305 110 95
242 305 99
305 242 97
418 305 93
305 418 95
318 306 100
306 318 94
492 306 93
306 492 94
788 306 89
306 788 95
331 307 100
307 331 96
460 307 96
307 460 97
575 308 95
308 575 95
320 309 87
309 320 98
530 310 90
310 530 97
673 310 97
310 673 100
11 312 95
312 11 96
120 312 95
312 120 93
442 312 81
312 442 92
519 312 91
312 519 96
567 312 99
312 567 97
611 312 97
312 611 93
656 312 94
312 656 84
104 313 91
313 104 88
123 313 89
313 123 94
179 313 95
313 179 100
651 313 100
313 651 98
729 313 89
313 729 89
761 313 97
313 761 99
164 314 98
314 164 90
503 314 95
314 503 86
40 315 100
315 40 93
224 315 98
315 224 92
379 315 97
315 379 100
738 315 100
315 738 96
58 316 96
316 58 92
93 316 100
316 93 100
305 316 94
316 305 100
726 316 96
316 726 100
178 317 92
317 178 88
221 317 88
317 221 100
501 317 94
317 501 86
639 317 90
317 639 93
145 318 96
318 145 96
398 318 84
318 398 89
485 318 99
318 485 88
237 319 100
319 237 89
260 319 99
319 260 96
474 319 87
319 474 94
160 320 88
320 160 89
234 320 84
320 234 88
349 320 88
320 349 96
456 320 90
320 456 88
492 320 88
320 492 89
668 320 100
320 668 90
694 320 82
320 694 94
75 321 92
321 75 96
529 321 94
321 529 96
58 322 97
322 58 93
443 322 88
322 443 92
453 322 96
322 453 90
647 322 100
322 647 80
693 322 95
322 693 90
772 322 86
322 772 100
68 323 86
323 68 94
117 323 93
323 117 93
261 323 100
323 261 94
368 323 94
323 368 85
604 323 96
323 604 92
741 323 93
323 741 95
132 324 96
324 132 100
504 324 92
324 504 96
720 324 100
324 720 100
174 325 94
325 174 100
201 326 98
326 201 99
402 326 100
326 402 98
661 326 95
326 661 98
149 327 96
327 149 92
582 327 94
327 582 87
787 327 97
327 787 90
392 328 96
328 392 97
401 328 97
328 401 100
80 329 93
329 80 88
313 329 96
329 313 100
482 329 91
329 482 98
513 329 94
329 513 99
790 329 91
329 790 82
193 330 96
330 193 95
703 330 95
330 703 96
30 331 94
331 30 95
189 331 100
331 189 99
495 331 85
331 495 93
272 332 100
332 272 100
96 333 95
333 96 93
478 333 87
333 478 81
581 333 95
333 581 99
684 333 93
333 684 95
169 334 100
334 169 86
237 334 97
334 237 95
669 334 94
334 669 82
677 334 92
334 677 88
35 335 87
335 35 98
62 335 98
335 62 95
116 335 95
335 116 93
292 335 97
335 292 94
784 335 100
335 784 99
64 336 98
336 64 99
180 336 89
336 180 91
304 336 85
336 304 95
459 336 96
336 459 73
301 337 97
337 301 100
307 337 97
337 307 98
459 337 92
337 459 95
606 337 100
337 606 97
729 337 100
337 729 94
315 338 92
338 315 99
487 338 100
338 487 91
783 338 91
338 783 92
330 339 99
339 330 94
7 341 100
341 7 100
328 341 100
341 328 96
586 341 99
341 586 100
13 342 94
342 13 90
580 342 100
342 580 100
280 343 86
343 280 97
402 343 99
343 402 93
444 344 96
344 444 100
506 344 98
344 506 97
59 345 95
345 59 96
385 345 99
345 385 99
159 346 89
346 159 93
177 346 90
346 177 90
348 346 94
346 348 93
505 346 81
346 505 92
704 346 91
346 704 96
69 348 100
348 69 93
284 348 100
348 284 100
389 348 96
348 389 87
202 349 97
349 202 91
436 349 92
349 436 96
670 349 86
349 670 91
97 350 96
350 97 97
128 350 100
350 128 100
191 350 90
350 191 95
552 350 93
350 552 94
157 351 97
351 157 91
545 351 95
351 545 95
645 351 92
351 645 97
412 352 95
352 412 91
431 352 94
352 431 90
698 352 85
352 698 97
742 352 97
352 742 91
744 353 88
353 744 93
544 354 96
354 544 100
579 354 100
354 579 94
80 355 95
355 80 93
254 355 100
355 254 90
292 355 94
355 292 99
331 356 94
356 331 100
657 356 94
356 657 95
777 356 89
356 777 96
190 357 98
357 190 98
557 357 96
357 557 94
702 357 99
357 702 96
389 358 89
358 389 97
495 358 97
358 495 97
469 359 94
359 469 99
73 360 95
360 73 97
342 360 91
360 342 97
431 360 92
360 431 96
206 361 99
361 206 100
704 361 95
361 704 99
776 362 98
362 776 95
135 363 99
363 135 100
258 363 100
363 258 97
346 363 96
363 346 95
531 363 93
363 531 94
729 363 89
363 729 100
737 363 98
363 737 91
159 364 81
364 159 94
777 364 90
364 777 95
560 365 91
365 560 96
109 366 94
366 109 100
152 366 92
366 152 96
178 366 91
366 178 100
268 366 96
366 268 96
504 366 99
366 504 93
607 366 100
366 607 91
725 366 92
366 725 98
774 366 100
366 774 94
180 367 97
367 180 92
186 367 96
367 186 100
700 367 93
367 700 100
249 368 100
368 249 100
682 368 100
368 682 92
778 368 98
368 778 100
792 368 96
368 792 95
19 369 90
369 19 90
493 369 99
369 493 90
162 371 88
371 162 95
337 371 94
371 337 95
215 372 95
372 215 98
290 372 99
372 290 95
389 372 83
372 389 94
793 372 95
372 793 100
266 373 97
373 266 96
424 373 83
373 424 87
446 373 92
373 446 90
468 373 90
373 468 93
662 373 99
373 662 91
176 374 85
374 176 100
58 375 100
375 58 100
137 375 100
375 137 87
306 375 92
375 306 96
488 375 93
375 488 92
794 375 86
375 794 94
794 376 87
376 794 100
382 377 87
377 382 98
632 377 100
377 632 93
80 378 100
378 80 93
690 378 95
378 690 96
755 378 96
378 755 96
370 379 96
379 370 98
443 379 100
379 443 97
572 379 98
379 572 95
278 380 100
380 278 91
425 380 100
380 425 100
451 380 90
380 451 91
551 380 100
380 551 100
643 380 96
380 643 97
66 381 95
381 66 100
369 381 94
381 369 96
24 382 98
382 24 100
212 382 95
382 212 92
587 382 89
382 587 96
711 382 100
382 711 92
712 382 91
382 712 99
444 383 93
383 444 100
679 383 100
383 679 96
334 384 98
384 334 100
580 384 95
384 580 100
657 384 93
384 657 98
665 385 97
385 665 99
69 386 99
386 69 95
320 386 92
386 320 94
33 387 86
387 33 95
415 387 92
387 415 97
795 387 92
387 795 93
658 388 90
388 658 91
195 389 87
389 195 91
353 389 95
389 353 97
553 389 92
389 553 95
702 389 96
389 702 98
21 390 99
390 21 80
677 390 87
390 677 99
592 391 99
391 592 87
154 392 100
392 154 93
228 392 90
392 228 98
359 392 95
392 359 100
95 393 93
393 95 100
369 393 100
393 369 93
464 393 88
393 464 92
466 393 92
393 466 98
759 393 94
393 759 93
528 394 100
394 528 100
273 397 94
397 273 100
402 397 93
397 402 89
575 397 98
397 575 90
623 397 84
397 623 84
668 397 100
397 668 90
39 398 89
398 39 95
146 398 88
398 146 85
197 398 89
398 197 93
328 398 96
398 328 87
389 398 85
398 389 90
496 398 87
398 496 98
593 398 95
398 593 95
705 398 89
398 705 95
786 398 91
398 786 86
103 399 100
399 103 100
473 399 93
399 473 92
20 400 91
400 20 98
68 400 100
400 68 98
124 400 95
400 124 82
270 400 98
400 270 100
588 400 92
400 588 99
670 400 94
400 670 100
704 400 90
400 704 93
96 402 90
402 96 100
224 402 93
402 224 97
261 402 95
402 261 95
494 402 96
402 494 86
547 402 90
402 547 95
755 402 96
402 755 90
14 403 94
403 14 100
143 403 94
403 143 99
305 403 96
403 305 95
200 404 100
404 200 96
730 404 95
404 730 96
119 405 99
405 119 100
140 405 98
405 140 93
521 405 83
405 521 97
220 406 91
406 220 100
751 406 98
406 751 91
75 407 98
407 75 99
249 407 91
407 249 97
381 407 97
407 381 94
81 408 85
408 81 100
792 408 98
408 792 95
248 409 86
409 248 97
255 409 87
409 255 91
478 409 87
409 478 98
89 410 88
410 89 93
181 410 100
410 181 95
210 410 94
410 210 100
262 410 93
410 262 91
473 410 96
410 473 77
536 410 97
410 536 100
577 410 96
410 577 98
141 411 98
411 141 89
230 411 84
411 230 95
287 411 85
411 287 98
475 411 93
411 475 91
662 411 100
411 662 96
204 412 95
412 204 95
472 412 79
412 472 96
366 413 86
413 366 98
278 415 98
415 278 96
282 415 98
415 282 92
389 415 71
415 389 81
691 415 93
415 691 96
727 415 97
415 727 95
0 416 99
416 0 91
348 416 99
416 348 92
451 416 91
416 451 93
502 416 98
416 502 95
779 416 85
416 779 98
283 417 100
417 283 100
537 417 97
417 537 97
553 417 98
417 553 96
495 418 98
418 495 87
523 418 99
418 523 88
636 418 89
418 636 84
648 418 95
418 648 97
675 418 82
418 675 84
704 418 84
418 704 96
730 418 92
418 730 89
319 419 96
419 319 95
790 420 90
420 790 98
647 421 96
421 647 97
114 422 95
422 114 100
134 422 100
422 134 99
658 422 93
422 658 95
70 423 94
423 70 95
317 423 100
423 317 98
393 423 89
423 393 96
415 423 98
423 415 97
468 423 100
423 468 97
239 424 89
424 239 100
284 424 93
424 284 93
726 424 95
424 726 88
298 425 100
425 298 100
444 425 100
425 444 95
512 425 94
425 512 100
552 425 94
425 552 94
567 425 92
425 567 92
708 425 93
425 708 93
183 426 95
426 183 95
565 426 92
426 565 100
22 427 90
427 22 97
91 427 95
427 91 100
93 427 95
427 93 85
431 427 92
427 431 100
453 427 90
427 453 86
55 428 87
428 55 83
235 428 89
428 235 87
268 428 95
428 268 100
387 428 95
428 387 95
27 429 99
429 27 97
382 429 97
429 382 99
106 430 94
430 106 98
165 430 97
430 165 95
495 430 100
430 495 100
628 430 98
430 628 93
724 430 92
430 724 99
80 431 87
431 80 90
205 432 93
432 205 91
362 433 98
433 362 91
552 433 97
433 552 87
134 434 86
434 134 89
161 434 100
434 161 100
208 434 91
434 208 97
224 434 97
434 224 81
473 434 91
434 473 99
769 434 98
434 769 96
91 435 91
435 91 96
389 435 97
435 389 95
507 435 87
435 507 99
740 435 87
435 740 84
750 435 97
435 750 100
132 436 97
436 132 97
682 436 87
436 682 95
683 436 89
436 683 83
148 437 92
437 148 90
193 437 100
437 193 91
480 437 91
437 480 100
668 437 92
437 668 99
173 438 85
438 173 100
464 438 95
438 464 100
600 438 91
438 600 92
584 439 94
439 584 95
454 440 93
440 454 82
749 440 89
440 749 89
164 441 96
441 164 91
125 442 93
442 125 96
372 442 91
442 372 100
612 442 90
442 612 86
674 442 93
442 674 88
448 443 98
443 448 98
740 443 93
443 740 95
741 443 94
443 741 99
636 444 81
444 636 99
194 445 92
445 194 93
462 445 97
445 462 94
516 445 99
445 516 85
310 446 88
446 310 99
545 446 100
446 545 91
54 447 96
447 54 97
190 447 100
447 190 91
95 448 80
448 95 96
184 449 100
449 184 100
497 449 96
449 497 92
164 451 99
451 164 90
217 451 83
451 217 85
444 451 95
451 444 86
798 451 98
451 798 100
82 452 93
452 82 98
161 452 96
452 161 100
659 452 100
452 659 90
709 452 95
452 709 95
771 452 99
452 771 98
272 453 99
453 272 91
311 453 92
453 311 92
656 453 94
453 656 95
220 454 92
454 220 89
175 455 92
455 175 96
467 455 95
455 467 95
669 455 87
455 669 100
132 456 85
456 132 98
535 456 96
456 535 90
610 456 96
456 610 93
748 456 100
456 748 91
246 457 99
457 246 100
497 457 88
457 497 90
545 457 95
457 545 100
696 458 96
458 696 95
97 459 92
459 97 88
139 459 93
459 139 87
335 459 85
459 335 93
369 459 97
459 369 95
413 459 94
459 413 84
786 459 99
459 786 91
110 460 97
460 110 85
414 460 99
460 414 97
533 460 97
460 533 99
377 461 97
461 377 100
38 462 96
462 38 96
375 462 96
462 375 90
556 462 94
462 556 94
680 462 90
462 680 96
283 463 99
463 283 96
390 463 96
463 390 100
166 464 89
464 166 99
278 465 96
465 278 100
478 465 86
465 478 84
503 465 100
465 503 98
38 466 87
466 38 96
323 466 98
466 323 95
444 466 93
466 444 95
667 466 91
466 667 81
117 467 90
467 117 97
231 467 92
467 231 92
233 467 96
467 233 95
784 467 92
467 784 90
325 468 97
468 325 97
665 468 92
468 665 100
198 469 99
469 198 100
291 469 100
469 291 100
409 469 98
469 409 99
504 469 96
469 504 99
512 469 91
469 512 99
0 470 99
470 0 95
367 470 87
470 367 100
738 470 100
470 738 92
182 471 95
471 182 98
354 471 94
471 354 93
361 471 86
471 361 96
632 471 95
471 632 88
382 472 91
472 382 89
574 472 100
472 574 100
576 472 88
472 576 87
701 472 87
472 701 100
731 472 89
472 731 94
746 472 98
472 746 100
143 473 95
473 143 99
329 473 91
473 329 94
415 473 90
473 415 81
246 474 93
474 246 95
365 474 87
474 365 96
655 474 95
474 655 95
693 474 100
474 693 90
190 475 90
475 190 100
490 475 96
475 490 95
503 475 96
475 503 95
547 475 97
475 547 90
40 476 94
476 40 98
58 476 97
476 58 100
155 476 91
476 155 95
769 476 97
476 769 92
294 477 96
477 294 100
307 477 86
477 307 100
430 477 94
477 430 98
432 477 97
477 432 86
523 477 92
477 523 95
20 478 100
478 20 100
108 478 100
478 108 84
361 478 91
478 361 89
371 478 87
478 371 92
411 478 58
478 411 86
529 478 95
478 529 91
558 478 87
478 558 83
586 478 85
478 586 88
589 478 92
478 589 99
656 478 95
478 656 87
115 480 96
480 115 100
593 480 90
480 593 100
727 480 96
480 727 100
84 481 94
481 84 100
195 481 89
481 195 90
535 481 96
481 535 96
371 482 82
482 371 100
407 482 96
482 407 97
521 482 98
482 521 95
762 482 87
482 762 91
201 483 87
483 201 85
22 484 100
484 22 100
472 484 84
484 472 92
664 484 90
484 664 97
721 484 87
484 721 97
790 484 90
484 790 89
594 485 99
485 594 94
601 485 99
485 601 98
404 486 95
486 404 99
413 486 96
486 413 92
607 486 95
486 607 93
67 487 99
487 67 98
111 488 95
488 111 95
148 488 95
488 148 87
592 488 96
488 592 87
356 489 94
489 356 94
538 489 99
489 538 94
578 489 93
489 578 91
562 490 96
490 562 85
217 492 79
492 217 90
255 492 91
492 255 96
257 492 93
492 257 88
404 493 91
493 404 92
708 493 85
493 708 90
36 494 88
494 36 91
184 494 96
494 184 91
248 494 89
494 248 85
618 494 91
494 618 91
110 495 96
495 110 93
286 495 95
495 286 99
399 495 92
495 399 95
472 495 93
495 472 87
161 496 96
496 161 98
181 496 91
496 181 95
596 496 92
496 596 91
78 497 98
497 78 96
80 497 92
497 80 96
82 497 81
497 82 93
103 497 91
497 103 95
224 497 76
497 224 98
455 497 96
497 455 95
558 497 98
497 558 94
691 497 100
497 691 99
728 497 91
497 728 76
2 499 95
499 2 100
673 499 94
499 673 94
682 499 95
499 682 89
10 500 94
500 10 99
102 500 87
500 102 93
330 500 95
500 330 90
535 500 91
500 535 98
53 501 88
501 53 91
131 501 86
501 131 87
545 501 83
501 545 86
539 502 98
502 539 89
668 502 100
502 668 100
436 503 94
503 436 76
743 504 91
504 743 100
773 504 100
504 773 76
711 505 84
505 711 96
640 506 99
506 640 98
88 507 100
507 88 100
331 507 97
507 331 96
595 507 91
507 595 90
605 507 96
507 605 95
466 508 100
508 466 96
781 508 98
508 781 98
497 509 87
509 497 97
626 509 100
509 626 89
695 509 96
509 695 95
529 510 98
510 529 91
119 511 100
511 119 100
350 511 93
511 350 89
50 512 95
512 50 97
106 512 93
512 106 86
298 512 93
512 298 97
661 512 97
512 661 99
156 513 100
513 156 96
547 513 92
513 547 100
771 513 100
513 771 98
13 514 100
514 13 96
435 514 92
514 435 91
114 515 94
515 114 99
128 515 83
515 128 76
403 515 94
515 403 82
409 515 86
515 409 91
503 515 83
515 503 99
552 515 94
515 552 94
725 515 100
515 725 90
15 516 94
516 15 91
278 516 87
516 278 98
753 516 90
516 753 86
6 517 90
517 6 95
48 517 96
517 48 89
303 518 95
518 303 93
396 518 96
518 396 99
283 519 90
519 283 97
369 519 96
519 369 93
444 519 81
519 444 97
79 520 92
520 79 95
351 520 96
520 351 90
367 520 100
520 367 96
60 521 97
521 60 100
493 521 83
521 493 94
633 521 97
521 633 95
646 521 99
521 646 96
651 521 93
521 651 95
465 522 100
522 465 96
527 522 90
522 527 93
4 523 95
523 4 87
219 523 95
523 219 99
283 523 94
523 283 95
669 523 100
523 669 93
104 524 99
524 104 99
493 524 95
524 493 97
583 524 100
524 583 90
635 524 99
524 635 84
784 525 92
525 784 95
129 526 95
526 129 97
652 526 100
526 652 100
730 526 100
526 730 94
203 527 100
527 203 83
251 527 91
527 251 99
264 527 94
527 264 100
365 527 91
527 365 92
682 528 99
528 682 100
16 529 95
529 16 98
92 529 92
529 92 94
342 529 99
529 342 91
105 530 96
530 105 95
220 530 100
530 220 100
299 530 92
530 299 93
338 530 94
530 338 98
486 530 95
530 486 97
76 531 96
531 76 97
115 531 91
531 115 96
313 531 100
531 313 100
433 531 86
531 433 95
367 532 94
532 367 95
415 532 94
532 415 89
469 532 93
532 469 97
178 533 93
533 178 94
193 533 97
533 193 89
581 533 94
533 581 96
685 533 95
533 685 92
725 533 96
533 725 100
797 534 95
534 797 96
787 535 95
535 787 92
44 536 93
536 44 100
230 536 95
536 230 97
374 536 94
536 374 97
562 536 96
536 562 90
547 537 99
537 547 100
774 537 97
537 774 95
21 538 99
538 21 99
193 538 94
538 193 97
792 538 98
538 792 95
79 539 95
539 79 95
183 539 95
539 183 94
346 539 95
539 346 82
312 540 98
540 312 88
481 540 92
540 481 89
634 540 95
540 634 96
59 542 100
542 59 99
353 542 86
542 353 87
400 542 98
542 400 99
263 543 95
543 263 95
536 543 95
543 536 100
654 543 88
543 654 88
750 543 89
543 750 81
219 544 94
544 219 100
484 544 76
544 484 100
634 544 96
544 634 89
202 546 88
546 202 100
420 546 97
546 420 98
448 546 98
546 448 95
590 546 94
546 590 96
155 547 86
547 155 90
708 547 87
547 708 83
57 548 92
548 57 92
97 548 97
548 97 94
119 548 95
548 119 81
124 548 78
548 124 98
135 548 95
548 135 92
175 548 86
548 175 92
666 549 94
549 666 90
7 550 99
550 7 99
282 550 90
550 282 87
423 550 96
550 423 92
541 550 95
550 541 95
658 550 91
550 658 95
681 550 94
550 681 96
609 551 98
551 609 95
790 551 80
551 790 90
105 552 82
552 105 89
489 552 93
552 489 85
680 552 80
552 680 80
753 552 83
552 753 83
774 552 89
552 774 92
790 552 88
552 790 53
629 554 98
554 629 94
237 555 90
555 237 98
288 556 99
556 288 91
419 556 96
556 419 91
498 556 90
556 498 97
125 557 95
557 125 94
173 557 95
557 173 93
371 558 96
558 371 95
560 558 93
558 560 92
583 558 100
558 583 93
592 558 82
558 592 89
491 559 99
559 491 98
632 559 93
559 632 83
134 560 92
560 134 96
623 560 86
560 623 90
687 560 94
560 687 100
659 561 100
561 659 99
734 561 95
561 734 89
778 561 95
561 778 96
121 562 100
562 121 93
615 562 100
562 615 100
777 562 100
562 777 90
259 563 93
563 259 88
359 563 98
563 359 89
372 564 90
564 372 95
392 564 90
564 392 97
681 564 98
564 681 85
717 564 95
564 717 99
251 565 95
565 251 100
387 565 87
565 387 100
531 565 95
565 531 99
591 565 95
565 591 92
797 565 94
565 797 90
238 566 95
566 238 96
319 566 95
566 319 92
476 566 91
566 476 91
50 567 94
567 50 92
51 567 89
567 51 92
352 567 96
567 352 94
428 567 87
567 428 90
445 567 91
567 445 91
576 567 96
567 576 85
611 567 96
567 611 85
56 568 90
568 56 96
109 568 100
568 109 98
366 568 99
568 366 100
68 569 97
569 68 100
552 569 92
569 552 89
695 569 100
569 695 95
121 570 99
570 121 97
407 570 100
570 407 100
29 571 94
571 29 89
274 571 95
571 274 97
32 572 93
572 32 90
170 572 98
572 170 94
211 572 95
572 211 98
241 572 95
572 241 91
416 572 87
572 416 86
519 572 81
572 519 97
579 572 97
572 579 83
623 572 93
572 623 86
543 573 91
573 543 93
555 573 100
573 555 99
110 574 87
574 110 89
146 574 91
574 146 86
150 574 91
574 150 96
490 574 98
574 490 91
497 574 78
574 497 90
678 574 98
574 678 89
592 575 85
575 592 89
603 575 93
575 603 95
759 575 96
575 759 90
241 576 93
576 241 99
456 576 94
576 456 92
759 576 99
576 759 94
384 577 95
577 384 100
156 578 95
578 156 100
349 578 93
578 349 96
586 578 94
578 586 90
108 579 88
579 108 91
567 579 98
579 567 89
699 579 97
579 699 88
59 580 90
580 59 96
250 580 96
580 250 95
97 581 95
581 97 100
126 583 99
583 126 100
480 583 95
583 480 96
570 583 100
583 570 100
716 583 100
583 716 91
718 585 95
585 718 89
788 585 80
585 788 91
412 586 98
586 412 89
684 586 92
586 684 100
265 587 84
587 265 100
637 587 87
587 637 99
159 588 99
588 159 100
194 589 96
589 194 90
704 589 90
589 704 88
316 590 100
590 316 98
373 591 95
591 373 96
384 591 92
591 384 100
392 591 96
591 392 94
467 591 100
591 467 91
564 591 92
591 564 96
30 592 98
592 30 95
154 592 91
592 154 91
422 592 96
592 422 100
613 592 98
592 613 98
206 593 94
593 206 100
43 594 97
594 43 88
88 594 98
594 88 100
115 594 100
594 115 98
289 594 98
594 289 91
491 594 100
594 491 100
557 594 97
594 557 84
669 594 95
594 669 98
381 595 91
595 381 95
536 595 96
595 536 91
565 595 91
595 565 91
240 596 91
596 240 97
329 596 96
596 329 84
410 596 86
596 410 95
447 596 91
596 447 100
510 596 93
596 510 94
726 596 96
596 726 94
165 597 100
597 165 98
444 597 100
597 444 97
596 597 95
597 596 85
174 598 100
598 174 95
199 598 93
598 199 98
350 598 93
598 350 95
655 598 98
598 655 100
20 599 88
599 20 90
64 599 100
599 64 94
69 599 96
599 69 94
299 599 95
599 299 96
323 599 95
599 323 83
379 599 93
599 379 100
448 599 100
599 448 93
112 600 94
600 112 95
249 600 88
600 249 94
394 600 100
600 394 88
564 600 88
600 564 90
731 600 87
600 731 81
113 601 94
601 113 91
125 601 95
601 125 88
254 601 94
601 254 95
335 601 97
601 335 94
448 601 84
601 448 88
650 601 90
601 650 86
259 602 91
602 259 94
281 602 97
602 281 95
282 602 94
602 282 85
401 602 97
602 401 92
105 603 100
603 105 95
189 603 95
603 189 100
353 603 89
603 353 97
395 603 90
603 395 91
418 603 90
603 418 89
559 603 92
603 559 91
708 603 94
603 708 87
238 604 99
604 238 97
670 604 85
604 670 93
110 605 97
605 110 94
348 605 100
605 348 93
244 606 94
606 244 89
530 606 88
606 530 97
574 606 93
606 574 81
245 607 100
607 245 87
692 607 100
607 692 92
217 608 89
608 217 97
574 608 95
608 574 84
142 609 88
609 142 91
296 609 96
609 296 85
368 609 95
609 368 95
36 610 90
610 36 92
315 610 93
610 315 82
525 610 96
610 525 92
22 611 96
611 22 92
214 611 89
611 214 91
229 611 91
611 229 95
414 611 87
611 414 100
337 612 95
612 337 99
539 612 94
612 539 90
754 612 91
612 754 96
434 614 87
614 434 94
567 614 94
614 567 81
342 615 100
615 342 98
412 615 95
615 412 100
25 616 100
616 25 97
174 616 97
616 174 100
260 616 95
616 260 98
413 616 91
616 413 92
550 616 100
616 550 99
364 617 89
617 364 100
614 617 86
617 614 95
453 618 100
618 453 98
585 618 93
618 585 92
265 619 98
619 265 87
676 619 95
619 676 93
56 620 100
620 56 82
735 620 86
620 735 96
136 621 95
621 136 100
576 621 93
621 576 99
596 621 78
621 596 100
634 621 93
621 634 88
763 621 96
621 763 100
15 622 95
622 15 95
118 622 92
622 118 100
149 622 88
622 149 97
794 622 91
622 794 74
380 623 87
623 380 84
652 623 99
623 652 91
234 624 93
624 234 98
59 625 96
625 59 88
80 625 86
625 80 98
68 626 90
626 68 95
231 626 96
626 231 98
244 626 99
626 244 95
531 626 92
626 531 95
787 626 94
626 787 91
240 627 95
627 240 94
539 627 100
627 539 93
552 628 98
628 552 89
584 628 91
628 584 100
643 628 97
628 643 86
674 628 95
628 674 97
159 629 96
629 159 96
182 629 96
629 182 94
13 631 95
631 13 95
101 631 96
631 101 95
336 631 83
631 336 85
463 631 75
631 463 96
706 631 96
631 706 86
54 632 95
632 54 96
118 632 98
632 118 95
480 632 100
632 480 88
523 632 96
632 523 95
14 633 95
633 14 86
30 633 83
633 30 96
36 633 77
633 36 88
265 633 92
633 265 83
514 633 96
633 514 89
253 634 92
634 253 98
514 634 99
634 514 90
633 634 95
634 633 92
738 634 90
634 738 94
786 634 100
634 786 90
268 635 91
635 268 95
702 635 88
635 702 95
27 636 100
636 27 95
386 636 93
636 386 95
454 636 79
636 454 100
141 637 96
637 141 94
173 637 83
637 173 92
512 637 97
637 512 95
590 637 92
637 590 100
22 638 96
638 22 94
487 638 94
638 487 100
555 638 95
638 555 88
605 638 97
638 605 97
778 640 100
640 778 95
1 641 99
641 1 97
55 641 96
641 55 100
369 641 96
641 369 93
782 641 100
641 782 93
67 642 98
642 67 100
233 642 100
642 233 100
236 642 88
642 236 92
513 643 98
643 513 100
559 643 99
643 559 92
721 643 97
643 721 94
60 644 100
644 60 96
265 644 95
644 265 83
291 645 97
645 291 94
292 645 93
645 292 93
377 645 89
645 377 94
100 646 95
646 100 100
611 646 97
646 611 100
614 646 100
646 614 99
25 647 100
647 25 100
199 647 94
647 199 94
791 647 94
647 791 93
100 648 100
648 100 95
523 648 90
648 523 97
650 648 84
648 650 91
389 649 99
649 389 90
26 650 93
650 26 99
348 650 93
650 348 95
506 650 93
650 506 100
325 651 100
651 325 98
359 652 89
652 359 91
474 652 99
652 474 92
269 653 100
653 269 100
381 653 99
653 381 98
433 653 97
653 433 100
636 653 100
653 636 93
22 654 92
654 22 87
99 654 91
654 99 92
451 654 95
654 451 92
657 654 98
654 657 98
145 655 100
655 145 92
361 655 86
655 361 99
459 655 96
655 459 93
599 655 89
655 599 89
97 656 99
656 97 83
106 656 96
656 106 92
327 656 94
656 327 94
329 656 80
656 329 97
393 656 90
656 393 95
645 656 95
656 645 82
790 657 91
657 790 95
404 658 94
658 404 95
617 658 86
658 617 100
626 658 88
658 626 100
709 658 91
658 709 85
103 660 99
660 103 96
382 660 92
660 382 96
399 660 97
660 399 97
488 660 91
660 488 94
102 661 94
661 102 95
736 661 93
661 736 98
750 661 92
661 750 92
283 662 96
662 283 95
647 662 97
662 647 91
697 663 91
663 697 98
328 664 100
664 328 93
503 664 98
664 503 90
421 665 96
665 421 95
473 665 97
665 473 99
477 665 86
665 477 90
727 665 100
665 727 92
291 666 97
666 291 100
605 666 99
666 605 90
621 666 83
666 621 97
632 666 85
666 632 93
358 667 100
667 358 93
496 667 100
667 496 92
775 667 96
667 775 90
793 667 87
667 793 97
127 668 100
668 127 95
405 668 96
668 405 95
456 668 96
668 456 100
398 669 89
669 398 90
127 670 97
670 127 82
133 670 83
670 133 90
275 670 80
670 275 94
277 670 100
670 277 94
666 670 80
670 666 91
791 670 87
670 791 94
220 671 95
671 220 93
418 671 97
671 418 76
449 671 96
671 449 100
231 672 100
672 231 88
337 673 94
673 337 91
764 673 89
673 764 100
778 673 86
673 778 89
371 674 96
674 371 87
793 674 97
674 793 89
799 674 95
674 799 95
119 675 85
675 119 99
570 675 95
675 570 93
649 675 99
675 649 95
665 675 96
675 665 82
709 675 84
675 709 88
765 675 100
675 765 94
274 676 100
676 274 95
460 676 100
676 460 97
520 676 100
676 520 93
85 677 94
677 85 88
167 677 99
677 167 91
339 678 97
678 339 91
565 678 96
678 565 100
164 679 87
679 164 95
334 679 97
679 334 90
651 679 99
679 651 89
756 679 100
679 756 100
135 680 96
680 135 98
235 680 100
680 235 92
576 680 94
680 576 94
59 681 94
681 59 93
165 681 95
681 165 96
365 681 98
681 365 95
19 682 94
682 19 95
208 682 86
682 208 95
248 682 97
682 248 88
168 683 100
683 168 89
467 683 88
683 467 97
496 683 96
683 496 91
585 683 89
683 585 90
766 683 98
683 766 98
122 684 95
684 122 100
377 684 100
684 377 98
592 685 96
685 592 100
645 685 93
685 645 95
191 686 94
686 191 93
207 686 95
686 207 100
342 686 97
686 342 95
370 686 94
686 370 87
349 687 96
687 349 90
452 687 98
687 452 98
453 687 89
687 453 82
501 687 83
687 501 95
160 688 94
688 160 100
256 688 92
688 256 100
589 688 93
688 589 90
764 688 95
688 764 88
57 689 100
689 57 93
269 689 97
689 269 100
399 689 99
689 399 94
721 689 93
689 721 89
473 690 98
690 473 82
729 690 96
690 729 96
332 691 98
691 332 95
710 691 100
691 710 91
240 692 97
692 240 92
232 693 100
693 232 85
647 693 89
693 647 95
691 693 99
693 691 94
117 694 97
694 117 85
192 694 97
694 192 95
240 694 96
694 240 99
471 694 82
694 471 92
45 695 90
695 45 91
404 695 100
695 404 95
516 695 91
695 516 97
706 695 100
695 706 96
109 696 94
696 109 99
326 696 100
696 326 93
343 696 93
696 343 98
78 697 87
697 78 98
175 697 94
697 175 85
242 697 96
697 242 94
461 697 82
697 461 99
614 697 94
697 614 92
31 698 99
698 31 97
292 698 95
698 292 97
319 698 97
698 319 90
369 698 91
698 369 99
396 698 86
698 396 98
32 699 99
699 32 95
531 699 93
699 531 87
593 699 92
699 593 91
384 700 86
700 384 94
508 700 97
700 508 98
760 700 96
700 760 95
562 701 97
701 562 99
65 702 96
702 65 94
90 703 98
703 90 96
321 703 91
703 321 100
571 703 93
703 571 93
39 704 100
704 39 94
52 704 91
704 52 100
86 704 92
704 86 100
260 704 95
704 260 98
371 705 95
705 371 94
465 705 94
705 465 98
562 705 79
705 562 89
52 706 96
706 52 87
156 706 93
706 156 95
36 707 86
707 36 100
172 707 100
707 172 94
366 707 100
707 366 98
482 707 99
707 482 92
201 708 84
708 201 78
507 708 95
708 507 87
570 708 94
708 570 92
39 709 90
709 39 94
2 711 98
711 2 99
16 712 93
712 16 99
85 712 90
712 85 96
283 712 95
712 283 96
156 713 92
713 156 100
203 713 86
713 203 99
322 713 96
713 322 85
408 713 79
713 408 90
418 713 83
713 418 97
486 713 94
713 486 79
680 713 100
713 680 78
116 714 97
714 116 91
513 714 96
714 513 96
731 714 89
714 731 99
205 715 94
715 205 100
291 715 100
715 291 100
167 716 89
716 167 89
543 716 98
716 543 91
575 716 87
716 575 100
743 716 96
716 743 92
298 718 99
718 298 92
433 718 97
718 433 86
486 718 96
718 486 98
725 718 91
718 725 97
456 719 89
719 456 88
734 719 86
719 734 95
633 720 97
720 633 88
739 721 98
721 739 97
774 721 85
721 774 98
50 722 92
722 50 99
481 722 95
722 481 87
184 723 98
723 184 95
562 724 88
724 562 92
611 724 85
724 611 97
665 724 85
724 665 88
114 726 95
726 114 91
613 726 98
726 613 99
745 726 100
726 745 100
169 727 93
727 169 96
702 727 99
727 702 96
768 728 91
728 768 74
297 729 96
729 297 92
543 729 86
729 543 91
760 729 88
729 760 84
482 730 87
730 482 99
542 730 91
730 542 84
230 731 95
731 230 90
300 731 86
731 300 94
316 731 98
731 316 97
548 731 89
731 548 86
668 731 99
731 668 94
685 731 88
731 685 99
10 732 97
732 10 100
473 732 81
732 473 90
43 733 97
733 43 94
703 733 92
733 703 100
72 734 90
734 72 88
475 734 69
734 475 98
710 734 100
734 710 78
85 735 82
735 85 93
138 735 95
735 138 96
168 735 97
735 168 95
515 735 91
735 515 84
399 736 90
736 399 96
700 736 88
736 700 89
398 737 90
737 398 98
606 737 87
737 606 80
47 739 100
739 47 99
80 739 97
739 80 95
453 739 91
739 453 100
625 739 98
739 625 91
0 740 85
740 0 86
95 740 98
740 95 79
497 740 82
740 497 81
564 740 65
740 564 95
568 740 89
740 568 93
789 740 88
740 789 90
794 740 94
740 794 80
42 741 100
741 42 92
163 741 91
741 163 98
474 741 98
741 474 93
623 741 88
741 623 91
719 741 96
741 719 95
46 742 97
742 46 91
129 742 100
742 129 95
440 742 90
742 440 80
508 742 97
742 508 97
142 743 93
743 142 89
308 743 93
743 308 96
579 743 76
743 579 90
741 743 95
743 741 91
106 744 91
744 106 93
264 744 92
744 264 92
594 744 92
744 594 89
724 744 90
744 724 96
79 745 92
745 79 94
161 745 100
745 161 95
790 745 87
745 790 95
151 746 98
746 151 100
233 746 94
746 233 95
513 746 100
746 513 92
640 746 93
746 640 92
111 747 88
747 111 93
191 747 100
747 191 99
194 747 86
747 194 95
253 747 91
747 253 87
28 748 100
748 28 96
195 748 100
748 195 95
441 748 95
748 441 100
180 750 94
750 180 96
355 750 97
750 355 87
500 750 83
750 500 88
635 750 75
750 635 98
95 751 93
751 95 93
394 751 94
751 394 100
271 752 97
752 271 99
424 752 90
752 424 97
750 752 97
752 750 97
213 753 85
753 213 80
239 753 91
753 239 92
346 753 81
753 346 96
652 753 92
753 652 82
699 753 93
753 699 83
155 754 88
754 155 85
328 754 86
754 328 100
383 754 100
754 383 100
564 754 91
754 564 81
638 754 95
754 638 96
129 755 98
755 129 98
336 755 98
755 336 82
534 755 97
755 534 95
388 756 88
756 388 90
713 756 86
756 713 90
320 757 94
757 320 92
427 757 98
757 427 100
532 757 81
757 532 95
244 758 93
758 244 97
546 758 97
758 546 93
795 758 95
758 795 95
187 759 91
759 187 99
796 759 100
759 796 96
235 760 88
760 235 88
256 760 90
760 256 100
318 760 87
760 318 79
473 760 85
760 473 85
172 761 93
761 172 100
413 761 92
761 413 92
629 761 89
761 629 91
43 762 90
762 43 93
361 762 96
762 361 85
699 762 83
762 699 90
412 763 76
763 412 96
500 763 90
763 500 97
607 763 96
763 607 95
636 763 84
763 636 89
171 765 100
765 171 96
326 765 97
765 326 99
428 766 89
766 428 100
590 766 97
766 590 96
3 767 97
767 3 98
138 768 96
768 138 92
146 769 96
769 146 85
295 769 97
769 295 96
528 769 94
769 528 90
450 770 92
770 450 90
442 771 96
771 442 95
772 771 100
771 772 98
308 772 85
772 308 97
540 772 100
772 540 94
579 772 100
772 579 91
697 772 76
772 697 92
739 772 99
772 739 99
141 773 96
773 141 97
641 773 100
773 641 94
678 773 91
773 678 98
759 773 98
773 759 91
790 773 97
773 790 86
750 774 83
774 750 97
54 775 86
775 54 89
290 775 96
775 290 91
761 775 92
775 761 93
790 775 95
775 790 90
793 775 87
775 793 94
227 778 95
778 227 91
316 778 92
778 316 96
355 778 88
778 355 89
430 778 92
778 430 97
504 778 85
778 504 87
61 779 100
779 61 99
154 779 95
779 154 92
116 780 93
780 116 93
164 780 95
780 164 99
571 780 96
780 571 90
709 780 90
780 709 90
776 780 90
780 776 92
364 781 92
781 364 98
364 782 95
782 364 97
771 782 99
782 771 93
242 783 100
783 242 100
642 783 93
783 642 94
769 783 88
783 769 85
80 784 91
784 80 94
307 784 95
784 307 94
723 784 92
784 723 91
155 785 96
785 155 97
517 785 93
785 517 95
595 785 99
785 595 99
63 786 96
786 63 100
108 786 98
786 108 93
128 786 91
786 128 93
308 786 95
786 308 83
715 786 96
786 715 91
385 787 99
787 385 100
407 788 91
788 407 97
767 788 94
788 767 99
161 789 99
789 161 87
296 789 88
789 296 99
554 789 96
789 554 95
791 789 99
789 791 96
139 790 91
790 139 78
183 790 87
790 183 86
424 790 90
790 424 82
608 790 87
790 608 91
696 790 87
790 696 86
6 791 95
791 6 95
9 791 91
791 9 97
44 791 93
791 44 88
186 791 86
791 186 89
400 791 79
791 400 89
78 792 99
792 78 88
365 792 94
792 365 95
383 792 95
792 383 100
557 792 90
792 557 96
235 793 76
793 235 97
373 793 97
793 373 95
781 793 86
793 781 91
320 794 86
794 320 71
270 795 85
795 270 96
564 795 85
795 564 77
733 795 96
795 733 98
633 796 91
796 633 95
283 797 88
797 283 90
433 797 100
797 433 91
436 797 92
797 436 100
537 797 99
797 537 93
8 798 92
798 8 92
437 798 92
798 437 97
506 798 98
798 506 97
757 798 92
798 757 97
777 798 92
798 777 89
780 798 93
798 780 92
320 799 97
799 320 97
427 799 95
799 427 100
490 799 97
799 490 93
714 799 94
799 714 100
