624 12 87
782 480 87
179 212 87
463 280 86
105 2 85
92 47 85
115 325 85
512 282 85
783 129 85
767 781 85
543 127 85
160 479 85
132 741 85
746 104 85
269 789 85
3 781 84
160 749 84
741 285 84
653 719 83
214 705 83
586 264 83
529 238 83
142 764 83
19 550 83
657 736 82
258 277 82
596 327 82
232 56 82
704 20 82
28 715 81
211 393 81
115 176 81
269 346 81
643 778 81
599 495 81
760 508 81
22 579 81
106 53 80
750 285 80
63 288 80
747 41 80
444 239 80
697 761 80
571 278 80
372 76 80
336 628 80
464 404 80
427 781 80
195 432 80
552 339 80
755 388 80
715 531 80
98 332 80
85 282 80
529 225 80
486 147 80
577 576 80
87 361 79
702 42 79
709 408 79
122 575 79
274 364 79
231 421 79
221 54 79
474 10 79
566 726 79
536 518 79
784 502 79
573 378 79
756 588 79
692 69 79
752 111 79
216 512 79
77 42 79
3 108 79
231 595 79
561 0 79
596 521 79
135 408 78
243 775 78
572 731 78
251 244 78
217 223 78
619 580 78
205 130 78
246 620 78
718 436 78
202 115 78
632 555 78
465 707 78
425 653 78
648 99 78
38 47 78
791 540 78
754 255 78
742 437 78
753 189 78
256 532 78
206 601 77
222 0 77
581 198 77
352 651 77
535 603 77
382 507 77
288 598 77
283 401 77
570 705 77
441 8 77
167 742 77
635 181 77
136 408 77
113 370 77
0 239 77
604 316 77
58 454 77
631 453 77
484 596 77
37 692 77
34 286 77
34 37 77
231 737 77
485 401 77
109 453 77
538 421 77
125 71 77
475 611 77
76 151 77
661 705 76
187 595 76
113 477 76
421 505 76
574 554 76
244 40 76
419 461 76
446 129 76
572 69 76
89 321 76
274 121 76
636 236 76
354 507 76
596 490 76
65 211 76
585 404 76
358 634 76
773 41 76
491 141 76
522 106 76
316 481 76
793 34 76
274 163 76
155 695 76
33 17 76
409 714 76
69 46 76
463 694 76
328 220 76
648 395 76
797 316 76
792 241 76
30 281 76
313 185 76
402 579 75
575 760 75
471 214 75
302 78 75
59 242 75
147 19 75
94 134 75
439 204 75
257 223 75
231 364 75
196 20 75
679 418 75
465 240 75
386 176 75
152 683 75
154 457 75
613 71 75
680 658 75
209 322 75
122 296 75
148 123 75
51 215 75
240 560 75
203 434 75
371 758 75
767 362 75
592 707 75
74 424 75
798 554 74
22 327 74
526 629 74
486 418 74
106 559 74
300 49 74
306 146 74
455 756 74
84 192 74
467 56 74
716 390 74
637 627 74
634 196 74
516 168 74
304 338 74
105 436 74
768 48 74
126 295 74
8 112 74
173 316 74
502 384 74
97 768 74
773 783 74
189 598 73
434 657 73
594 150 73
161 651 73
691 50 73
709 723 73
481 159 73
515 370 73
325 268 73
410 777 73
86 497 73
399 456 73
728 712 73
107 746 73
46 572 73
591 325 73
406 62 73
384 69 73
177 109 73
540 378 73
527 171 73
243 108 73
127 707 73
650 44 73
442 38 73
358 461 73
692 563 73
112 725 73
457 578 73
100 759 73
460 111 73
562 252 73
693 332 73
58 420 73
482 762 72
118 798 72
51 680 72
127 224 72
540 763 72
622 103 72
627 762 72
407 36 72
558 700 72
175 397 72
152 14 72
758 40 72
413 502 72
158 271 72
508 199 72
569 284 72
570 3 72
609 676 72
304 741 72
385 168 72
242 601 72
179 329 72
277 674 72
503 749 72
542 497 72
385 199 72
552 190 72
585 416 71
230 374 71
775 651 71
697 97 71
398 268 71
55 200 71
33 799 71
500 630 71
206 463 71
400 303 71
200 346 71
13 251 71
377 78 71
460 472 71
741 305 71
351 325 71
239 48 71
156 303 71
508 685 71
230 47 71
146 126 71
651 118 71
461 89 71
283 583 71
289 722 71
119 456 71
665 255 71
676 703 71
36 296 71
641 77 71
175 57 71
684 698 71
6 594 71
347 688 71
559 340 70
615 454 70
504 276 70
156 348 70
755 207 70
631 740 70
231 136 70
537 320 70
149 286 70
689 41 70
483 114 70
361 601 70
743 255 70
138 405 70
771 85 70
500 752 70
558 255 70
174 454 70
151 589 70
127 400 70
651 75 70
1 720 70
489 766 70
171 236 70
774 37 70
291 461 70
271 277 70
91 205 70
278 790 70
698 622 70
754 373 70
137 99 69
661 764 69
452 20 69
546 364 69
647 292 69
384 720 69
81 601 69
594 413 69
264 112 69
52 629 69
493 191 69
797 600 69
106 623 69
311 650 69
149 568 69
706 279 69
756 722 69
577 521 69
258 222 69
629 327 69
293 729 69
505 641 69
415 282 69
88 28 69
364 450 69
297 680 69
551 767 69
345 55 69
107 441 68
675 20 68
229 611 68
289 95 68
181 714 68
747 248 68
388 472 68
219 256 68
18 548 68
499 599 68
548 95 68
673 604 68
557 154 68
658 378 68
139 477 68
539 240 68
498 80 68
509 260 68
320 668 68
129 324 68
25 136 68
753 313 68
308 775 68
675 494 68
183 595 68
790 274 68
167 484 68
687 275 68
65 571 68
584 748 68
560 728 67
735 292 67
524 81 67
746 587 67
588 668 67
505 506 67
792 689 67
98 17 67
674 666 67
150 377 67
296 721 67
756 395 67
727 495 67
631 26 67
76 166 67
106 50 67
360 136 67
497 391 67
422 778 67
22 736 67
651 607 67
726 491 67
294 614 67
11 331 67
158 358 67
194 483 67
403 773 67
235 34 67
658 670 67
73 296 67
139 17 67
712 46 67
537 37 67
591 783 67
321 257 66
352 462 66
507 414 66
5 306 66
66 487 66
635 215 66
352 672 66
542 227 66
676 550 66
715 87 66
570 91 66
687 520 66
761 236 66
287 474 66
770 789 66
550 48 66
221 523 66
43 40 66
199 33 66
281 152 66
53 48 66
348 698 66
151 794 65
236 234 65
609 547 65
785 765 65
444 76 65
285 324 65
190 633 65
688 617 65
230 44 65
205 263 65
157 65 65
769 623 65
759 320 65
653 326 65
128 515 65
477 794 65
377 441 65
701 577 65
326 686 65
297 514 65
487 462 65
760 365 65
723 456 65
175 209 65
122 184 65
385 20 65
413 646 65
780 223 65
526 747 65
584 199 65
594 13 64
530 637 64
308 627 64
572 89 64
528 181 64
594 664 64
534 516 64
44 54 64
467 574 64
61 151 64
553 191 64
205 607 64
560 206 64
370 136 64
6 296 64
381 717 64
127 789 64
166 319 64
75 383 64
109 583 64
366 473 64
328 783 64
168 448 64
115 133 64
719 486 64
685 191 64
243 429 64
80 701 64
350 596 64
694 99 64
259 671 64
203 519 64
368 639 64
442 447 64
111 684 63
19 110 63
440 278 63
277 566 63
721 371 63
415 561 63
639 642 63
789 422 63
46 329 63
683 430 63
459 542 63
594 530 63
783 568 63
315 605 63
161 413 63
342 248 63
675 536 63
127 568 63
392 318 63
737 734 63
698 257 63
591 619 63
754 555 63
776 74 63
51 239 63
702 595 63
493 40 63
763 747 63
765 474 63
424 406 63
373 498 63
168 651 63
418 342 62
641 92 62
669 434 62
513 534 62
30 777 62
306 727 62
284 581 62
292 310 62
185 433 62
557 200 62
639 564 62
195 553 62
633 603 62
711 227 62
763 24 62
55 715 62
261 519 62
527 471 62
558 64 62
204 250 62
590 793 62
681 77 62
486 200 62
274 679 62
483 632 61
401 766 61
437 364 61
485 105 61
198 311 61
172 525 61
445 177 61
210 307 61
281 248 61
381 451 61
151 595 61
26 288 61
108 495 61
309 732 61
102 494 61
683 323 61
295 332 61
61 487 61
575 66 61
625 562 61
788 259 61
112 537 60
269 300 60
400 15 60
557 480 60
114 705 60
281 443 60
674 482 60
28 134 60
776 158 60
680 605 60
702 584 60
394 716 60
91 228 60
542 470 60
225 2 60
45 325 60
158 678 60
72 249 60
515 293 60
569 214 60
359 63 60
338 551 59
242 143 59
334 90 59
699 4 59
622 487 59
1 355 59
726 92 59
267 778 59
131 764 59
65 669 59
498 9 59
148 416 59
744 304 59
446 262 59
8 152 59
32 690 59
768 730 59
331 237 59
641 526 59
25 380 59
287 142 59
156 284 59
180 91 59
768 603 59
476 153 59
787 125 59
346 454 59
164 312 59
695 474 59
95 387 59
713 573 59
362 359 59
590 677 58
736 453 58
557 317 58
85 644 58
284 705 58
166 712 58
57 130 58
476 249 58
531 162 58
269 149 58
388 379 58
79 10 58
574 142 58
628 499 58
457 569 58
588 418 58
266 358 58
9 575 58
763 196 58
313 474 58
511 243 58
596 525 58
142 675 58
657 524 58
18 348 58
346 495 58
587 732 58
426 611 58
471 575 58
573 534 58
106 309 58
80 289 58
10 776 57
709 357 57
553 580 57
594 654 57
244 550 57
289 425 57
255 168 57
595 112 57
386 379 57
738 648 57
357 513 57
65 358 57
203 744 57
698 260 57
114 418 57
654 432 57
651 582 57
374 345 57
532 22 57
744 543 57
410 265 57
746 86 57
670 263 57
266 399 57
120 606 57
584 201 57
700 239 57
741 731 57
744 614 56
342 409 56
387 318 56
223 536 56
529 341 56
729 444 56
702 506 56
769 382 56
322 201 56
614 6 56
574 626 56
212 474 56
34 474 56
26 786 56
353 756 56
160 365 56
721 314 56
73 98 56
659 655 56
315 394 56
270 262 56
783 302 56
666 364 56
323 667 56
624 76 55
89 285 55
6 707 55
291 717 55
539 751 55
665 531 55
345 92 55
606 510 55
101 52 55
663 404 55
569 625 55
221 273 55
19 413 55
750 475 55
516 73 55
376 349 55
705 84 55
152 40 55
64 163 55
132 368 55
258 575 55
639 155 55
549 770 55
546 617 55
628 30 55
637 713 55
461 301 55
235 247 55
411 310 55
245 590 55
152 52 55
254 31 55
96 187 55
32 215 55
578 17 55
126 532 55
345 534 55
743 574 55
217 593 54
662 406 54
645 710 54
257 799 54
672 294 54
599 784 54
390 219 54
673 545 54
344 364 54
555 425 54
164 211 54
166 93 54
174 579 54
177 522 54
83 176 54
190 264 54
272 128 54
453 447 54
548 202 54
213 91 54
633 60 54
459 727 54
552 242 54
606 288 54
389 606 54
379 739 54
13 132 54
737 498 54
95 626 53
761 753 53
418 236 53
419 724 53
682 492 53
271 356 53
344 404 53
212 290 53
77 682 53
57 236 53
507 536 53
235 327 53
447 531 53
415 465 53
522 569 53
106 569 53
132 196 53
648 669 53
475 132 53
473 687 53
503 743 53
269 436 53
679 493 53
56 622 53
555 143 53
105 614 53
10 781 53
501 112 53
535 591 53
603 386 53
641 477 53
140 222 53
7 624 53
429 406 53
613 84 53
82 570 53
608 332 53
573 518 53
73 754 53
729 699 53
214 501 52
326 204 52
745 56 52
20 135 52
323 45 52
184 116 52
228 699 52
37 538 52
771 101 52
491 509 52
407 392 52
229 467 52
326 110 52
304 0 52
528 646 52
97 673 52
568 628 52
345 223 52
128 266 52
652 756 52
769 344 52
797 431 52
567 153 52
722 318 52
655 466 52
665 719 52
90 693 52
90 460 52
760 651 52
486 592 52
207 776 52
107 594 52
332 122 52
440 461 51
120 382 51
100 624 51
532 579 51
678 418 51
511 516 51
499 715 51
789 196 51
422 210 51
315 206 51
169 774 51
61 65 51
336 387 51
209 424 51
282 292 51
672 69 51
196 17 51
17 785 51
88 768 51
783 131 51
637 731 51
452 588 51
588 31 51
290 185 51
555 620 51
242 722 51
402 771 51
10 502 51
708 690 51
357 134 51
451 695 51
680 588 51
743 537 50
424 669 50
415 144 50
394 522 50
706 685 50
343 150 50
382 548 50
135 64 50
769 684 50
36 560 50
796 614 50
432 783 50
3 550 50
740 464 50
53 754 50
678 257 50
556 694 50
776 113 50
533 105 50
410 425 50
507 754 50
581 427 50
538 100 50
525 367 50
544 207 50
390 303 50
463 369 50
327 77 50
410 27 50
677 646 49
241 799 49
509 417 49
43 245 49
758 731 49
725 63 49
296 309 49
159 424 49
360 454 49
183 689 49
324 78 49
675 175 49
480 453 49
726 422 49
333 32 49
395 91 49
193 327 49
323 169 49
624 696 49
778 285 49
765 350 49
343 117 49
514 556 49
7 699 49
382 261 49
220 479 49
380 659 49
649 442 49
758 566 49
648 51 49
60 312 49
206 160 48
633 372 48
524 382 48
130 734 48
56 794 48
634 502 48
475 108 48
41 147 48
422 636 48
17 362 48
169 172 48
601 522 48
411 214 48
323 437 48
663 562 48
761 109 48
187 345 48
395 272 48
447 423 48
395 631 48
265 68 48
202 80 48
676 47 48
506 139 48
317 615 48
644 660 48
379 0 48
436 484 48
658 669 47
448 514 47
29 450 47
629 27 47
384 528 47
172 563 47
483 408 47
566 428 47
26 480 47
785 517 47
397 185 47
499 310 47
499 243 47
691 143 47
300 34 47
735 601 47
169 87 47
277 40 47
218 742 47
150 13 47
431 113 47
393 207 47
230 90 47
258 361 47
63 52 47
29 794 47
588 505 47
437 202 47
17 363 47
299 312 47
41 465 47
370 691 47
649 284 47
326 289 47
349 785 47
608 65 47
743 27 47
650 546 47
117 610 46
24 404 46
293 289 46
789 8 46
501 350 46
533 97 46
619 668 46
767 384 46
607 416 46
613 651 46
548 363 46
195 768 46
391 258 46
125 194 46
12 671 46
400 768 46
18 591 46
498 151 46
408 254 46
13 550 46
127 137 46
567 79 46
613 199 46
530 60 46
186 301 46
764 440 46
772 604 45
453 46 45
682 191 45
796 797 45
112 44 45
689 26 45
436 548 45
622 485 45
9 40 45
665 671 45
272 151 45
629 207 45
664 432 45
521 93 45
601 135 45
102 415 45
499 698 45
649 208 45
707 63 45
505 248 45
743 552 45
243 664 45
108 398 45
426 739 45
389 738 45
368 297 45
269 581 45
662 228 45
647 435 45
510 9 45
73 332 45
294 692 45
649 773 45
545 786 44
466 727 44
314 51 44
782 194 44
797 162 44
409 599 44
344 752 44
656 537 44
451 551 44
325 349 44
421 754 44
771 509 44
226 614 44
447 70 44
251 729 44
160 60 44
373 364 44
626 159 44
80 358 44
122 167 44
503 241 44
523 25 44
378 491 44
414 663 44
44 685 44
722 8 44
147 303 44
138 788 44
168 555 44
720 403 44
149 247 44
27 504 44
120 633 44
780 503 44
57 468 44
102 647 44
130 607 44
782 176 44
634 436 43
564 450 43
613 358 43
119 144 43
308 128 43
385 723 43
23 399 43
137 173 43
693 542 43
736 444 43
269 718 43
249 760 43
318 629 43
62 516 43
434 52 43
12 184 43
488 17 43
673 799 43
508 724 43
774 773 43
176 155 43
361 720 43
475 615 43
569 448 43
783 388 43
326 375 43
53 397 43
434 302 43
674 611 43
560 405 43
602 478 43
296 569 43
186 442 43
739 77 43
66 664 42
480 291 42
114 694 42
187 720 42
578 437 42
41 427 42
443 41 42
61 310 42
636 35 42
37 750 42
71 402 42
625 718 42
637 300 42
622 363 42
399 749 42
628 496 42
784 336 42
73 506 42
57 123 42
52 524 42
630 599 42
403 793 42
669 631 42
440 703 42
437 480 42
30 423 42
608 671 42
173 744 42
731 248 42
661 712 42
679 459 42
708 377 42
640 14 41
628 594 41
284 263 41
375 563 41
293 407 41
596 681 41
364 571 41
101 391 41
609 442 41
131 669 41
784 217 41
749 150 41
457 78 41
61 571 41
650 22 41
28 45 41
150 31 41
342 91 41
619 649 41
786 193 41
260 509 41
93 528 41
639 344 41
760 324 41
383 333 41
720 630 41
753 124 41
591 391 41
509 742 41
264 52 41
157 150 41
537 797 41
264 389 41
649 212 41
649 329 41
465 667 40
609 611 40
401 67 40
343 500 40
440 671 40
182 333 40
683 78 40
384 662 40
210 511 40
572 399 40
325 80 40
584 629 40
536 543 40
620 721 40
585 283 40
636 712 40
31 572 40
423 632 40
623 146 40
231 162 40
664 30 40
585 710 40
52 435 40
658 63 40
692 24 40
453 120 40
402 516 40
412 16 40
3 624 40
426 30 40
650 731 40
483 113 40
199 787 39
357 556 39
5 301 39
69 538 39
222 97 39
353 103 39
686 208 39
568 274 39
547 265 39
76 503 39
481 61 39
328 8 39
622 733 39
208 107 39
603 187 39
537 76 39
476 670 39
749 17 39
698 327 39
246 614 39
356 278 39
166 703 39
779 588 38
98 536 38
300 337 38
489 414 38
226 421 38
709 249 38
195 147 38
423 126 38
196 541 38
624 389 38
738 632 38
615 164 38
42 144 38
215 131 38
746 57 38
525 495 38
611 286 38
500 690 38
512 272 38
181 184 38
581 729 38
488 708 38
768 118 38
333 284 38
267 299 38
254 22 38
335 555 38
565 686 38
402 621 37
329 798 37
413 436 37
714 177 37
208 366 37
190 225 37
198 254 37
475 606 37
103 546 37
176 458 37
191 341 37
284 526 37
548 523 37
65 495 37
167 511 37
795 75 37
172 510 37
102 388 37
597 546 37
186 63 37
670 646 37
524 631 37
203 117 37
396 174 37
300 73 37
80 416 37
500 508 37
24 56 37
145 306 37
706 290 37
219 487 37
253 195 36
528 124 36
754 338 36
286 704 36
428 644 36
73 705 36
335 625 36
212 466 36
104 31 36
315 665 36
285 516 36
498 122 36
560 748 36
591 156 36
794 106 36
240 104 36
339 4 36
618 172 36
80 15 36
226 161 36
584 362 36
508 325 36
531 154 36
625 556 36
725 772 36
777 608 36
195 423 35
91 257 35
216 651 35
18 781 35
611 269 35
113 182 35
441 106 35
791 773 35
143 798 35
627 594 35
398 550 35
281 551 35
395 581 35
248 560 35
71 475 35
459 568 35
75 415 35
361 576 35
105 570 35
636 541 35
95 33 35
289 732 35
500 263 35
218 241 35
238 12 35
33 193 35
469 458 35
296 286 35
699 590 35
564 679 35
403 674 35
313 301 35
26 115 35
574 350 35
170 65 35
530 363 35
640 593 35
425 646 35
92 521 35
751 573 34
375 471 34
106 728 34
124 797 34
59 611 34
126 227 34
307 262 34
74 664 34
221 679 34
665 783 34
306 136 34
307 786 34
683 471 34
595 128 34
696 587 34
374 212 34
380 53 34
721 429 34
371 631 34
92 247 34
11 503 34
461 403 34
457 186 34
33 359 34
143 80 34
555 320 34
545 234 34
487 325 34
635 129 34
710 703 34
560 379 34
499 177 34
213 471 34
552 236 34
422 53 34
431 389 34
495 741 34
238 94 34
539 428 34
673 151 34
589 260 33
419 117 33
273 788 33
160 364 33
731 240 33
15 611 33
740 642 33
438 462 33
679 683 33
82 777 33
301 497 33
614 526 33
175 587 33
792 550 33
73 8 33
468 637 33
636 462 33
161 394 33
153 789 33
438 333 33
428 359 33
602 463 33
83 338 33
137 435 33
639 207 33
432 30 33
318 114 33
576 649 33
158 519 33
73 76 33
638 142 32
495 450 32
7 685 32
213 299 32
630 732 32
740 125 32
675 78 32
232 68 32
171 368 32
727 47 32
686 773 32
93 165 32
619 417 32
461 1 32
642 184 32
226 449 32
383 420 32
682 674 32
433 432 32
483 88 32
174 373 32
87 26 32
349 268 32
207 212 32
436 256 32
405 573 32
323 403 32
339 144 32
198 660 32
670 306 31
389 358 31
674 665 31
130 731 31
761 665 31
250 255 31
386 255 31
714 588 31
463 434 31
614 394 31
692 761 31
102 316 31
761 407 31
373 569 31
315 362 31
24 171 31
61 224 31
480 479 31
486 76 31
389 669 31
7 438 31
689 447 31
529 703 31
611 712 31
222 451 31
40 463 30
692 322 30
164 2 30
556 640 30
333 282 30
73 95 30
346 9 30
712 749 30
53 504 30
300 57 30
624 528 30
280 552 30
579 2 30
276 271 30
425 112 30
494 782 30
58 258 30
693 449 30
791 714 30
89 578 30
176 457 30
373 565 30
671 768 30
778 497 30
25 496 30
542 149 30
489 154 30
762 689 29
183 368 29
3 564 29
445 33 29
483 562 29
624 61 29
195 417 29
725 419 29
615 409 29
178 160 29
89 484 29
788 20 29
85 287 29
355 464 29
624 741 29
147 113 29
502 585 29
286 627 29
623 345 29
146 64 29
467 731 29
201 536 29
450 47 29
257 433 29
214 110 29
35 356 29
548 400 29
674 654 28
522 726 28
67 552 28
454 620 28
465 314 28
183 762 28
674 75 28
662 608 28
372 33 28
84 703 28
461 641 28
551 570 28
550 685 28
525 242 28
32 345 28
485 524 28
367 505 28
128 326 28
231 691 28
169 749 28
409 488 28
503 606 28
470 551 28
340 659 28
573 445 28
315 794 28
574 793 28
301 753 28
714 19 28
362 57 28
641 484 28
528 401 28
325 301 28
746 338 27
47 229 27
533 16 27
744 703 27
587 498 27
326 158 27
66 784 27
152 8 27
340 597 27
334 621 27
681 63 27
366 233 27
719 544 27
361 294 27
340 300 27
277 427 27
711 130 27
680 183 27
66 304 27
432 716 27
369 793 27
268 671 27
483 200 27
25 432 27
281 77 27
182 113 27
337 291 26
434 711 26
524 20 26
353 328 26
302 4 26
177 665 26
474 206 26
395 221 26
477 560 26
315 87 26
558 656 26
130 718 26
142 634 26
422 334 26
313 239 26
342 198 26
13 721 26
138 328 26
411 235 26
388 475 26
451 731 26
121 73 26
215 623 26
516 435 26
53 526 26
236 730 26
691 30 26
133 768 26
475 556 26
446 220 26
380 40 26
272 438 26
1 583 26
617 156 25
650 620 25
130 160 25
283 755 25
35 401 25
248 690 25
220 257 25
660 536 25
303 343 25
88 533 25
575 104 25
778 702 25
695 711 25
311 148 25
110 715 25
696 263 25
570 371 25
212 567 25
260 413 25
613 698 25
698 558 25
795 77 25
168 426 25
299 3 25
159 796 25
573 562 25
91 353 25
313 507 25
750 122 25
363 232 25
770 247 25
720 686 24
220 606 24
216 6 24
443 338 24
178 237 24
166 336 24
282 763 24
738 148 24
298 300 24
730 300 24
307 492 24
328 458 24
238 702 24
287 399 24
285 430 24
435 365 24
377 696 24
198 43 24
204 263 24
200 77 24
41 629 24
436 54 24
705 661 24
717 396 24
605 80 24
217 161 24
36 121 24
115 794 24
699 24 24
312 344 23
292 337 23
300 69 23
263 690 23
521 689 23
376 751 23
10 377 23
80 128 23
165 328 23
98 70 23
338 105 23
345 247 23
145 349 23
484 25 23
297 492 23
15 739 23
86 694 23
739 705 23
409 196 23
274 221 23
765 762 23
214 88 23
59 791 23
185 75 23
629 410 23
709 102 23
611 331 23
70 4 23
488 530 23
48 599 23
506 632 23
283 515 23
66 168 23
215 432 23
124 321 23
755 647 22
402 297 22
531 646 22
326 408 22
130 574 22
295 150 22
760 52 22
755 489 22
538 315 22
791 545 22
541 636 22
711 111 22
375 342 22
352 60 22
252 495 22
314 482 22
480 738 22
710 657 22
688 78 22
622 285 22
768 39 22
679 345 22
248 111 22
481 252 22
463 310 22
408 631 22
227 704 22
617 577 22
424 547 22
197 353 22
258 700 22
359 160 22
63 331 22
506 480 22
623 89 22
476 43 22
561 241 22
606 619 22
149 709 22
253 53 22
672 345 22
192 426 22
336 749 22
547 381 22
111 584 21
32 781 21
496 610 21
524 261 21
144 53 21
428 80 21
111 162 21
432 462 21
721 320 21
384 275 21
689 442 21
186 749 21
338 699 21
633 205 21
445 585 21
796 18 21
449 469 21
673 203 21
260 600 21
453 618 21
183 534 21
331 278 21
21 255 21
711 523 21
177 254 21
354 688 21
594 707 21
617 188 21
798 53 21
317 26 21
294 717 21
212 100 21
218 158 21
182 268 21
630 270 20
692 146 20
532 668 20
458 695 20
516 177 20
48 76 20
693 598 20
597 618 20
658 565 20
631 695 20
731 377 20
643 711 20
174 218 20
466 33 20
752 458 20
145 712 20
195 760 20
98 753 20
42 661 20
363 227 20
107 122 20
686 321 20
301 57 20
80 127 20
136 466 20
645 631 20
19 235 19
627 399 19
433 158 19
231 75 19
73 285 19
178 617 19
59 131 19
649 696 19
254 328 19
495 535 19
522 416 19
462 629 19
391 729 19
575 694 19
485 591 19
369 791 19
454 776 19
503 509 19
435 77 19
125 22 19
273 728 19
131 478 19
794 62 19
589 504 19
538 308 19
37 45 19
466 684 19
625 249 19
539 417 19
302 522 19
241 467 18
2 238 18
78 642 18
332 86 18
94 296 18
280 367 18
721 297 18
650 163 18
233 752 18
270 57 18
608 232 18
728 39 18
67 305 18
643 479 18
329 130 18
25 584 18
708 426 18
201 385 18
449 312 18
659 145 18
521 644 18
362 223 18
257 43 18
29 199 18
543 751 18
29 3 18
86 585 18
402 70 18
99 174 18
5 105 18
467 120 18
64 391 17
82 363 17
326 234 17
243 405 17
513 704 17
163 311 17
79 746 17
331 621 17
77 596 17
183 533 17
346 365 17
523 683 17
473 541 17
444 789 17
363 515 17
702 602 17
607 16 17
97 647 17
239 734 16
690 758 16
287 268 16
63 361 16
60 539 16
149 267 16
270 284 16
744 312 16
456 314 16
196 250 16
91 277 16
752 231 16
164 132 16
673 215 16
126 296 16
322 591 16
193 784 15
466 622 15
762 371 15
645 267 15
370 75 15
725 565 15
248 494 15
68 686 15
44 342 15
482 599 15
195 384 15
563 440 15
307 760 15
338 264 15
167 275 15
314 281 15
266 182 15
178 277 15
475 709 15
646 387 15
292 281 15
462 375 15
25 327 15
36 86 15
617 362 15
408 748 15
355 44 15
421 664 14
483 459 14
498 717 14
488 212 14
340 692 14
497 15 14
303 166 14
619 597 14
169 781 14
358 205 14
532 363 14
775 350 14
97 73 14
74 141 14
454 167 14
378 699 14
722 172 14
588 250 14
285 248 14
616 534 14
622 413 14
765 313 14
180 35 14
646 311 14
254 371 14
215 137 14
249 599 14
740 341 14
224 77 14
133 766 14
42 269 13
460 454 13
20 38 13
304 216 13
6 192 13
789 64 13
686 487 13
259 8 13
792 791 13
178 265 13
45 150 13
710 556 13
206 308 13
564 521 13
753 689 13
351 229 13
282 485 13
682 668 13
546 722 13
367 407 13
233 494 13
595 172 13
395 206 13
343 154 13
731 689 13
620 502 13
328 206 13
114 265 13
232 81 12
519 699 12
282 731 12
176 730 12
417 788 12
187 403 12
496 688 12
370 278 12
59 225 12
50 664 12
573 293 12
636 242 12
0 546 12
766 745 12
30 605 12
789 645 12
45 81 12
692 116 12
108 421 12
746 171 12
417 140 12
726 164 12
401 780 12
27 13 12
180 287 12
465 795 12
61 118 12
506 166 12
646 290 12
700 644 12
283 19 12
83 633 11
80 792 11
682 229 11
393 373 11
607 680 11
244 144 11
182 437 11
726 200 11
460 490 11
178 765 11
7 556 11
228 506 11
149 169 11
198 772 11
571 149 11
162 515 11
347 406 11
105 723 11
220 137 11
700 335 11
177 349 11
245 46 11
58 365 11
307 265 11
35 12 11
744 61 11
75 150 11
493 75 11
736 456 11
211 99 11
276 549 11
607 123 11
795 451 10
789 539 10
695 336 10
490 139 10
670 645 10
498 702 10
19 282 10
780 316 10
102 410 10
168 80 10
165 243 10
283 306 10
707 186 10
337 209 10
669 147 10
172 55 10
230 454 10
476 277 10
698 194 10
764 548 10
130 604 10
675 111 10
715 701 10
162 719 10
780 671 10
682 22 10
329 391 10
58 141 10
424 783 10
198 16 9
75 20 9
294 273 9
599 688 9
338 774 9
36 670 9
477 386 9
635 227 9
20 365 9
39 60 9
349 340 9
362 171 9
469 450 9
275 631 9
653 529 9
381 399 9
117 786 9
191 105 9
78 172 9
251 794 9
103 566 9
721 100 9
548 545 9
233 688 9
202 772 9
792 692 9
161 232 9
229 730 9
485 469 9
585 219 9
485 590 9
30 643 9
334 644 8
731 129 8
633 137 8
341 349 8
170 792 8
110 343 8
86 481 8
677 446 8
157 191 8
469 536 8
447 285 8
787 792 8
66 75 8
107 729 8
388 761 8
421 201 8
354 279 8
118 696 8
287 464 8
332 607 8
361 220 8
422 11 8
107 89 8
399 708 8
716 732 8
761 569 8
799 347 8
658 403 8
97 599 7
727 36 7
686 328 7
160 389 7
370 330 7
776 362 7
785 200 7
23 567 7
282 401 7
683 243 7
317 736 7
1 391 7
144 19 7
237 14 7
138 206 7
619 574 7
580 782 7
694 40 7
201 362 7
206 413 7
562 474 7
47 584 6
395 678 6
540 451 6
116 62 6
582 316 6
545 709 6
434 731 6
147 434 6
685 317 6
138 254 6
255 741 6
293 495 6
332 384 6
571 718 6
743 122 6
52 3 6
350 617 6
742 640 6
400 428 6
307 586 6
4 773 6
509 656 5
430 624 5
502 1 5
563 116 5
664 150 5
588 587 5
143 237 5
770 283 5
376 536 5
742 395 5
181 326 5
584 148 5
653 452 5
282 24 5
359 356 5
443 34 5
64 359 5
82 711 5
171 694 5
48 538 5
630 223 5
478 327 5
394 0 5
639 652 5
78 511 4
128 560 4
352 594 4
640 787 4
774 318 4
719 621 4
606 498 4
512 427 4
128 431 4
268 709 4
90 13 4
560 722 4
116 452 4
356 628 4
607 375 4
356 309 4
465 236 4
453 198 4
368 623 4
769 738 4
230 578 4
280 82 4
136 683 4
640 420 4
655 455 4
509 485 4
87 218 4
495 726 4
616 8 4
637 520 4
498 639 3
742 670 3
19 155 3
626 639 3
38 595 3
229 220 3
291 201 3
419 330 3
687 388 3
689 126 3
635 489 3
485 676 3
563 504 3
494 441 3
512 516 3
649 547 3
175 683 3
530 664 3
529 692 3
67 785 3
384 413 3
257 316 3
330 392 3
618 558 3
503 530 3
162 694 3
595 427 3
337 125 3
264 200 3
639 686 2
86 181 2
550 719 2
582 76 2
677 555 2
666 402 2
167 510 2
21 331 2
304 482 2
26 503 2
473 755 2
58 194 2
342 634 2
747 455 2
199 682 2
76 20 2
417 624 2
161 604 2
646 133 2
614 686 2
526 644 2
116 92 2
202 671 2
58 541 2
512 248 2
204 423 2
733 169 2
774 446 2
489 143 2
534 779 2
382 121 2
269 606 2
347 219 2
734 648 2
223 483 2
665 704 2
6 163 2
342 407 1
275 543 1
68 32 1
231 697 1
524 231 1
795 476 1
654 238 1
358 170 1
614 282 1
311 35 1
715 301 1
540 368 1
643 134 1
788 459 1
575 272 1
658 671 1
77 4 1
84 327 1
30 194 1
791 42 1
264 262 1
671 794 1
711 263 1
557 342 1
258 564 1
481 627 1
233 657 1
188 205 1
692 361 1
589 53 1
176 411 1
664 335 1
658 536 1
135 497 1
