0 1704 97
0 732 91
1569 1192 83
449 1135 80
1339 813 78
718 1561 78
1232 62 78
1054 525 77
831 1918 77
893 415 77
804 1476 77
1382 542 76
1027 408 76
281 971 75
1385 1136 75
138 1792 75
1482 513 75
170 503 75
221 481 74
87 1049 74
1539 525 74
1499 721 74
62 636 74
446 83 74
1161 1178 73
831 1006 73
922 1946 73
488 369 73
464 1146 73
525 415 73
1579 59 73
1443 155 73
1618 130 73
1124 778 73
1037 1232 72
635 1166 72
1407 1314 71
6 1571 71
289 1789 71
401 809 71
1448 373 70
1347 989 70
1941 1995 70
843 853 69
481 1882 69
1583 334 69
1160 1924 69
871 262 69
663 1999 69
1627 437 69
413 1541 69
723 1844 69
1799 1124 68
1901 1643 68
78 690 68
977 285 68
1533 7 68
1830 1048 68
915 1839 68
1442 1537 68
846 1195 67
1915 1679 67
396 1029 67
1672 1114 66
847 515 66
1177 1446 66
312 1672 66
322 141 66
201 760 66
1407 1084 66
349 1576 66
681 1253 66
1929 1382 66
502 362 66
682 943 66
1842 905 66
1054 1170 66
1449 1805 66
831 956 66
876 1662 65
613 102 65
524 1837 65
1858 695 65
1023 1672 65
1340 897 65
145 259 65
328 481 65
996 569 65
1260 431 65
1811 1082 65
775 1534 65
319 1476 65
509 82 65
1176 707 64
705 251 64
687 1580 64
52 1227 64
545 247 64
827 672 64
164 1347 64
413 807 64
1961 1552 64
1989 1731 64
106 491 64
356 80 64
1588 1929 64
1938 378 64
862 1964 64
1698 1859 64
842 243 64
1843 1621 63
392 1991 63
581 956 63
1651 1179 63
1045 164 63
727 135 63
25 1485 63
1930 710 63
1004 707 63
508 1552 63
573 1965 63
965 1017 63
227 752 62
876 1903 62
574 256 62
264 1277 62
1052 1006 62
1775 542 62
1441 226 62
403 1310 62
462 154 62
1711 125 62
1543 1886 62
1075 99 62
485 1988 62
1381 746 62
223 645 62
355 1275 62
1198 369 62
309 108 62
187 622 61
701 411 61
1819 1027 61
102 1381 61
1878 1661 61
1159 1945 61
1335 916 61
113 509 61
155 110 61
881 1430 61
831 629 61
671 76 61
449 239 61
174 66 61
285 1462 61
247 1170 61
390 1379 61
1520 178 60
575 1322 60
1810 82 60
711 390 60
1485 1261 60
862 1566 60
433 32 60
1451 344 60
831 1147 60
1868 1855 60
1617 1400 60
561 1381 60
758 247 60
1300 1263 60
1450 791 60
203 1161 60
285 727 60
1774 182 60
1335 1491 60
1691 765 60
1277 1494 60
865 1583 60
1978 797 60
807 1423 60
398 960 60
933 1684 60
641 541 60
1289 1458 60
607 1507 60
1067 989 60
1949 1135 60
246 836 60
1145 1665 60
54 854 59
1589 531 59
1428 846 59
58 1743 59
1035 944 59
932 264 59
916 578 59
1943 112 59
1895 1431 59
314 1614 59
456 1287 59
1685 888 59
1042 1209 59
1882 1332 59
1462 586 59
1494 967 59
587 755 59
1546 1526 59
802 1470 59
883 322 59
1029 819 59
1720 549 59
864 391 59
1519 883 59
324 202 59
868 1503 59
482 962 59
1323 697 59
475 298 59
9 755 59
350 1383 59
485 1795 59
870 513 58
494 247 58
16 363 58
465 1247 58
1017 247 58
1458 502 58
1947 1357 58
1206 29 58
1499 1018 58
640 1561 58
249 1963 58
346 211 58
1010 1146 58
111 17 58
896 706 58
677 1581 58
211 1130 58
866 64 58
624 208 58
1667 1041 58
38 924 58
873 837 58
879 607 58
1682 439 58
1799 1463 58
224 167 58
1752 1994 58
598 1526 58
1618 1925 58
351 812 58
781 1385 58
1407 347 58
1353 313 58
876 991 58
882 767 58
1901 898 58
1777 1601 58
1538 560 58
194 1221 58
1347 1724 58
1584 13 58
424 1016 58
1408 1365 58
982 1671 57
601 1921 57
528 941 57
1449 60 57
655 1607 57
595 293 57
1659 718 57
79 938 57
531 654 57
282 912 57
487 1155 57
1116 1649 57
354 565 57
1548 73 57
1056 628 57
185 873 57
1695 1173 57
756 1948 57
44 1965 57
864 1410 57
1598 1493 57
1183 1664 57
766 429 57
134 1383 57
1515 1908 57
126 262 57
1188 1872 57
779 847 57
1866 1805 57
53 1280 57
515 1095 57
1379 666 57
988 1279 57
268 461 57
1798 6 57
1856 643 57
1407 1206 57
919 1773 57
1017 1111 57
376 1076 57
501 929 57
1711 1617 57
535 1918 57
1269 1774 57
1606 1738 57
1223 264 57
1141 1477 57
174 1683 57
110 423 56
793 410 56
1802 781 56
117 675 56
1358 1386 56
268 515 56
424 241 56
150 1845 56
267 389 56
1700 860 56
1889 1674 56
255 476 56
660 370 56
356 285 56
1362 558 56
1665 532 56
153 1368 56
239 410 56
735 823 56
1037 1190 56
710 485 56
821 1786 56
1124 703 56
839 1283 56
791 193 56
1172 232 56
1038 728 56
400 153 56
1432 761 56
330 1638 56
57 914 56
1675 788 56
1264 1317 56
0 901 56
1448 721 56
300 15 56
1049 1819 56
1206 963 56
1924 71 56
777 1552 56
639 1458 56
1821 1681 56
748 1074 56
231 181 56
1034 963 56
876 680 55
331 984 55
1950 1259 55
66 522 55
796 1553 55
1479 1831 55
1429 1688 55
418 1491 55
1179 1914 55
1110 423 55
1992 1865 55
1728 97 55
623 547 55
786 1088 55
486 488 55
1684 1587 55
1390 1417 55
1114 1748 55
1583 1634 55
170 1764 55
1411 1816 55
1239 1827 55
1670 285 55
1110 399 55
1997 1656 55
89 606 55
485 1985 55
1468 1670 55
934 1652 55
1549 873 55
1998 60 55
1456 1008 55
179 257 55
836 10 55
665 1649 55
359 1198 55
1805 978 55
991 964 55
1003 1653 55
581 1521 55
928 1136 55
999 1595 55
1227 1494 55
1213 126 55
1499 1107 55
19 1124 55
324 715 55
1240 1383 55
1925 58 55
56 334 55
1036 1199 55
930 1344 54
922 995 54
746 1613 54
403 1172 54
1055 796 54
607 1931 54
1831 1611 54
1683 613 54
842 1227 54
309 1890 54
361 924 54
1186 171 54
1866 1466 54
1468 1413 54
1898 1731 54
278 565 54
1984 1311 54
1343 51 54
846 973 54
1522 555 54
1524 1257 54
1124 622 54
1990 254 54
1870 726 54
1141 1383 54
723 310 54
688 627 54
1543 1088 54
1781 943 54
956 1242 54
61 211 54
325 761 54
168 1060 54
437 216 54
59 1358 54
60 942 54
1003 612 54
432 563 53
1647 1177 53
1274 1240 53
1213 797 53
293 327 53
786 483 53
576 179 53
993 243 53
495 1135 53
194 109 53
29 835 53
1442 1147 53
806 383 53
138 1797 53
1967 1693 53
1850 1604 53
1067 1503 53
51 1118 53
1437 1583 53
416 624 53
1744 1812 53
842 167 53
1911 1506 53
1255 1949 53
531 843 53
489 896 53
694 604 53
1216 1461 53
221 1725 53
151 1236 53
696 1982 53
1893 476 53
1826 968 53
545 1331 53
1276 1543 53
871 517 53
369 1919 53
235 333 53
117 136 53
1629 257 53
20 1440 53
1415 31 53
1410 612 53
107 291 53
1039 1953 53
159 1365 53
1831 73 53
1550 631 53
41 792 53
117 268 53
1187 653 53
311 233 53
1950 1695 53
195 461 53
167 1879 53
1291 1509 53
1969 1362 53
1663 1497 53
1361 997 53
348 916 53
1602 1905 53
1217 1010 53
1634 880 53
1605 848 53
941 1683 52
1568 1139 52
1313 137 52
606 759 52
167 940 52
268 1526 52
980 1673 52
790 547 52
763 1126 52
918 1646 52
1080 1832 52
1960 873 52
316 1500 52
0 1176 52
798 179 52
293 975 52
1072 1362 52
1777 927 52
1578 1138 52
1233 370 52
695 283 52
342 1567 52
1827 915 52
1414 1784 52
266 557 52
397 1424 52
1500 52 52
353 1244 52
956 644 52
1371 488 52
1693 938 52
1332 497 52
283 1672 52
1368 805 52
359 1011 52
602 350 52
1936 1500 52
1952 436 52
1499 820 52
71 1086 52
1542 790 52
1453 752 52
1138 1648 52
1228 153 52
651 700 52
960 980 52
788 380 52
1365 1939 52
1064 887 52
1620 1595 52
671 549 52
791 1265 52
1784 542 52
1498 1583 52
236 1426 52
922 1524 52
769 1444 51
1316 1918 51
934 1350 51
1284 607 51
1030 462 51
1723 33 51
1728 136 51
756 498 51
1108 642 51
850 1108 51
986 1169 51
224 578 51
1561 1383 51
1962 756 51
1523 1356 51
497 1927 51
1075 1207 51
734 306 51
92 1848 51
85 518 51
654 1613 51
1638 1891 51
1999 1153 51
1579 1646 51
1925 1788 51
821 1923 51
765 785 51
1938 685 51
1757 588 51
1019 1643 51
962 632 51
654 204 51
165 1740 51
366 1355 51
250 1295 51
103 115 51
243 1630 51
382 1944 51
1726 766 51
1520 424 51
1303 1474 51
1031 1577 51
884 1531 51
1632 1668 51
932 463 51
481 706 51
571 1 51
668 942 51
781 83 51
1568 1133 51
855 1850 51
996 26 51
771 386 51
819 555 51
93 1998 51
266 694 51
561 1280 51
360 1316 51
789 663 51
1798 1421 50
1504 105 50
211 732 50
1972 953 50
1100 839 50
1009 1015 50
139 1633 50
45 1572 50
312 365 50
1004 241 50
98 664 50
1577 1938 50
955 1647 50
681 397 50
631 1010 50
1397 1024 50
450 1116 50
1151 1951 50
19 1661 50
1756 1252 50
1704 420 50
514 1608 50
1003 594 50
363 875 50
1287 1490 50
768 1118 50
873 57 50
960 1336 50
1422 389 50
311 1695 50
16 1993 50
948 863 50
314 892 50
129 1724 50
1784 1230 50
684 953 50
897 820 50
430 630 50
943 789 50
780 1757 50
990 726 50
1219 1092 50
967 67 50
1123 1635 50
620 783 50
843 829 50
843 1544 50
196 467 50
781 1178 50
127 1687 50
1119 1290 50
1559 63 50
1372 219 50
1687 1252 50
775 746 50
76 924 50
1056 1286 50
1642 153 50
635 1514 50
998 924 50
1242 1619 50
85 64 50
1367 429 50
364 454 50
864 1796 50
1 1131 50
1747 529 50
1906 1091 50
373 1702 50
1831 693 50
879 334 50
1581 1213 50
273 654 50
617 1741 50
1083 1623 50
1285 669 50
148 1979 50
1267 1282 50
1046 123 50
692 758 50
1167 1968 50
1619 996 50
174 1340 50
854 1025 50
1983 1914 50
1689 1808 49
496 1164 49
1384 69 49
1283 1504 49
405 1266 49
1465 219 49
922 920 49
1677 365 49
1555 690 49
1485 1177 49
782 221 49
1659 481 49
1828 838 49
1363 1679 49
1049 1015 49
1458 1702 49
983 616 49
497 1523 49
1378 931 49
1318 646 49
1506 218 49
44 558 49
1753 1343 49
274 1865 49
1271 1675 49
202 456 49
266 1398 49
1147 1878 49
210 974 49
144 1205 49
1501 87 49
1505 924 49
1166 825 49
1809 1497 49
280 950 49
1410 1796 49
68 441 49
1173 534 49
1554 1151 49
164 872 49
1415 170 49
493 1138 49
1056 1657 49
540 1569 49
1032 642 49
1833 1167 49
1475 1667 49
283 576 49
1644 1792 49
930 793 49
115 46 49
634 1238 49
1262 1544 49
1614 963 49
696 429 49
1923 956 49
402 1307 49
1709 366 49
536 1908 49
1022 786 49
561 840 49
1722 1500 49
1147 690 49
519 1478 49
1525 1601 49
1262 822 49
1819 818 49
1207 1057 49
815 712 49
927 1291 49
1437 1750 49
46 414 49
1489 69 49
416 510 49
818 606 49
259 969 49
1397 317 49
1427 1313 49
324 245 49
1583 1081 49
1275 1520 48
1744 1600 48
1645 1410 48
109 1185 48
892 1663 48
352 692 48
574 1712 48
1951 257 48
325 1271 48
1223 84 48
46 1550 48
1833 349 48
1710 933 48
548 1904 48
745 501 48
1283 706 48
460 173 48
918 1497 48
372 1762 48
82 1436 48
23 1716 48
1442 87 48
320 615 48
1540 224 48
998 552 48
1502 30 48
275 618 48
158 1668 48
396 167 48
1500 1018 48
127 1712 48
21 337 48
1952 274 48
1604 1947 48
975 938 48
1020 499 48
1206 1414 48
442 1458 48
197 1716 48
1786 1103 48
1067 1039 48
172 439 48
986 1511 48
1512 561 48
842 1854 48
916 896 48
170 1487 48
80 953 48
1426 1390 48
222 1716 48
993 1045 48
1519 607 48
226 1356 48
1627 315 48
1114 1659 48
1286 465 48
1262 708 48
1706 1551 48
1987 154 48
1577 551 48
1093 1817 48
1826 1839 48
405 328 48
200 1975 48
508 367 48
938 1005 48
267 1217 48
976 911 48
201 878 48
1886 1976 48
1670 1436 48
454 370 48
1544 186 47
982 26 47
270 898 47
1502 1088 47
1059 1795 47
1521 185 47
1943 1168 47
668 883 47
141 996 47
733 747 47
715 1745 47
140 316 47
89 1203 47
1061 1400 47
63 1922 47
871 516 47
1143 1014 47
691 413 47
1402 1367 47
719 1196 47
50 184 47
643 736 47
1034 1985 47
1164 1519 47
1529 123 47
1383 894 47
271 1846 47
1633 1151 47
847 37 47
790 1329 47
1289 1470 47
1440 461 47
922 400 47
878 1055 47
1828 1906 47
1402 1987 47
1647 1582 47
1583 1956 47
1876 757 47
980 1961 47
1814 988 47
84 90 47
262 1118 47
1456 1290 47
1472 289 47
223 1221 47
1436 741 47
105 1255 47
1547 1240 47
1056 1645 47
117 666 47
1323 1770 47
784 1503 47
232 1238 47
207 192 47
720 739 47
118 386 47
318 1385 47
1818 194 47
450 1199 47
1896 830 47
1453 1993 47
842 1168 47
976 488 47
1568 1858 47
1279 1071 47
1729 679 47
251 1694 47
1247 1004 47
1200 1496 47
1594 1024 47
1875 1305 47
1612 1613 47
1488 290 46
1746 984 46
1746 807 46
29 448 46
681 1449 46
1263 408 46
869 1224 46
1909 65 46
893 1265 46
999 671 46
386 1389 46
528 1210 46
1144 1502 46
288 1644 46
659 1830 46
167 458 46
1747 1600 46
881 692 46
942 1448 46
1249 1013 46
906 717 46
52 450 46
1249 1193 46
1450 1609 46
637 702 46
1044 1987 46
1165 955 46
833 7 46
1497 550 46
889 258 46
41 1300 46
846 1450 46
1033 1115 46
784 599 46
972 734 46
1898 150 46
661 1979 46
544 804 46
1331 1637 46
556 668 46
1932 994 46
1057 1178 46
71 1373 46
497 601 46
939 1531 46
1007 1931 46
1552 1041 46
696 667 46
1352 1198 46
204 522 46
1630 565 46
1568 643 46
44 1999 46
637 1209 46
241 1722 46
771 1648 46
841 477 46
889 1140 46
74 454 46
308 938 46
39 1315 46
1492 39 46
876 700 46
1865 136 46
1206 780 46
1982 1512 46
434 1558 46
950 546 46
1513 1575 46
1557 1052 46
1025 1282 46
881 1129 46
751 269 46
739 1682 46
1161 1400 46
533 1597 46
1913 596 46
270 841 46
313 125 46
751 1216 46
1574 117 46
1304 138 46
1075 141 46
1297 1753 46
1308 1918 46
140 75 45
301 1838 45
1871 1338 45
1539 209 45
1293 970 45
1559 1657 45
977 391 45
1977 1391 45
1753 982 45
573 281 45
384 1904 45
1 1231 45
370 63 45
1001 50 45
940 86 45
674 1736 45
1058 870 45
1844 1431 45
1735 1771 45
1421 1323 45
1507 1639 45
20 450 45
1666 1810 45
1514 800 45
1143 871 45
1366 1262 45
1663 423 45
3 1696 45
1602 915 45
1398 1554 45
1923 1836 45
1074 574 45
130 837 45
1241 1721 45
755 664 45
1323 18 45
1974 817 45
298 798 45
731 758 45
255 1430 45
1729 1238 45
1022 1934 45
1366 806 45
1971 1623 45
1624 1090 45
38 1829 45
869 1762 45
1282 1630 45
302 1847 45
780 405 45
827 1381 45
98 1139 45
349 1932 45
440 1780 45
540 76 45
1278 1691 45
14 1572 45
721 1241 45
932 1971 45
390 1589 45
1607 1733 45
1248 763 45
1095 307 45
359 1173 45
1173 1881 45
1602 1695 45
914 1030 45
1646 1078 45
332 104 45
125 607 45
1038 1334 45
357 503 45
775 259 45
1269 7 45
400 594 45
1311 396 45
1003 471 45
559 1981 45
1349 46 45
1041 1036 45
517 768 45
166 1727 45
513 35 45
225 182 45
270 940 45
835 1949 45
689 1779 45
903 807 45
986 1653 45
47 1475 45
614 934 45
1878 1984 45
901 1554 45
567 1 45
668 1863 45
1077 70 45
1713 1382 45
677 334 45
886 1116 45
263 1634 45
195 808 45
1967 1739 45
1675 472 44
252 1077 44
338 1233 44
1436 65 44
602 387 44
90 959 44
782 833 44
128 1975 44
941 425 44
1410 71 44
567 1304 44
1210 1850 44
261 1685 44
1112 358 44
365 1210 44
582 684 44
1604 797 44
1069 116 44
1089 1626 44
997 251 44
1493 74 44
783 1611 44
26 792 44
1009 92 44
464 214 44
1034 390 44
38 1270 44
755 290 44
1571 691 44
741 912 44
798 122 44
1006 1532 44
695 919 44
868 1083 44
1136 849 44
1412 766 44
1752 1102 44
1113 176 44
170 390 44
1675 721 44
369 1667 44
53 1202 44
1950 924 44
864 161 44
1284 580 44
190 779 44
1954 515 44
1705 436 44
1630 1548 44
457 160 44
777 371 44
559 1985 44
399 97 44
1391 1221 44
950 1034 44
497 1736 44
380 1787 44
332 1993 44
418 902 44
1180 1721 44
89 472 44
1043 706 44
1122 1813 44
971 1359 44
1091 506 44
1892 652 44
1606 27 44
276 1225 44
439 277 44
1277 665 44
835 1359 44
1767 1747 44
1744 1290 44
1814 1808 44
1832 1389 44
913 1515 44
1457 1616 44
1761 864 44
513 1129 44
73 1506 44
274 1499 44
530 1346 44
989 17 44
1346 335 44
708 1731 44
1367 444 44
398 88 44
1652 183 44
849 260 44
1787 1779 44
1933 951 44
551 1192 44
786 92 44
1253 1109 44
1024 44 44
1056 1960 44
1721 701 44
619 672 44
1492 858 44
1464 598 44
603 1522 44
1215 1573 44
560 608 44
1194 155 44
1645 1353 43
1651 1692 43
278 1067 43
529 1629 43
1648 550 43
50 684 43
615 1995 43
895 992 43
749 375 43
1726 31 43
1993 1609 43
1390 77 43
72 405 43
1515 892 43
1648 1410 43
1003 145 43
552 1544 43
1589 1826 43
211 841 43
145 1041 43
536 425 43
1417 1745 43
541 837 43
49 1856 43
921 1001 43
1555 1729 43
664 1717 43
1978 1203 43
349 1411 43
1412 332 43
935 4 43
1583 1791 43
711 1994 43
710 614 43
1605 1888 43
1179 1324 43
631 1139 43
1446 191 43
1113 248 43
838 1496 43
1920 1730 43
1526 1348 43
1773 1909 43
656 140 43
74 1000 43
243 358 43
465 1858 43
32 744 43
478 712 43
1078 158 43
87 469 43
1139 1894 43
720 995 43
63 595 43
1142 78 43
1220 882 43
115 399 43
963 1858 43
1211 39 43
1782 1376 43
1774 1112 43
1119 952 43
875 1538 43
192 1930 43
1756 1582 43
1246 292 43
1961 1071 43
1643 556 43
1951 781 43
1780 725 43
1201 1819 43
1310 227 43
1012 1451 43
455 736 43
170 1862 43
825 616 43
1719 276 43
1254 1014 43
199 1968 43
1107 1472 43
1197 1058 43
453 104 43
466 1774 43
307 1809 43
1807 814 43
939 1510 43
1621 1667 43
224 521 43
1091 1082 43
696 1688 43
1493 1766 43
1599 1753 43
1317 1077 43
57 646 43
1994 67 43
1210 1678 43
566 1481 43
257 1696 42
716 100 42
1517 72 42
783 1655 42
264 1202 42
710 608 42
120 971 42
1368 1863 42
1021 1536 42
1582 426 42
278 727 42
897 1074 42
1266 1654 42
37 858 42
1454 1530 42
1739 733 42
998 1551 42
706 1785 42
1670 814 42
390 997 42
1587 1709 42
74 1179 42
383 1490 42
469 931 42
204 1908 42
1191 773 42
1404 339 42
1264 696 42
1982 1401 42
1322 1245 42
1539 895 42
559 682 42
730 264 42
7 204 42
1556 1040 42
347 226 42
711 840 42
543 1203 42
404 264 42
1814 210 42
1493 506 42
865 1838 42
138 374 42
1737 1704 42
1089 1585 42
1566 7 42
1049 359 42
1751 687 42
814 425 42
1137 1178 42
693 1617 42
863 948 42
1583 1352 42
186 1647 42
1269 1428 42
1588 1116 42
1782 270 42
1474 1087 42
1610 1515 42
1927 370 42
326 59 42
39 1070 42
883 1561 42
1342 1399 42
1726 125 42
869 388 42
595 1199 42
379 649 42
1788 734 42
365 115 42
1378 1827 42
1720 1769 42
312 428 42
103 1162 42
1922 816 42
1289 924 42
1995 145 42
311 178 42
908 353 42
693 1074 42
474 1023 42
1647 177 42
1963 886 42
1677 184 42
300 1464 42
1439 104 42
1957 1941 42
505 728 42
1107 492 42
1828 1996 42
419 1937 42
257 183 42
970 804 42
1786 344 41
1782 1926 41
608 1813 41
1013 1300 41
1253 1961 41
715 1732 41
921 88 41
1373 1716 41
142 941 41
1314 1971 41
1715 1151 41
153 394 41
1466 354 41
1525 643 41
413 884 41
1808 1053 41
1726 86 41
339 1478 41
1182 594 41
1019 1665 41
1868 1562 41
555 1334 41
1613 988 41
1572 1848 41
490 371 41
29 276 41
1537 611 41
781 648 41
1913 1584 41
921 568 41
233 281 41
474 586 41
1192 1271 41
1468 1539 41
1890 117 41
284 1259 41
1196 213 41
656 1458 41
1395 1262 41
1513 1858 41
1192 213 41
669 1886 41
105 131 41
1839 479 41
1557 302 41
1964 86 41
1868 1653 41
766 528 41
1519 535 41
335 428 41
1397 873 41
1214 1185 41
13 136 41
432 891 41
952 1024 41
201 732 41
1814 173 41
130 193 41
107 1308 41
976 1522 41
1703 1792 41
478 1073 41
1157 1947 41
332 410 41
1200 843 41
820 327 41
598 821 41
1555 1742 41
989 1420 41
198 40 41
767 1073 41
373 401 41
1395 460 41
1636 965 41
1071 1689 41
739 267 41
735 1080 41
1479 363 41
1493 360 41
556 1841 41
399 60 41
1094 1153 41
909 1467 41
307 555 41
673 842 41
1006 48 41
1583 1061 41
1645 105 41
1349 602 41
783 1769 40
122 1533 40
1108 825 40
596 1406 40
337 977 40
1893 1871 40
1024 1086 40
618 581 40
95 881 40
28 226 40
1067 1199 40
735 831 40
705 392 40
714 923 40
1565 755 40
1217 1839 40
1637 60 40
1064 1514 40
1376 150 40
513 435 40
998 892 40
139 1353 40
1676 673 40
47 196 40
733 51 40
507 1612 40
1229 774 40
1183 216 40
181 106 40
1474 189 40
1902 1389 40
616 578 40
535 1103 40
1832 1838 40
1981 787 40
172 77 40
1503 903 40
886 1193 40
37 1213 40
1606 6 40
1535 734 40
4 707 40
6 658 40
142 1713 40
1641 630 40
1973 120 40
593 66 40
1531 1688 40
89 659 40
503 1460 40
281 1407 40
870 1985 40
1934 195 40
533 981 40
695 233 40
722 1529 40
1582 363 40
1018 373 40
1855 1733 40
1104 1036 40
4 815 40
481 872 40
740 110 40
264 591 40
228 1665 40
1283 824 40
8 1635 40
1084 199 40
1839 18 40
1500 1818 40
562 1993 40
1630 25 40
203 212 40
481 1545 40
747 1726 40
216 1707 40
1982 969 40
627 535 40
1480 1282 40
786 1564 40
1471 1608 40
720 1193 40
722 1989 40
1956 1606 40
589 1734 40
405 5 40
181 508 40
390 1514 40
897 1766 39
1621 590 39
1089 642 39
1443 804 39
836 1673 39
1998 776 39
535 1507 39
88 1578 39
676 914 39
718 1043 39
1020 1545 39
1850 15 39
113 1026 39
1407 1813 39
963 1893 39
961 1641 39
857 1903 39
999 822 39
1809 242 39
1077 1208 39
1402 1846 39
1355 769 39
538 1370 39
933 626 39
636 214 39
468 518 39
1575 618 39
18 1290 39
1068 896 39
97 1300 39
779 529 39
596 759 39
776 560 39
1060 1198 39
391 507 39
182 962 39
1190 1412 39
1080 432 39
1060 516 39
1340 180 39
494 1110 39
986 116 39
1096 1366 39
893 1601 39
250 1249 39
371 1686 39
1322 203 39
220 689 39
1302 1613 39
1121 296 39
1797 1043 39
1824 332 39
866 1646 39
918 740 39
1943 1171 39
719 1354 39
1382 405 39
1164 1086 39
1055 1276 39
1090 377 39
684 1689 39
1179 1951 39
170 1933 39
1050 382 39
1259 584 39
965 678 39
1909 1136 39
1528 1260 39
90 1762 39
1188 750 39
913 16 39
1939 80 39
1358 13 39
749 1250 39
1495 167 39
1188 1224 39
286 1884 39
189 1002 39
1450 1511 39
159 1643 39
1672 1886 39
1211 1660 39
925 1681 39
1739 1049 39
1231 1907 39
700 401 39
693 1457 39
1525 703 39
1862 845 39
532 224 39
1977 471 39
880 1975 39
1562 1275 39
903 638 39
1955 1507 39
1617 1950 39
916 1889 39
930 1758 39
1095 215 38
366 1396 38
200 853 38
1564 269 38
1612 1642 38
1156 1 38
714 1898 38
1702 425 38
745 1831 38
864 924 38
348 1006 38
176 1128 38
794 445 38
1865 413 38
1536 574 38
920 116 38
314 1189 38
1650 1090 38
1696 155 38
1082 1743 38
57 985 38
648 117 38
343 1507 38
753 1358 38
171 780 38
137 1340 38
559 226 38
1350 1989 38
1688 1358 38
108 980 38
647 1791 38
1604 1480 38
1976 913 38
813 1150 38
1044 1818 38
987 480 38
242 612 38
947 1625 38
1607 1167 38
766 1518 38
1244 618 38
1809 1426 38
932 1578 38
318 438 38
486 1778 38
43 777 38
1442 289 38
1950 1759 38
83 1971 38
1356 1545 38
396 560 38
1417 1530 38
286 152 38
1569 1190 38
1965 1194 38
318 310 38
1612 680 38
373 410 38
734 1697 38
350 506 38
583 1509 38
1793 404 38
1595 1174 38
1821 1656 38
1479 615 38
1258 1489 38
509 1945 38
1531 629 38
874 1406 38
630 924 38
148 1055 38
693 976 38
672 1315 38
1395 921 38
1134 752 38
357 212 38
127 1648 38
206 1438 38
1749 960 38
1372 1453 38
28 1761 38
507 1935 38
292 1612 38
226 1925 38
826 584 38
864 325 38
753 1118 38
1266 1570 38
579 1200 38
1207 1823 38
61 1829 38
237 1263 38
1459 1970 38
580 389 38
941 480 38
1483 25 38
1476 1935 38
671 135 37
318 711 37
595 1343 37
1679 1934 37
357 545 37
688 469 37
934 763 37
405 1257 37
1689 1171 37
1894 995 37
1279 845 37
1658 507 37
1080 617 37
1685 953 37
651 243 37
824 1932 37
1575 1697 37
83 547 37
139 1618 37
727 1967 37
574 1285 37
64 1291 37
1416 1988 37
846 1386 37
546 388 37
1529 1808 37
1899 774 37
1544 433 37
596 321 37
668 811 37
959 1261 37
445 532 37
848 1700 37
1455 743 37
639 960 37
432 233 37
320 476 37
1859 1 37
1286 1597 37
550 1760 37
1677 1081 37
1810 381 37
764 1952 37
1340 99 37
784 824 37
1126 926 37
522 684 37
185 981 37
1922 1741 37
609 397 37
1861 1951 37
683 474 37
486 802 37
155 292 37
695 1534 37
600 122 37
1846 1962 37
153 1091 37
1529 1580 37
981 17 37
1372 981 37
1003 1457 37
324 1293 37
98 1654 37
1502 1280 37
729 494 37
240 130 37
735 1122 37
1914 1628 37
0 1667 37
888 488 37
113 362 37
1603 1969 37
632 143 37
1039 82 37
53 1812 37
1632 1144 37
1362 505 37
79 1069 37
972 742 37
416 72 37
532 749 37
795 673 37
1843 1777 37
883 29 37
623 122 37
1674 928 37
139 823 37
1510 564 37
683 1748 37
658 1518 37
869 1639 36
35 1731 36
1256 1971 36
477 741 36
1456 511 36
1011 1074 36
940 1114 36
1664 1846 36
1496 642 36
656 1785 36
1585 981 36
50 1556 36
164 1196 36
866 80 36
1795 371 36
1287 1927 36
1211 1678 36
429 1384 36
794 457 36
577 755 36
369 1015 36
1686 65 36
197 1610 36
221 1514 36
77 1281 36
829 284 36
579 302 36
456 808 36
1310 28 36
1090 156 36
370 942 36
344 1945 36
1129 1271 36
376 1291 36
1388 885 36
393 1233 36
1103 1546 36
1436 1682 36
1650 1551 36
207 1281 36
1424 375 36
1625 296 36
1081 780 36
61 1944 36
1619 312 36
11 1577 36
26 1848 36
1655 440 36
939 474 36
1350 431 36
1730 291 36
1262 1876 36
1815 1124 36
1153 339 36
1921 1595 36
1815 1696 36
541 1577 36
1146 1802 36
1028 244 36
1958 1936 36
1355 1259 36
563 261 36
332 621 36
995 846 36
1899 304 36
313 6 36
154 182 36
48 1431 36
260 1467 36
1121 836 36
139 1492 36
1509 1433 36
1932 1788 36
973 481 36
1061 849 36
1253 605 36
820 544 36
1583 1248 36
631 776 36
1178 57 36
39 1951 36
311 1517 36
442 385 36
46 506 36
1506 503 36
814 278 36
387 1666 36
1045 1116 36
269 230 36
1133 824 36
889 1728 36
1998 857 36
1 685 36
1850 1732 36
1573 626 36
1824 895 36
1621 416 36
1560 779 36
1454 163 36
366 1827 36
853 1807 36
2 394 36
845 1276 36
1623 1144 35
1831 303 35
1894 1928 35
1635 170 35
285 1915 35
868 1826 35
1492 1675 35
73 1692 35
1262 1362 35
1235 1145 35
1627 251 35
1734 1785 35
1846 1616 35
1204 1946 35
1079 252 35
1725 1859 35
940 1822 35
1121 66 35
496 911 35
691 854 35
1042 788 35
805 937 35
1444 879 35
1897 1901 35
1187 661 35
50 515 35
1696 1468 35
1693 1511 35
318 664 35
1061 1270 35
1579 897 35
1981 379 35
1330 877 35
784 1124 35
731 856 35
360 766 35
1987 540 35
1273 281 35
446 1157 35
264 646 35
138 561 35
556 1359 35
695 565 35
662 358 35
329 4 35
208 568 35
785 1778 35
196 769 35
1000 11 35
1944 1263 35
1025 998 35
1167 1517 35
537 605 35
198 1637 35
48 519 35
574 1586 35
1881 661 35
1082 1210 35
1695 1874 35
1225 1571 35
823 1466 35
1893 193 35
1150 459 35
542 1362 35
1700 330 35
63 1341 35
1608 488 35
640 379 35
1572 1248 35
1896 1245 35
537 315 35
1425 925 35
1195 1870 35
55 8 35
885 1458 35
330 1525 35
1420 1775 35
1934 1940 35
534 1329 35
751 1504 35
763 435 35
1443 1812 35
882 556 35
1876 1914 35
727 1900 35
1724 309 35
80 687 35
1484 1570 35
1145 1588 35
1235 1692 35
1086 1275 35
1534 1738 35
1628 417 35
704 162 35
1808 1447 35
620 331 35
774 30 35
650 1610 34
1882 1410 34
88 946 34
831 1866 34
610 1476 34
643 1835 34
490 492 34
895 572 34
725 608 34
670 274 34
751 244 34
452 719 34
982 1203 34
1544 682 34
1148 534 34
1677 1971 34
274 89 34
1999 450 34
1988 378 34
1542 1610 34
1274 1654 34
903 799 34
175 770 34
743 1278 34
978 959 34
1568 853 34
1671 1484 34
1390 1084 34
500 1767 34
1673 729 34
1423 1881 34
1477 1695 34
976 251 34
1566 1530 34
608 485 34
1452 461 34
1006 932 34
1052 519 34
534 1220 34
418 1214 34
1370 1410 34
788 1248 34
416 1824 34
192 1582 34
1194 1320 34
1099 1705 34
1671 1041 34
1260 688 34
207 871 34
1520 1482 34
2 1199 34
1599 1662 34
433 860 34
861 1564 34
1750 989 34
1562 1371 34
1641 1361 34
546 1646 34
517 428 34
817 406 34
1585 1378 34
1844 468 34
474 651 34
341 1866 34
1895 866 34
122 1755 34
1285 1288 34
126 1848 34
1175 1967 34
500 1254 34
429 954 34
528 710 34
1349 596 34
658 734 34
1852 263 34
317 1566 34
125 861 34
319 362 34
1136 1998 34
1540 1050 34
1005 948 34
558 313 34
82 1124 34
1688 125 34
983 1631 34
1086 600 34
484 1352 34
1410 616 34
238 788 34
368 1135 34
1095 1711 34
206 513 34
644 218 34
123 1516 34
1301 1352 34
975 1659 34
1625 1995 34
420 1390 34
1564 409 34
93 1443 34
62 1524 34
979 968 34
1154 822 34
1195 1719 34
1056 1284 34
712 270 34
585 524 34
1235 741 34
1789 1866 34
735 959 34
843 1334 34
1522 148 34
1488 1502 34
458 1778 34
1486 171 34
949 523 34
1085 1744 34
1691 1988 34
738 1170 34
1884 1982 34
1119 1168 34
744 1744 34
1599 779 34
838 1834 34
589 385 34
1913 1348 34
1996 1715 34
618 657 34
1643 918 34
950 1367 34
411 927 34
1634 439 34
1417 615 34
1873 1472 34
1998 601 33
910 372 33
372 232 33
741 1690 33
156 195 33
1375 1103 33
1230 1038 33
402 121 33
1962 1774 33
976 29 33
237 1917 33
475 343 33
1644 508 33
214 605 33
1195 1101 33
636 1596 33
1256 1929 33
1415 1545 33
1161 801 33
1064 265 33
1990 1792 33
329 1126 33
1194 963 33
1672 718 33
411 1900 33
1383 1141 33
558 1404 33
1008 1458 33
766 884 33
1910 425 33
999 182 33
701 90 33
1125 40 33
1012 885 33
1966 933 33
601 1192 33
459 845 33
150 1541 33
282 1394 33
325 1937 33
644 347 33
220 912 33
1187 858 33
1280 396 33
1048 674 33
435 836 33
209 1673 33
43 1849 33
1405 1344 33
205 619 33
1121 431 33
331 258 33
1127 1392 33
1325 1239 33
1724 118 33
96 691 33
1087 1076 33
440 1951 33
1507 258 33
1774 95 33
384 952 33
1956 1994 33
626 331 33
82 764 33
321 60 33
1745 1139 33
992 380 33
1214 1112 33
1165 1005 33
1179 1563 33
361 31 33
1648 343 33
1019 272 33
670 1274 33
685 175 33
845 994 33
1281 156 33
1985 1780 33
194 567 33
1440 1212 33
858 561 33
1036 1378 33
1557 1509 33
1977 1533 33
363 1190 33
1349 1631 33
490 5 33
825 1037 33
989 1312 33
1981 1103 33
885 512 33
172 1227 33
775 1239 33
1119 1522 33
1529 167 33
1823 812 33
727 1611 33
1609 772 33
971 1796 33
952 999 33
1996 757 33
1667 135 33
1946 1103 33
413 1914 33
439 1900 33
1764 1182 33
1534 231 33
1602 1071 33
177 1100 33
550 1257 33
1893 1745 33
613 299 33
1501 464 33
1409 1656 33
1236 1628 33
1292 1244 33
1456 1413 33
101 1158 33
592 1522 33
1385 1496 33
673 509 33
1958 193 33
997 1683 33
1308 490 33
1670 689 33
1396 353 33
775 1823 32
1110 140 32
698 1090 32
785 538 32
1233 1063 32
1116 1314 32
644 1205 32
186 365 32
1978 505 32
769 1157 32
1055 1002 32
367 298 32
933 580 32
1120 363 32
1332 1199 32
146 661 32
1702 629 32
1363 1268 32
139 1677 32
939 4 32
1654 1255 32
219 417 32
1181 1752 32
1015 1986 32
1184 1113 32
1799 1330 32
844 718 32
813 1960 32
1096 742 32
329 1372 32
1587 298 32
917 473 32
1461 901 32
279 901 32
1991 201 32
51 949 32
352 532 32
185 1505 32
1559 366 32
212 1365 32
1009 1680 32
677 1636 32
1364 165 32
888 1894 32
26 1284 32
1031 1358 32
779 348 32
141 1000 32
1656 305 32
1951 770 32
620 863 32
1328 513 32
251 352 32
1811 1933 32
1727 1705 32
1224 1545 32
1946 1389 32
1221 440 32
1429 1189 32
811 1531 32
1660 337 32
1531 1073 32
1842 701 32
1721 653 32
1388 1488 32
1701 932 32
1280 1097 32
333 530 32
1414 1652 32
1752 1116 32
562 1321 32
1808 614 32
429 735 32
1153 745 32
269 440 32
1264 1614 32
1519 880 32
1695 869 32
808 1078 32
536 321 32
1427 1422 32
1848 308 32
712 1839 32
1730 1021 32
1940 1261 32
1767 1994 32
905 605 32
1501 132 32
1202 935 32
1291 1340 32
593 1353 32
1598 878 32
1312 347 32
1000 1232 32
1617 488 32
1016 682 32
1214 12 32
1089 1548 32
329 1529 32
1920 816 32
1283 1396 31
1352 662 31
186 1526 31
1335 1314 31
1838 610 31
1148 1755 31
1979 854 31
859 1380 31
767 1836 31
334 41 31
1591 1390 31
408 308 31
1404 1981 31
596 1459 31
1583 1872 31
1843 117 31
6 81 31
1617 1051 31
1714 1126 31
1972 654 31
1035 174 31
858 859 31
1717 1682 31
1256 1827 31
1469 1307 31
1858 1540 31
1707 595 31
1188 779 31
1587 1022 31
768 1241 31
1486 835 31
1345 992 31
1476 1340 31
90 1767 31
143 1598 31
801 243 31
880 265 31
1105 568 31
162 944 31
905 844 31
710 40 31
150 449 31
684 978 31
910 553 31
1866 1828 31
1244 961 31
819 1426 31
1792 1958 31
669 806 31
753 1159 31
938 328 31
1806 396 31
620 134 31
441 662 31
537 211 31
510 337 31
1128 1370 31
1360 1902 31
1213 557 31
71 1243 31
716 1282 31
1754 747 31
966 773 31
89 1912 31
975 832 31
1777 1304 31
1505 1846 31
202 577 31
896 271 31
917 1590 31
79 250 31
518 213 31
1856 504 31
343 1840 31
493 681 31
1314 1872 31
966 213 31
814 1295 31
192 1457 31
1369 194 31
618 743 31
1298 441 31
1808 449 31
228 525 31
1231 36 31
1481 1407 31
678 216 31
1587 473 31
815 981 31
562 1661 31
1602 157 31
1623 1414 31
1059 1722 31
408 1824 31
1836 29 31
1331 1625 31
1597 1378 31
1452 1564 31
1432 111 31
1924 440 31
1223 1555 31
569 1022 31
10 47 31
1770 1662 31
674 1000 31
1697 1054 31
195 10 31
1976 117 31
434 536 31
164 1829 30
676 545 30
20 1410 30
475 76 30
512 951 30
227 1554 30
869 921 30
500 355 30
856 1797 30
589 1812 30
1803 612 30
974 1885 30
1486 1056 30
594 1233 30
387 724 30
1134 1587 30
705 1946 30
673 693 30
408 173 30
474 1672 30
1636 1320 30
1252 378 30
261 1964 30
1592 121 30
947 1032 30
1995 482 30
301 251 30
1321 990 30
1037 601 30
544 1692 30
1766 1838 30
1705 791 30
989 797 30
1697 1159 30
1489 1750 30
1572 1348 30
414 1460 30
383 1355 30
1833 572 30
706 1393 30
1930 1139 30
151 15 30
313 1320 30
1230 1459 30
1139 1805 30
875 252 30
1890 1935 30
1008 434 30
383 904 30
1102 1785 30
933 390 30
433 730 30
1311 644 30
1341 336 30
937 1146 30
643 688 30
214 332 30
392 292 30
770 385 30
626 1727 30
103 1844 30
1604 347 30
1677 146 30
319 840 30
316 1526 30
437 671 30
1801 1426 30
309 1413 30
868 489 30
314 1839 30
1381 1022 30
677 972 30
828 1612 30
353 1048 30
1890 533 30
583 825 30
62 1177 30
162 1351 30
1604 1445 30
327 1589 30
77 999 30
795 36 30
1775 689 30
327 1569 30
1813 372 30
786 1859 30
1379 1145 30
1222 315 30
66 319 30
1361 626 30
394 1420 30
1053 298 30
1491 27 30
1745 1636 30
837 1489 30
49 59 30
289 528 30
1903 91 30
1220 565 30
1594 133 30
279 692 30
1056 162 30
1942 296 30
611 1549 30
1146 321 30
368 1467 30
1574 1691 30
44 1793 30
1706 597 30
1052 1280 30
349 162 30
1671 908 30
1401 687 30
663 646 30
595 910 30
425 1112 30
1654 11 30
102 524 30
1381 336 30
1670 644 30
1861 1910 30
1895 46 30
598 650 30
47 1427 30
707 1335 30
1709 990 30
1045 91 30
770 1184 30
1283 618 30
314 315 30
897 347 30
456 1526 30
712 1355 29
1316 965 29
1958 1330 29
645 641 29
825 902 29
1680 382 29
423 1923 29
1290 552 29
1254 568 29
1070 1529 29
1716 704 29
311 1755 29
1767 30 29
1837 1850 29
54 1190 29
1204 975 29
646 815 29
891 676 29
1113 1233 29
345 1195 29
1590 1702 29
1227 15 29
290 1488 29
2 926 29
1257 1283 29
43 1586 29
1586 1405 29
3 356 29
1643 420 29
1233 276 29
1464 1427 29
1830 1747 29
1158 1266 29
1775 943 29
783 478 29
1693 1867 29
1935 1154 29
264 1757 29
619 885 29
387 1961 29
1191 1485 29
653 1151 29
222 1593 29
971 1468 29
966 1415 29
1979 1376 29
1962 361 29
605 975 29
780 1399 29
74 1698 29
1910 1365 29
1508 1606 29
727 1033 29
1294 1414 29
1685 1046 29
1679 52 29
1361 1851 29
1816 1772 29
1817 547 29
689 45 29
1326 361 29
1743 1417 29
1802 1177 29
861 1355 29
1688 198 29
461 1107 29
1925 1653 29
1955 1721 29
1587 1629 29
153 419 29
1574 1364 29
1610 157 29
1405 457 29
219 1513 29
1153 1624 29
629 267 29
46 1258 29
1382 1610 29
1432 1150 29
1247 1530 29
1695 428 29
1564 1878 29
100 994 29
704 483 29
1788 1749 29
27 778 29
962 1660 29
1915 1765 29
1026 1451 29
965 499 29
153 1422 29
749 1821 29
1418 460 29
603 1474 29
1257 1918 29
1909 1796 29
447 54 29
1516 885 29
1720 1176 29
780 1010 29
365 1298 29
1534 1500 29
34 1720 29
1597 1918 29
570 630 29
1768 638 29
1285 1780 29
1210 1317 29
652 1543 29
1853 1317 29
481 1019 29
82 70 29
1198 1164 29
1348 816 29
1504 1146 29
1330 638 29
1823 17 29
414 393 29
841 1016 29
912 1711 29
336 508 29
1642 1164 28
876 1496 28
256 403 28
1877 693 28
355 297 28
1055 1626 28
552 9 28
791 463 28
518 1794 28
478 1992 28
1190 422 28
1568 1117 28
269 1310 28
56 262 28
611 30 28
87 986 28
1047 1829 28
269 1757 28
751 184 28
62 1368 28
569 1826 28
1518 829 28
1599 1811 28
545 1012 28
1763 1099 28
1825 274 28
1062 6 28
126 1783 28
1145 1960 28
1656 1853 28
1508 459 28
1181 664 28
1643 1784 28
833 187 28
1565 175 28
216 237 28
525 1588 28
1977 586 28
987 1954 28
1491 1927 28
799 455 28
1644 22 28
212 1512 28
291 740 28
537 512 28
1645 103 28
895 913 28
317 1728 28
1339 1898 28
274 19 28
582 1162 28
1731 584 28
1708 1257 28
901 297 28
738 1699 28
1350 1120 28
845 282 28
309 1790 28
1522 1843 28
1019 775 28
66 255 28
736 533 28
1789 354 28
714 897 28
316 1692 28
762 1906 28
1699 889 28
1521 94 28
1650 1024 28
1261 1588 28
1678 1662 28
235 852 28
448 473 28
1437 1091 28
428 717 28
1107 1251 28
1209 1906 28
238 982 28
896 185 28
1843 322 28
1514 1746 28
1549 1643 28
665 792 28
1772 662 28
140 1650 28
207 1825 28
1885 123 28
999 888 28
883 1804 28
690 1846 28
1546 389 28
219 1546 28
1388 308 28
940 1813 28
1722 158 28
1602 1562 28
334 1813 28
580 1660 28
1446 1940 28
1532 861 28
923 1035 28
1426 874 28
1323 1951 28
1462 1039 28
1982 124 28
586 47 28
1023 1203 28
1389 1588 28
601 115 28
858 1859 28
297 1403 28
96 1484 28
1815 1959 28
1805 941 28
1548 1591 28
1827 228 28
454 620 28
928 315 28
168 251 28
763 1603 27
1696 1758 27
877 1257 27
8 767 27
183 1123 27
1075 31 27
546 793 27
485 1264 27
56 1443 27
196 89 27
588 911 27
1167 892 27
973 1491 27
580 259 27
1815 758 27
811 1369 27
325 1400 27
594 1810 27
379 1677 27
897 1288 27
1377 1293 27
884 1194 27
1479 1348 27
1164 832 27
1751 596 27
671 877 27
602 1801 27
1848 1782 27
1089 725 27
1568 231 27
217 1915 27
1789 606 27
766 1875 27
442 488 27
93 1445 27
808 37 27
1580 1252 27
837 443 27
1693 1599 27
994 1250 27
535 972 27
1535 678 27
1176 229 27
1021 1095 27
1371 911 27
1627 1250 27
1258 865 27
783 675 27
824 1822 27
253 1935 27
1416 1830 27
1562 1489 27
1207 1356 27
155 109 27
1253 1441 27
945 880 27
297 884 27
1206 302 27
1907 1864 27
834 1092 27
565 1208 27
1039 90 27
898 1295 27
627 1014 27
1363 1941 27
1172 784 27
1766 748 27
1891 1893 27
811 466 27
462 1720 27
337 1399 27
379 795 27
1000 1371 27
1207 1588 27
315 638 27
650 594 27
1712 1719 27
658 919 27
675 1436 27
317 896 27
858 209 27
1786 1962 27
1439 536 27
636 1634 27
215 1709 27
367 1121 27
128 1797 27
535 541 27
1689 315 27
600 972 27
1685 852 27
1214 1935 27
1995 822 27
1012 393 27
1272 735 27
214 1809 27
1799 1206 27
1999 1290 27
1694 1304 27
1437 563 27
749 771 27
684 170 27
1503 482 27
1271 181 27
1791 382 27
1170 1836 27
1329 1362 27
1910 255 26
1848 1682 26
1852 401 26
821 1150 26
932 153 26
537 941 26
473 1370 26
250 445 26
886 1939 26
617 270 26
1772 1064 26
1693 1934 26
1060 315 26
972 1993 26
1040 1364 26
594 1558 26
287 951 26
1153 1958 26
369 1427 26
791 81 26
257 1011 26
920 1075 26
1412 691 26
1039 181 26
1536 1415 26
1805 263 26
1560 1325 26
1020 985 26
1020 1517 26
1005 1951 26
1240 141 26
1018 1202 26
713 965 26
216 1497 26
647 1026 26
1545 1401 26
160 281 26
1698 1947 26
289 800 26
514 95 26
119 818 26
295 1604 26
167 1276 26
1437 515 26
830 515 26
1795 272 26
1182 1656 26
680 1944 26
1623 1683 26
522 1594 26
1562 1222 26
417 1913 26
227 1418 26
290 703 26
1156 113 26
655 1190 26
1800 159 26
1123 107 26
1002 1706 26
876 305 26
646 1907 26
1270 1559 26
466 203 26
1269 1745 26
829 1562 26
674 525 26
1939 274 26
1809 1692 26
1601 982 26
1211 901 26
689 1238 26
250 1737 26
1955 468 26
360 1211 26
908 1278 26
161 299 26
1244 800 26
1785 420 26
1259 371 26
1373 50 26
1991 1778 26
138 1077 26
1920 992 26
1620 1334 26
1446 825 26
1132 369 26
1199 1067 26
146 810 26
1523 971 26
743 474 26
1867 1130 26
91 903 26
1111 1923 26
1319 1427 26
1462 808 26
296 179 26
823 1494 26
223 1971 26
1378 353 26
1415 1648 26
1695 1540 26
1294 1191 26
714 1120 26
1628 1228 26
1973 1619 26
4 1378 26
755 1261 26
1171 1055 25
952 939 25
750 1110 25
1821 362 25
1890 1325 25
1184 994 25
1895 478 25
179 742 25
413 836 25
114 859 25
1829 634 25
68 490 25
1730 1556 25
1607 1520 25
859 624 25
31 578 25
916 590 25
493 1253 25
1100 1132 25
1610 1650 25
625 1994 25
452 312 25
1263 1674 25
526 1515 25
1668 1774 25
161 1388 25
184 1581 25
26 939 25
805 586 25
1821 1925 25
1654 972 25
570 1752 25
911 738 25
805 224 25
1883 896 25
808 1726 25
1746 958 25
775 636 25
1392 1418 25
371 802 25
1624 1413 25
772 401 25
1563 1966 25
687 511 25
659 261 25
1263 1723 25
1403 431 25
598 996 25
1599 661 25
1765 1555 25
1490 308 25
1435 580 25
1707 504 25
1203 449 25
1619 28 25
251 767 25
1782 414 25
92 1454 25
272 871 25
1193 1304 25
235 320 25
1379 456 25
740 901 25
1688 1762 25
199 1629 25
1843 59 25
1720 265 25
1848 512 25
418 1615 25
375 505 25
1899 324 25
537 1225 25
1690 107 25
1316 1240 25
289 1554 25
1893 1701 25
1168 1819 25
1488 1873 25
1589 1541 25
637 1236 25
1410 1503 25
970 1852 25
1701 696 25
1017 1460 25
374 1484 25
1306 1361 25
447 183 25
1528 1154 25
1796 253 25
672 20 25
1770 81 25
623 1350 25
1977 1733 25
385 1910 25
552 1889 25
1474 1388 25
746 339 25
558 111 25
1911 221 25
1450 1356 25
759 635 25
450 376 25
1965 1176 25
1985 878 25
1617 1062 25
538 664 25
694 1914 25
1169 1616 25
1667 996 25
1139 1376 25
1988 1977 25
1762 1695 25
132 632 25
1243 184 25
1778 1505 25
312 311 25
1974 517 25
636 1938 25
713 1209 25
1150 1804 25
605 1831 25
1670 1612 25
741 1229 25
686 1742 25
1261 951 24
1109 945 24
57 584 24
637 1505 24
333 1323 24
1556 723 24
659 462 24
1155 1728 24
191 996 24
1343 729 24
1349 311 24
1138 1560 24
1843 1353 24
605 50 24
455 1831 24
388 949 24
1429 477 24
1476 1567 24
681 1623 24
4 989 24
1113 516 24
1391 514 24
872 2 24
664 87 24
1720 1214 24
846 380 24
1343 347 24
1785 1443 24
683 411 24
387 98 24
1758 1407 24
116 12 24
1876 533 24
1346 1610 24
1088 1918 24
1460 1866 24
1977 1563 24
971 1160 24
1772 1097 24
1487 30 24
98 895 24
183 1303 24
187 436 24
1753 1315 24
554 1950 24
74 1581 24
1451 1122 24
1206 1465 24
76 424 24
1117 663 24
1054 954 24
1407 1892 24
670 628 24
1635 1510 24
661 190 24
1953 1947 24
1551 1238 24
373 1106 24
1326 1937 24
56 1154 24
1832 1180 24
1497 1001 24
479 1924 24
1703 1741 24
443 657 24
596 198 24
1845 96 24
958 969 24
155 785 24
676 183 24
987 55 24
325 585 24
109 1364 24
400 666 24
703 530 24
1115 673 24
996 1622 24
451 289 24
439 1583 24
280 587 24
1823 1535 24
1635 645 24
1272 639 24
1423 466 24
796 269 24
1372 1087 24
620 670 24
209 1447 24
590 1977 24
812 160 24
1490 1633 24
1924 511 24
1774 1825 24
1523 1420 24
946 1716 24
939 1629 24
1467 971 24
1941 1027 24
913 27 24
1976 933 24
1461 1773 24
1697 1030 24
1137 1679 24
578 471 24
1622 491 24
778 1106 24
1626 1878 24
788 212 23
163 1081 23
951 1184 23
1475 1656 23
1309 1171 23
1268 307 23
1880 1016 23
1470 273 23
1975 29 23
962 1276 23
1055 816 23
1674 1886 23
485 417 23
1358 1095 23
672 1919 23
1652 260 23
1669 304 23
36 918 23
119 334 23
1653 878 23
1233 1609 23
1440 456 23
680 1863 23
1994 1025 23
1866 1682 23
1604 390 23
1725 103 23
755 663 23
1286 332 23
435 866 23
1379 770 23
1306 339 23
704 1731 23
1339 1650 23
750 433 23
910 1555 23
426 1683 23
1655 1830 23
1466 1935 23
462 796 23
1924 1158 23
1225 704 23
1405 1980 23
23 1798 23
1239 42 23
338 1787 23
1321 517 23
689 1103 23
703 1194 23
1092 974 23
381 1111 23
1320 1901 23
1952 1834 23
81 919 23
1947 1945 23
1383 1025 23
343 1458 23
409 385 23
1081 1742 23
675 1518 23
1634 1419 23
2 897 23
1743 932 23
614 329 23
446 140 23
578 1071 23
1364 1310 23
787 229 23
93 704 23
1608 1880 23
1673 1688 23
991 28 23
144 1296 23
1436 1899 23
472 1973 23
802 1225 23
162 1257 23
329 121 23
1150 1683 23
1796 971 23
497 1049 23
564 1959 23
1458 750 23
1030 1190 23
245 1623 23
1614 77 23
1880 600 23
795 206 23
1768 195 23
315 1326 23
772 453 23
291 1951 23
126 1580 23
119 407 23
1371 254 23
332 77 23
1445 396 23
869 1660 23
1197 1226 23
184 609 23
843 1397 23
501 611 23
802 20 23
1150 449 23
1961 375 23
1811 387 23
387 1683 22
1621 1986 22
525 1653 22
367 1949 22
1224 888 22
1989 477 22
494 1430 22
503 30 22
703 720 22
1098 1948 22
1605 639 22
1583 774 22
1084 299 22
290 1441 22
1984 850 22
805 1883 22
1352 737 22
1256 1375 22
227 245 22
779 278 22
497 1149 22
1894 1443 22
1698 1736 22
1535 335 22
238 868 22
393 1529 22
712 1182 22
363 117 22
1512 365 22
1282 591 22
960 1835 22
1140 1575 22
1027 1285 22
1689 642 22
886 627 22
1051 1138 22
1971 1582 22
1166 536 22
1982 953 22
569 54 22
1936 489 22
874 1537 22
427 146 22
355 686 22
1832 41 22
632 1050 22
199 576 22
1278 1770 22
1771 663 22
1227 138 22
1536 885 22
1686 31 22
1378 752 22
1171 1731 22
1587 1102 22
289 1962 22
1070 1727 22
339 1387 22
73 480 22
696 1527 22
1534 1778 22
76 51 22
1818 1013 22
761 57 22
1126 692 22
1505 842 22
164 406 22
412 1375 22
251 16 22
908 836 22
1243 1133 22
985 1123 22
1186 1157 22
1122 1837 22
464 807 22
182 1343 22
1566 545 22
495 1539 22
1032 1219 22
559 1658 22
874 1001 22
850 83 22
1457 1098 22
548 1737 22
487 732 22
618 1934 22
1664 730 22
626 934 22
1147 1826 22
751 134 22
849 404 22
527 747 22
1860 940 22
687 319 22
45 1839 22
1713 405 22
1962 1628 22
925 1156 22
1008 1941 22
171 1656 22
395 1417 22
635 1057 22
1127 1489 22
1414 90 22
1617 1607 22
333 972 22
449 1386 22
722 337 22
934 504 22
515 1913 22
95 1883 22
240 1309 22
21 1858 22
617 582 22
1569 1281 22
1203 1003 22
1882 1252 22
1474 1362 22
379 1690 22
1668 1838 22
1583 1594 22
460 1096 22
174 1236 22
220 911 22
1255 458 22
1682 732 22
1976 1495 21
1204 765 21
695 1127 21
1326 192 21
910 1223 21
255 1309 21
768 784 21
1065 900 21
1260 1230 21
1796 133 21
1539 862 21
1616 117 21
1171 269 21
203 1064 21
125 1168 21
592 306 21
990 531 21
1902 243 21
1471 453 21
543 1333 21
828 916 21
547 439 21
871 528 21
271 873 21
1558 1841 21
41 258 21
1776 1405 21
187 373 21
1022 1255 21
1754 1233 21
308 1322 21
1721 1379 21
55 1971 21
1825 1399 21
1258 942 21
808 1396 21
1911 1032 21
221 1577 21
504 863 21
619 1572 21
44 867 21
387 568 21
1748 1727 21
1536 1154 21
1665 1122 21
1314 63 21
488 1099 21
1048 677 21
1459 1803 21
1052 951 21
1293 643 21
1609 1977 21
1172 81 21
1048 537 21
18 483 21
149 309 21
1979 599 21
1738 268 21
103 694 21
1202 385 21
874 900 21
234 1132 21
1451 1669 21
256 1303 21
636 761 21
877 727 21
1151 49 21
1425 1357 21
334 341 21
1303 1813 21
766 1580 21
1752 1474 21
134 1134 21
1011 179 21
1773 1419 21
1831 1368 21
527 73 21
676 550 21
13 160 21
483 1835 21
1301 77 21
518 1460 21
872 86 21
1039 358 21
1714 1295 21
1035 1042 21
1677 1313 21
1607 888 21
160 1937 21
1366 1798 21
1869 48 21
791 173 21
204 896 21
648 1777 21
1701 690 21
1527 1932 21
166 390 21
1383 1846 21
553 1005 21
434 402 21
122 1828 21
257 677 21
593 842 21
383 1856 21
1152 1619 21
966 1579 21
399 1900 21
861 1893 21
1542 1629 21
1042 841 21
1283 1333 21
838 990 21
1575 1298 21
1501 115 21
532 1446 21
544 1405 21
1232 1096 21
1666 1519 21
1809 18 21
1918 1777 21
104 722 21
291 742 21
675 1167 21
737 1474 21
1413 721 21
1884 1950 21
604 78 21
1205 1316 21
305 414 21
1899 1097 20
1139 1157 20
538 197 20
1261 739 20
1264 111 20
24 562 20
1104 1350 20
386 950 20
508 1052 20
1364 1726 20
1533 1642 20
552 1330 20
1743 793 20
455 1745 20
798 288 20
1534 1244 20
455 559 20
283 854 20
1369 286 20
33 1182 20
1757 1215 20
291 80 20
637 629 20
641 193 20
270 1964 20
492 1152 20
764 1639 20
1004 1374 20
1467 1198 20
1785 478 20
750 682 20
51 1414 20
751 1297 20
264 1729 20
1275 1775 20
1366 1080 20
1356 269 20
669 294 20
1923 1037 20
1355 435 20
1641 920 20
247 1913 20
1394 1214 20
683 943 20
964 107 20
587 1562 20
1452 1690 20
184 1081 20
1297 1267 20
1687 825 20
1257 1088 20
1634 875 20
228 632 20
698 172 20
419 1040 20
1408 1339 20
906 1983 20
624 1360 20
1202 1255 20
364 663 20
1570 585 20
1703 477 20
1565 1911 20
538 198 20
702 158 20
842 1499 20
431 1270 20
1915 1904 20
960 1103 20
73 478 20
1455 1707 20
305 1609 20
1164 1457 20
1904 90 20
354 1571 20
1461 426 20
318 834 20
951 18 20
1435 53 20
807 907 20
1478 490 20
146 606 20
1065 458 20
1919 1769 20
300 1629 20
380 1717 20
1857 957 20
406 1480 20
1097 1142 20
697 543 20
477 1873 20
1781 190 20
493 825 20
1654 1868 19
918 1446 19
1355 1303 19
1152 667 19
1865 1213 19
1988 493 19
6 1738 19
389 476 19
404 1507 19
901 865 19
998 1700 19
1878 742 19
1786 1908 19
417 1424 19
1231 384 19
376 856 19
353 1542 19
797 1244 19
318 220 19
591 1288 19
1350 849 19
850 1797 19
1492 505 19
914 240 19
558 1240 19
632 1187 19
1887 393 19
1928 980 19
1922 1700 19
135 1371 19
226 325 19
1929 704 19
914 61 19
1704 1755 19
615 964 19
325 1756 19
398 926 19
624 495 19
214 1544 19
1248 1986 19
981 706 19
611 1877 19
555 109 19
454 1326 19
249 1572 19
1497 1341 19
976 534 19
592 993 19
1170 274 19
1801 1587 19
1597 1780 19
1338 351 19
1316 544 19
1219 1567 19
1725 1812 19
1123 1345 19
1095 1941 19
1216 1477 19
715 1654 19
1007 143 19
1704 209 19
1702 64 19
245 339 19
441 566 19
510 1536 19
1358 1363 19
803 1687 19
1979 932 19
1861 599 19
1384 720 19
486 1217 19
790 733 19
440 1304 19
728 659 19
1852 1649 19
513 1386 19
1253 1906 19
201 1753 19
1387 1862 19
1362 900 19
1084 53 19
1613 340 19
518 1939 19
598 1015 19
900 1162 19
438 1405 19
1656 1855 19
1310 1808 19
1674 1327 19
885 591 19
821 86 19
1266 353 19
63 1651 19
770 482 19
1337 1997 19
1200 1060 19
140 601 19
593 1831 19
1887 1268 19
1808 938 19
1189 1032 19
764 165 19
976 1569 19
426 1649 18
597 44 18
1542 709 18
117 1320 18
1952 1636 18
911 474 18
1417 1430 18
1161 856 18
1480 1864 18
1932 508 18
161 1143 18
1977 1029 18
192 541 18
1224 355 18
651 449 18
721 1765 18
1697 187 18
409 1758 18
1654 1021 18
75 161 18
763 1924 18
658 635 18
1271 1736 18
1864 930 18
1487 879 18
547 410 18
1807 1205 18
720 551 18
221 1932 18
369 1344 18
1753 223 18
817 1596 18
276 1196 18
1503 283 18
768 741 18
1155 163 18
670 1224 18
1944 1099 18
1280 1889 18
1797 368 18
1600 1202 18
503 1855 18
1818 1556 18
763 1478 18
1662 809 18
248 1164 18
803 1388 18
1804 1225 18
444 234 18
480 1673 18
743 896 18
930 1372 18
795 282 18
1975 340 18
1649 1401 18
798 653 18
899 1418 18
175 484 18
1636 1546 18
938 222 18
270 1502 18
293 649 18
1956 523 18
944 1366 18
657 1724 18
483 399 18
549 1434 18
1136 511 18
1979 305 18
454 1230 18
255 86 18
704 549 18
615 52 18
1533 1626 18
152 931 18
58 1994 18
814 138 18
1947 1250 18
995 590 18
1042 345 18
863 269 18
1787 154 18
1614 73 18
1430 328 18
1724 969 18
1894 312 18
832 193 18
63 380 18
1712 1004 18
1475 865 18
188 1695 18
420 637 18
1681 1530 18
1256 1451 18
517 1955 18
1782 1448 18
1232 162 18
552 413 18
83 1255 18
1605 727 18
1313 842 18
1105 1741 18
1278 961 18
560 1243 18
303 182 18
995 41 18
415 943 18
1843 1924 18
1852 630 18
457 1020 18
1075 1078 18
1986 1959 18
1042 478 18
1902 888 18
1057 1453 18
1445 1937 18
1724 948 18
1960 1906 18
156 876 18
444 260 18
366 743 18
898 784 18
671 782 18
243 1112 18
1924 1780 17
81 271 17
713 920 17
305 1062 17
757 1736 17
11 907 17
780 1080 17
602 761 17
506 1035 17
1847 1985 17
1008 1692 17
283 1930 17
1865 604 17
295 1769 17
182 1114 17
859 1246 17
1251 396 17
996 1560 17
1108 447 17
1153 1874 17
1260 648 17
1280 53 17
203 494 17
1692 1 17
783 1158 17
299 963 17
1439 385 17
1384 1836 17
1095 1227 17
819 214 17
518 1499 17
1877 882 17
1822 851 17
853 1068 17
636 1887 17
129 1161 17
928 1368 17
459 1244 17
898 154 17
303 83 17
21 1739 17
1250 1965 17
797 1556 17
407 1266 17
606 213 17
1001 433 17
1368 1303 17
5 1252 17
1593 1041 17
170 1061 17
442 1348 17
1832 1683 17
1839 980 17
1501 1981 17
1919 1660 17
1824 1068 17
1395 1371 17
355 653 17
721 1793 17
1105 1331 17
37 154 17
968 242 17
184 967 17
1872 1960 17
31 1723 17
1546 440 17
1562 1325 17
1481 1009 17
1628 1091 17
1927 1424 17
609 206 17
826 1909 17
1152 779 17
771 1637 17
275 1436 17
68 641 17
1221 1473 17
1263 589 17
758 930 17
336 729 17
589 885 17
1540 406 17
677 1538 17
342 330 17
189 871 17
1850 1963 17
590 1253 17
1241 787 17
774 414 17
196 32 17
593 1291 17
46 953 17
1956 402 17
1414 619 17
876 419 17
1115 941 17
770 314 17
694 346 17
1104 1807 17
1285 1167 17
487 1254 17
464 1652 17
1173 349 17
867 216 16
1973 53 16
1557 609 16
317 1680 16
359 810 16
1814 1789 16
1013 1801 16
609 560 16
1333 923 16
368 128 16
539 1245 16
1371 684 16
1236 1775 16
1558 482 16
1552 198 16
268 1980 16
1054 1471 16
423 638 16
425 1143 16
1984 485 16
1823 1423 16
1280 613 16
1532 1891 16
637 909 16
576 1516 16
1675 1352 16
1568 1893 16
1054 911 16
371 618 16
1366 620 16
785 1002 16
621 726 16
1205 987 16
807 606 16
479 483 16
1813 1555 16
185 335 16
1828 1114 16
1723 1565 16
942 219 16
1850 1060 16
421 1750 16
1556 1188 16
1842 8 16
681 848 16
84 1935 16
864 425 16
547 1414 16
1378 1664 16
864 526 16
1964 1306 16
1646 389 16
1193 430 16
1103 251 16
1918 74 16
1221 1131 16
800 1239 16
607 991 16
923 847 16
1012 481 16
1499 653 16
1810 1198 16
1945 1840 16
418 1652 16
410 1325 16
1522 1985 16
1633 1801 16
1547 1020 16
768 643 16
1010 863 16
1614 114 16
190 810 16
1296 190 16
1313 778 16
306 834 16
1139 1988 16
1713 1914 16
382 1760 16
1893 1285 16
1080 231 16
1350 1503 16
1820 634 16
1485 115 16
1628 295 16
1247 117 16
1390 763 16
1099 1909 16
77 1473 16
1411 406 16
1140 1564 16
737 173 16
1233 269 16
1679 619 16
311 568 16
56 1165 16
1061 1772 16
381 1681 16
297 1396 16
1048 823 16
839 1480 16
587 149 16
1379 1995 16
170 468 16
580 1948 16
441 2 16
1937 1059 16
1382 76 16
630 772 16
996 1526 16
149 957 16
1793 1316 16
1315 1802 16
1459 219 16
1355 1452 16
533 1954 16
1967 1673 16
910 236 16
645 29 16
1317 1293 16
594 836 16
1789 134 16
1761 414 16
866 1314 16
821 402 16
1063 812 16
771 137 16
1185 1647 16
181 781 16
1865 579 16
339 1873 16
723 1574 15
1002 1426 15
714 1728 15
1513 816 15
1197 1316 15
997 1633 15
821 1615 15
515 110 15
501 1851 15
348 170 15
1623 1885 15
1044 1762 15
1937 968 15
1513 875 15
789 337 15
1527 203 15
327 3 15
1940 694 15
714 1111 15
1779 379 15
925 248 15
1390 987 15
1750 628 15
565 1035 15
604 913 15
742 1729 15
1460 1191 15
1801 594 15
476 1994 15
1993 1915 15
400 503 15
1488 1146 15
1841 956 15
136 1582 15
784 1588 15
1863 255 15
483 1129 15
846 1587 15
241 1681 15
789 722 15
835 1568 15
908 901 15
283 526 15
1302 681 15
1494 24 15
1296 156 15
1600 440 15
587 282 15
1887 700 15
1268 1083 15
894 352 15
776 10 15
863 409 15
40 1285 15
1628 1467 15
1614 1997 15
396 103 15
926 1465 15
725 138 15
1049 553 15
259 967 15
503 1635 15
1102 1426 15
1148 11 15
1760 911 15
1135 441 15
1066 521 15
837 326 15
354 1592 15
1703 982 15
1570 747 15
202 373 15
1156 745 15
461 595 15
936 699 15
1262 403 15
333 57 15
1601 502 15
1651 223 15
1412 690 15
1591 1770 15
1355 784 15
1411 1877 15
961 1627 15
633 389 15
1423 1697 15
1944 911 15
1996 1223 15
1679 1799 15
739 1441 15
1599 535 15
376 52 15
91 520 15
1380 440 15
217 1779 15
587 1636 15
986 299 15
1490 1524 15
1460 22 15
516 1360 15
954 1803 15
1057 47 15
1937 1885 15
918 1611 15
1762 1710 15
867 1218 15
207 1617 15
142 1116 15
25 775 15
66 683 15
108 1637 15
164 652 15
1321 296 15
1249 551 15
613 789 15
1989 1182 15
1587 1847 15
1673 191 15
340 1297 15
1046 511 14
132 1251 14
1122 1695 14
504 553 14
370 52 14
176 437 14
1260 1586 14
1898 759 14
1272 232 14
1374 1897 14
1241 1690 14
1059 1237 14
947 412 14
1389 1438 14
179 321 14
511 800 14
906 1799 14
828 163 14
812 670 14
356 802 14
674 471 14
636 474 14
1313 1715 14
43 113 14
544 1666 14
1392 824 14
410 968 14
795 1567 14
1970 1864 14
1586 549 14
217 1002 14
975 1907 14
1242 1572 14
800 966 14
805 817 14
1728 688 14
1772 883 14
1777 675 14
1894 1751 14
243 406 14
1832 1630 14
440 1266 14
390 364 14
1816 1690 14
1922 958 14
1975 1668 14
1262 1844 14
995 243 14
344 193 14
5 1023 14
675 1863 14
1358 236 14
421 1233 14
787 907 14
1602 1610 14
848 132 14
524 1988 14
1942 1074 14
671 828 14
74 1 14
855 299 14
326 1406 14
253 719 14
1867 1762 14
1394 785 14
62 1430 14
1078 550 14
54 707 14
204 88 14
294 1905 14
661 1543 14
1696 225 14
1118 1089 14
1093 562 14
1360 1429 14
1348 582 14
9 1584 14
1423 406 14
1674 70 14
838 597 14
1746 1655 14
405 1776 14
631 58 14
456 1804 14
139 1334 14
1215 1609 14
1536 1698 14
693 1199 14
903 614 14
101 647 14
1987 732 14
31 1335 14
1893 218 14
950 703 14
1963 135 14
289 1637 14
371 1866 14
471 1295 14
17 564 14
602 1220 14
1076 205 14
1514 26 14
986 13 14
709 1542 14
137 776 14
1646 1619 14
47 1731 14
1058 36 14
880 884 14
48 459 14
339 406 14
985 1956 14
1165 423 14
1575 624 14
1143 17 14
706 628 14
1257 405 14
1472 1081 14
1862 117 14
1390 758 14
1871 1741 14
1164 494 13
1556 1251 13
571 883 13
318 784 13
1168 1857 13
147 745 13
751 717 13
372 1043 13
1005 633 13
1795 1601 13
1865 506 13
1489 949 13
377 83 13
223 657 13
468 110 13
1624 852 13
327 347 13
20 1379 13
178 1362 13
973 580 13
1811 1517 13
1593 1647 13
845 594 13
471 1872 13
544 390 13
1482 1886 13
478 504 13
1127 807 13
981 1997 13
747 321 13
1676 868 13
232 152 13
151 1969 13
944 1728 13
1205 189 13
1912 1769 13
1064 299 13
682 1647 13
1024 1996 13
400 26 13
434 864 13
731 128 13
1204 1627 13
1326 436 13
1843 1206 13
1749 1336 13
1181 1847 13
170 1753 13
1088 1880 13
1645 207 13
961 1103 13
103 222 13
1431 1484 13
65 412 13
1480 4 13
1734 1803 13
1224 1062 13
683 990 13
1276 794 13
162 1836 13
1670 1602 13
1264 190 13
965 379 13
634 444 13
1763 740 13
181 270 13
356 302 13
1314 591 13
1020 1233 13
1343 894 13
1551 1762 13
480 118 13
1931 1491 13
1840 924 13
1066 538 13
1229 1392 13
1048 908 13
663 437 13
1015 1080 13
424 1914 13
1699 765 13
1830 23 13
564 975 13
1262 1247 13
225 1594 13
287 1854 13
1092 215 13
358 1026 13
1118 266 13
990 1605 13
1551 532 13
1462 1964 13
279 351 13
1502 1260 13
1815 1777 13
1983 47 13
266 200 13
1081 518 13
878 482 13
1996 1536 13
986 1278 13
1169 1944 13
58 250 13
1102 1317 13
1318 1719 13
1348 121 13
1410 1372 13
236 1334 13
1860 243 13
1200 83 13
732 898 13
815 1083 13
1254 1995 13
139 1190 13
488 1069 13
1592 886 13
1807 465 13
491 1639 13
315 445 13
1008 1247 12
663 1847 12
776 145 12
755 1800 12
632 1067 12
968 779 12
1922 1475 12
534 336 12
1970 482 12
445 988 12
34 1868 12
126 331 12
1160 1960 12
1570 78 12
1220 360 12
596 269 12
1725 1392 12
1457 1840 12
1310 981 12
1297 448 12
599 451 12
960 420 12
1127 1896 12
1520 1943 12
1526 70 12
955 1803 12
1597 1646 12
925 1163 12
643 1986 12
257 1138 12
1322 722 12
222 465 12
773 249 12
1810 327 12
580 1349 12
1016 1131 12
804 1009 12
329 1472 12
1563 1708 12
1920 1852 12
31 511 12
971 1193 12
189 1247 12
475 118 12
1857 1931 12
1443 930 12
448 1299 12
1676 415 12
536 57 12
1911 78 12
1637 939 12
504 926 12
1098 936 12
1886 142 12
461 1988 12
263 648 12
462 1120 12
1003 1835 12
1490 115 12
1630 1769 12
1905 793 12
617 1518 12
1469 1956 12
430 1922 12
594 649 12
1749 1621 12
1053 1683 12
1116 72 12
1155 197 12
616 213 12
1091 761 12
1811 566 12
888 216 12
102 225 12
1085 1399 12
463 12 12
1170 1722 12
1757 908 12
983 542 12
631 973 12
1105 1000 12
1812 304 12
109 1588 12
1383 873 12
1299 1017 12
1532 139 12
1894 1994 12
1212 697 12
997 1442 12
352 1002 12
543 676 12
1808 301 12
102 1772 12
972 1767 12
1335 153 12
964 582 12
318 41 12
764 1809 12
868 820 12
1369 181 12
1021 800 12
341 191 12
494 199 12
1953 1149 12
1087 811 12
22 630 11
992 1326 11
1937 1619 11
1374 260 11
333 281 11
1163 105 11
1807 1403 11
1514 1778 11
888 177 11
506 85 11
1228 560 11
272 1446 11
317 1468 11
370 1725 11
503 1068 11
258 1610 11
603 37 11
788 1200 11
1849 1261 11
1134 1591 11
156 1975 11
501 84 11
1112 1595 11
1086 359 11
1637 832 11
621 1898 11
630 999 11
488 1692 11
1516 1795 11
813 1414 11
726 184 11
820 1628 11
548 862 11
1909 1288 11
1760 1982 11
1255 1014 11
1531 290 11
379 293 11
1514 344 11
1114 1609 11
653 1433 11
1251 1414 11
17 1704 11
1260 314 11
1859 1552 11
1031 1063 11
1815 1917 11
230 1740 11
72 1933 11
1189 604 11
1823 1818 11
1737 1683 11
1430 1455 11
1894 937 11
1673 528 11
599 400 11
984 994 11
1668 312 11
158 1817 11
975 1522 11
1590 222 11
941 1360 11
1777 882 11
1008 1114 11
100 1474 11
656 1392 11
1448 684 11
33 1772 11
1574 1632 11
754 1449 11
1572 1096 11
778 360 11
1511 1970 11
1604 1398 11
1700 1992 11
1542 518 11
642 1446 11
1309 52 11
567 1028 11
487 1366 11
582 1984 11
178 293 11
1501 1980 11
228 340 11
82 861 11
1709 1935 11
113 1134 11
1700 853 11
1725 946 11
116 735 11
501 1241 11
1706 793 11
1432 1226 11
1695 1645 11
435 1365 11
1317 1106 11
1211 538 11
1528 151 11
151 39 11
1944 248 11
1915 1259 11
147 1846 11
16 1908 11
664 1756 11
59 575 11
1080 1634 11
1108 42 11
1322 1436 11
245 957 11
752 1876 11
330 1947 11
1061 741 10
1669 1347 10
290 1825 10
1243 699 10
394 406 10
188 671 10
1715 875 10
388 1471 10
1151 1684 10
361 114 10
1356 280 10
1855 1588 10
1908 1921 10
906 382 10
1631 1363 10
291 1288 10
39 76 10
1193 1202 10
1873 1233 10
1377 1062 10
1077 1066 10
746 1293 10
601 349 10
1594 1131 10
1364 368 10
534 90 10
42 777 10
197 1342 10
583 864 10
143 1552 10
94 168 10
85 1615 10
65 143 10
129 766 10
1985 140 10
1554 38 10
1816 347 10
586 629 10
1230 1206 10
1507 1814 10
1717 1911 10
713 462 10
339 795 10
1528 484 10
1912 279 10
1436 48 10
619 999 10
10 286 10
285 1452 10
1520 87 10
778 849 10
775 1974 10
1505 451 10
740 1830 10
1990 58 10
1834 1991 10
1839 1341 10
1242 1460 10
19 1032 10
612 286 10
676 872 10
837 86 10
1833 1526 10
171 266 10
299 1569 10
677 38 10
1945 1000 10
156 38 10
1988 1339 10
1330 292 10
1263 1491 10
1083 1789 10
1719 599 10
1338 509 10
54 1213 10
570 1965 10
1919 1255 10
1239 1729 10
536 290 10
94 243 10
261 1921 10
1212 388 10
1659 455 10
560 589 10
1277 1244 10
1121 383 10
550 1398 10
17 1574 10
432 176 10
1218 1446 10
240 310 10
1105 21 10
3 93 10
623 822 10
521 298 10
707 222 10
538 819 10
1910 1059 10
136 1974 10
184 1289 10
1895 582 10
188 336 10
1355 165 10
345 347 10
1922 1730 10
121 960 10
558 665 10
1470 1079 10
1102 919 10
1263 1215 10
1787 1069 10
103 252 10
1758 1718 10
1224 252 10
366 1743 10
128 1904 10
1167 1352 10
1839 1461 10
1971 709 10
1782 682 10
1672 394 9
146 97 9
251 846 9
1318 514 9
211 376 9
686 40 9
889 1632 9
1443 825 9
1119 1780 9
549 893 9
327 1760 9
1473 1691 9
170 1522 9
1728 1480 9
907 693 9
1664 1610 9
921 538 9
141 882 9
1799 813 9
1929 1192 9
1878 1815 9
1210 1226 9
528 1750 9
1800 1445 9
997 1797 9
200 1217 9
1319 1945 9
1963 123 9
720 31 9
4 491 9
1599 1297 9
221 400 9
298 862 9
1902 466 9
1601 316 9
1009 1519 9
697 419 9
117 1550 9
1727 1172 9
1308 1994 9
749 1724 9
540 576 9
850 1396 9
349 533 9
214 1646 9
1917 476 9
152 460 9
177 306 9
1896 1441 9
52 1437 9
844 13 9
1470 189 9
831 1314 9
677 119 9
1281 373 9
182 1844 9
1348 1874 9
764 1392 9
371 358 9
1760 1369 9
1542 1398 9
151 1551 9
204 1945 9
1873 1305 9
1029 1568 9
1697 60 9
1972 803 9
1539 898 9
997 1949 9
888 1975 9
566 1700 9
560 378 9
1226 940 9
1610 1342 9
1111 561 9
1516 1985 9
278 1455 9
1123 1588 9
452 245 9
1638 80 9
1535 131 9
1772 617 9
1473 1700 9
493 482 9
1052 433 9
1886 1136 9
613 1081 9
239 700 9
1585 1124 9
1938 470 9
1910 333 9
1238 1749 9
554 532 9
584 604 9
339 1281 9
1419 1992 9
1373 630 9
1101 1821 9
1571 725 9
36 936 9
655 936 9
870 1461 9
916 1229 9
1921 746 9
462 1623 9
309 150 9
871 188 9
329 1193 9
294 1216 9
1027 1693 9
1230 1323 9
1207 3 9
1495 1718 9
259 1090 9
1368 1473 9
955 644 9
1483 491 9
485 589 8
435 993 8
594 1846 8
961 1925 8
1023 1242 8
1918 990 8
1430 350 8
362 1670 8
964 1775 8
262 1148 8
1064 370 8
1078 424 8
1539 1705 8
1560 762 8
759 113 8
233 23 8
522 1096 8
1040 1449 8
665 1359 8
50 689 8
749 1411 8
707 1685 8
1638 1783 8
1843 1144 8
1336 24 8
1941 1481 8
1155 1512 8
547 592 8
1251 1093 8
1913 1694 8
300 1849 8
1308 1386 8
1099 460 8
706 902 8
541 1900 8
668 447 8
564 1103 8
1366 1489 8
1007 1759 8
1784 960 8
68 1177 8
1318 1976 8
638 712 8
144 468 8
669 750 8
1382 1851 8
488 1341 8
1764 1609 8
602 1392 8
728 376 8
20 1734 8
240 8 8
1192 939 8
520 1646 8
999 1565 8
300 776 8
201 1805 8
948 1057 8
681 381 8
283 9 8
1852 1178 8
1056 975 8
521 1999 8
1315 161 8
1279 1265 8
1575 906 8
185 941 8
553 603 8
1537 1367 8
18 620 8
1936 330 8
1323 1909 8
631 1414 8
1161 1545 8
113 354 8
1859 846 8
433 1779 8
1855 1914 8
1869 1596 8
1247 1780 8
380 330 8
1477 459 8
1519 1725 8
195 663 8
1702 893 8
1488 238 8
1504 1927 8
1457 925 8
990 1662 8
160 740 8
310 1672 8
477 1183 8
23 761 8
189 1760 8
1035 937 8
1029 582 8
1570 1408 8
1739 1254 8
835 1069 8
1329 1871 8
311 1901 8
503 781 8
1136 1137 8
1567 114 8
1600 836 8
251 1222 8
1207 1236 8
650 1043 8
1067 1385 8
109 507 8
546 1742 8
495 668 8
1679 1572 8
36 1415 8
404 114 8
789 924 8
789 1861 8
82 762 8
652 1739 8
171 1585 8
1391 939 7
474 890 7
1739 1798 7
320 489 7
617 20 7
1708 1102 7
1722 1916 7
209 1720 7
156 881 7
15 807 7
1938 1212 7
1064 1434 7
998 1414 7
1318 4 7
1145 1992 7
1603 668 7
1169 1145 7
1086 1386 7
605 479 7
595 1816 7
227 1166 7
1653 1729 7
1805 139 7
1106 540 7
1362 780 7
816 1620 7
1459 1551 7
1530 1762 7
176 1934 7
279 436 7
1556 1520 7
1328 1435 7
1684 12 7
332 1086 7
508 1261 7
1726 564 7
976 1619 7
321 460 7
1114 680 7
290 1031 7
1685 367 7
405 1399 7
612 1393 7
1028 1074 7
255 1885 7
573 1034 7
594 275 7
101 198 7
1687 474 7
1167 677 7
1319 1577 7
520 1981 7
800 1500 7
154 426 7
576 678 7
112 1742 7
1862 1070 7
777 1985 7
814 979 7
957 1191 7
409 564 7
865 1416 7
632 1662 7
1144 1042 7
1022 794 7
293 1809 7
1371 1939 7
969 406 7
902 1906 7
1622 334 7
853 1951 7
443 1869 7
819 1461 7
1135 1416 7
1180 1861 7
1715 145 7
1652 205 7
1745 737 7
165 1237 7
947 417 7
1333 1479 7
67 148 7
1902 812 7
803 866 7
352 81 7
1728 1221 7
908 1160 7
565 1583 7
1144 1792 7
138 1963 7
1180 1650 7
146 934 7
1678 168 7
1821 965 7
1616 182 7
744 813 7
305 1239 7
1396 971 7
999 678 7
552 571 7
307 1983 7
1111 1718 7
745 333 7
1668 1589 7
846 1608 7
1795 457 7
860 348 7
1089 525 7
833 1563 7
1918 1557 7
25 1112 6
1566 126 6
938 409 6
1108 1292 6
844 256 6
112 842 6
897 1939 6
1479 68 6
1574 1991 6
1140 1211 6
1073 65 6
82 267 6
1789 399 6
286 516 6
482 1041 6
1255 121 6
547 557 6
1679 1667 6
568 604 6
639 1915 6
756 473 6
1600 1537 6
1644 1292 6
1345 1896 6
552 1342 6
1930 1523 6
1174 899 6
369 49 6
416 504 6
1598 602 6
1476 389 6
1253 52 6
987 923 6
500 1856 6
397 529 6
552 1292 6
1821 479 6
78 1766 6
1258 250 6
670 314 6
1998 177 6
876 334 6
259 1091 6
341 952 6
1401 1717 6
1071 1855 6
1563 451 6
1622 1859 6
1516 1318 6
855 1160 6
481 389 6
644 335 6
188 1178 6
1056 218 6
280 1150 6
841 428 6
1172 1118 6
1379 158 6
281 1301 6
1784 1394 6
750 1047 6
195 619 6
1553 1120 6
659 1030 6
1342 370 6
1573 1293 6
375 1621 6
1238 1027 6
1855 50 6
260 1800 6
781 698 6
855 1932 6
145 1406 6
1545 819 6
1667 78 6
1034 1664 6
962 899 6
1547 1816 6
1555 1854 6
619 845 6
1544 638 6
1911 1538 6
1182 1874 6
854 1020 6
1676 184 6
56 1694 6
934 1220 6
390 242 6
1131 470 6
1442 566 6
418 821 6
497 1416 6
1851 1760 6
1752 1439 6
795 164 6
371 531 6
650 441 6
1546 50 6
1670 648 5
1341 455 5
1770 281 5
1316 1792 5
1063 947 5
528 246 5
1072 1392 5
1914 892 5
782 553 5
287 324 5
1923 260 5
1880 1344 5
290 484 5
1024 1229 5
359 1820 5
228 1768 5
709 345 5
92 929 5
1321 1503 5
991 94 5
1137 759 5
382 74 5
1384 1127 5
887 289 5
1796 1702 5
1874 1049 5
105 473 5
1355 712 5
1022 460 5
876 1026 5
1659 1843 5
1973 1826 5
643 1537 5
829 1825 5
66 469 5
1832 1823 5
269 1315 5
1230 473 5
292 431 5
1347 1232 5
249 888 5
210 250 5
1906 1560 5
1890 1872 5
1164 81 5
1985 1117 5
1813 422 5
375 544 5
906 1667 5
1873 1358 5
1878 510 5
1329 1071 5
1930 957 5
648 1325 5
1389 1808 5
1233 936 5
1444 1474 5
603 494 5
1743 1881 5
298 249 5
1565 1018 5
658 652 5
1763 230 5
1835 574 5
280 462 5
1073 674 5
1131 1850 5
1926 683 5
721 1600 5
1040 281 5
236 1302 5
583 1877 5
1817 1980 5
986 1603 5
561 71 5
906 1098 5
1814 1782 5
1512 1116 5
1023 132 5
1179 1199 5
1728 643 5
1347 1834 5
1161 312 5
1805 672 5
1147 1396 5
730 1675 5
1131 269 5
1908 1445 5
938 28 5
446 547 5
188 1532 5
668 443 5
1318 1853 5
1451 11 5
1713 1064 5
647 1544 5
189 1186 5
573 683 5
1 1045 5
1391 383 5
1995 494 5
390 665 5
680 1729 5
1767 1062 5
1355 367 5
1450 87 5
1150 1394 5
325 1680 5
980 1179 5
1394 175 5
1154 1704 5
1926 1929 5
871 220 5
1667 1159 5
1237 1714 5
1549 1130 5
1876 202 5
1427 14 5
580 932 5
1866 1241 5
1555 942 5
1342 1196 5
1251 208 5
860 1554 5
729 685 5
1078 1540 5
1643 416 5
1984 897 5
1790 425 5
1674 1772 5
1118 796 4
1448 295 4
1654 1096 4
1781 1005 4
1813 876 4
1602 506 4
140 1891 4
1101 990 4
1425 307 4
1119 1122 4
775 1004 4
1778 3 4
138 1225 4
988 243 4
53 277 4
509 1647 4
465 1768 4
219 1291 4
912 708 4
222 1524 4
995 338 4
396 1121 4
1786 33 4
744 515 4
650 1226 4
1884 176 4
1272 714 4
543 1782 4
79 1997 4
168 527 4
1906 1799 4
1427 1375 4
35 144 4
494 532 4
1039 853 4
1740 1201 4
140 8 4
431 338 4
879 217 4
1533 1330 4
686 93 4
1980 1805 4
1919 643 4
727 1848 4
269 1825 4
663 1961 4
1656 111 4
1399 145 4
1665 18 4
1331 1400 4
1816 696 4
1013 953 4
1750 1240 4
1392 225 4
1808 758 4
1974 1910 4
163 436 4
14 1185 4
929 828 4
1853 162 4
409 1090 4
1660 316 4
1167 1277 4
1785 730 4
239 1566 4
417 215 4
1348 15 4
1937 327 4
1270 979 4
585 1684 4
890 30 4
1636 818 4
232 194 4
555 873 4
1080 1683 4
1419 231 4
40 550 4
516 1800 4
376 1960 4
949 1556 4
340 1442 4
310 476 4
1609 798 4
1501 1272 4
719 1257 4
671 1102 4
1680 371 4
1280 1904 4
1703 134 4
1092 544 4
605 1187 4
723 824 4
285 1929 4
637 1219 4
368 647 4
650 1365 4
1798 897 4
1806 1399 4
1684 844 4
1871 428 4
958 1648 4
1529 694 4
1254 1364 4
1162 808 4
87 429 4
1740 1758 4
223 1805 4
984 1011 4
777 1878 4
1673 1398 4
1136 1727 4
184 531 4
1014 37 4
907 1097 3
1392 999 3
208 1934 3
118 942 3
1078 754 3
495 1005 3
799 432 3
372 1122 3
45 1632 3
718 1103 3
766 888 3
1446 1324 3
1488 1825 3
884 1458 3
206 1422 3
1725 683 3
1369 1137 3
1481 1286 3
1127 1181 3
1041 523 3
781 349 3
1612 948 3
1892 870 3
1550 991 3
386 786 3
526 199 3
720 753 3
1933 1655 3
1085 1370 3
1005 1919 3
54 274 3
310 329 3
395 1266 3
226 1594 3
1342 1657 3
374 98 3
1857 1670 3
249 582 3
272 134 3
331 893 3
416 1204 3
1671 1725 3
1557 1141 3
1825 47 3
737 1637 3
856 1590 3
1435 291 3
813 1741 3
348 612 3
589 761 3
1201 1873 3
565 1098 3
634 129 3
898 338 3
1461 720 3
480 1588 3
1884 1676 3
616 1557 3
564 1420 3
22 929 3
972 1293 3
1783 1015 3
373 1804 3
594 1936 3
1283 1167 3
1859 1442 3
841 219 3
1335 392 3
1694 570 3
719 708 3
1453 67 3
1578 1196 3
761 944 3
281 1438 3
1313 692 3
518 1991 3
1757 1175 3
269 1780 3
114 1671 3
643 816 3
1065 827 3
1083 338 3
1921 1292 3
1846 560 3
754 656 3
212 1989 3
1884 635 3
755 75 3
1137 1334 3
948 1543 3
1995 1804 3
1451 1112 3
259 120 3
666 1193 3
561 644 3
1316 1151 3
842 1233 3
73 622 3
1604 1017 3
27 515 3
225 1540 3
571 770 3
1520 1358 3
474 1073 3
1471 313 2
964 1778 2
1226 1126 2
1216 1907 2
266 1451 2
1134 421 2
570 232 2
1077 1262 2
281 1015 2
532 874 2
1016 767 2
1223 400 2
1667 1704 2
158 1273 2
1741 151 2
1215 1669 2
1697 586 2
440 463 2
115 1790 2
649 1805 2
1496 665 2
920 1784 2
73 1949 2
1646 1530 2
1267 233 2
596 452 2
1015 1150 2
585 669 2
926 498 2
858 1647 2
584 12 2
1957 337 2
1127 1021 2
636 1732 2
990 816 2
1201 108 2
1065 427 2
1465 1896 2
1813 1916 2
1783 1988 2
37 1584 2
92 1919 2
1189 180 2
1450 452 2
855 193 2
1520 259 2
680 1629 2
1675 1238 2
1197 819 2
779 603 2
1413 1605 2
1747 1231 2
650 1308 2
1033 1571 2
1763 1777 2
667 1754 2
1610 1350 2
505 1152 2
1542 662 2
936 1448 2
93 1584 2
191 936 2
1662 476 2
1914 1804 2
1903 1777 2
251 724 2
1006 478 2
1806 1063 2
673 1131 2
1580 1672 2
1395 196 2
179 1499 2
1664 748 2
1893 22 2
619 1289 2
1047 1528 2
51 895 2
1824 1617 2
1632 877 2
105 1620 2
477 505 2
909 683 2
375 443 2
1530 919 2
787 1142 2
1580 340 2
1895 1020 2
180 1150 2
1007 1186 2
1665 564 2
156 58 2
840 1550 2
187 26 2
611 82 2
1478 202 2
812 564 2
407 1966 2
191 604 2
125 806 2
742 950 2
50 258 2
1952 1835 2
806 1728 2
1930 968 2
1059 632 2
252 993 2
1202 5 2
1429 1639 2
124 1715 2
1655 1302 2
1384 948 2
1417 294 2
538 1350 2
1965 350 2
1454 1421 2
1586 686 2
1194 172 2
443 1145 2
808 74 2
804 452 2
1046 333 2
1784 1224 2
603 815 2
1435 1380 2
366 1505 2
728 1859 2
993 1961 2
1130 878 2
679 326 1
263 1265 1
369 228 1
1566 802 1
246 496 1
491 1516 1
1637 723 1
904 1836 1
1867 1612 1
604 1408 1
188 814 1
937 1878 1
715 158 1
1012 696 1
712 992 1
383 1515 1
594 1486 1
194 691 1
192 211 1
1157 669 1
757 88 1
556 1998 1
1267 1252 1
1545 619 1
1728 78 1
260 197 1
1700 676 1
684 919 1
521 328 1
613 339 1
1301 221 1
513 1540 1
308 1729 1
865 1899 1
21 1220 1
495 986 1
669 527 1
823 311 1
1600 208 1
657 271 1
1635 120 1
575 1178 1
1610 1275 1
762 1434 1
81 1429 1
1846 360 1
1332 1432 1
245 1064 1
1091 942 1
611 0 1
770 1856 1
1657 709 1
760 1339 1
1442 1026 1
247 870 1
1104 1797 1
744 1876 1
83 1414 1
717 1916 1
1503 448 1
228 1604 1
301 1900 1
1814 626 1
633 1605 1
1144 1967 1
195 1957 1
940 1086 1
1572 363 1
776 966 1
1945 1942 1
563 930 1
750 1236 1
960 1996 1
1927 1579 1
686 1532 1
801 178 1
1886 1512 1
1851 1136 1
587 1843 1
1533 1539 1
1688 329 1
1284 1253 1
895 34 1
1264 158 1
533 1575 1
894 37 1
246 409 1
140 333 1
833 591 1
1439 58 1
699 1362 1
804 45 1
613 1651 1
802 345 1
402 88 1
589 365 1
113 284 1
523 527 1
1310 1214 1
1494 1928 1
49 70 1
213 1475 1
371 784 1
475 196 1
1300 317 1
1535 1325 1
