0 1 100
1 2 100
2 3 100
3 4 100
4 5 100
5 4 100
5 1 100
5 4 100
6 2 100
6 3 100
6 4 100
7 4 100
7 5 100
7 6 100
8 4 100
8 5 100
8 6 100
9 7 100
9 7 100
9 4 100
10 6 100
10 8 100
10 1 100
11 10 100
11 5 100
11 4 100
12 10 100
12 11 100
12 6 100
13 6 100
13 4 100
13 8 100
14 3 100
14 12 100
14 10 100
15 1 100
15 4 100
15 6 100
16 8 100
16 11 100
16 0 100
17 13 100
17 16 100
17 4 100
18 16 100
18 0 100
18 12 100
19 2 100
19 14 100
19 6 100
20 6 100
20 6 100
20 15 100
21 6 100
21 10 100
21 0 100
22 5 100
22 4 100
22 21 100
23 11 100
23 1 100
23 10 100
24 12 100
24 0 100
24 3 100
25 7 100
25 13 100
25 1 100
26 17 100
26 22 100
26 22 100
27 26 100
27 24 100
27 26 100
28 22 100
28 0 100
28 7 100
29 4 100
29 26 100
29 4 100
30 9 100
30 1 100
30 9 100
31 11 100
31 14 100
31 1 100
32 6 100
32 4 100
32 6 100
33 14 100
33 24 100
33 8 100
34 4 100
34 14 100
34 0 100
35 1 100
35 23 100
35 7 100
36 22 100
36 4 100
36 17 100
37 0 100
37 21 100
37 11 100
38 35 100
38 22 100
38 8 100
39 4 100
39 23 100
39 1 100
40 24 100
40 4 100
40 6 100
41 16 100
41 4 100
41 12 100
42 27 100
42 15 100
42 40 100
43 1 100
43 32 100
43 10 100
44 12 100
44 14 100
44 3 100
45 1 100
45 4 100
45 11 100
46 17 100
46 1 100
46 6 100
47 7 100
47 4 100
47 7 100
48 16 100
48 6 100
48 7 100
49 17 100
49 23 100
49 21 100
50 0 100
50 12 100
50 1 100
51 4 100
51 6 100
51 28 100
52 4 100
52 16 100
52 31 100
53 7 100
53 12 100
53 25 100
54 4 100
54 14 100
54 53 100
55 3 100
55 3 100
55 4 100
56 16 100
56 52 100
56 38 100
57 7 100
57 8 100
57 55 100
58 14 100
58 25 100
58 50 100
59 0 100
59 11 100
59 26 100
60 39 100
60 7 100
60 27 100
61 7 100
61 56 100
61 4 100
62 6 100
62 27 100
62 9 100
63 29 100
63 31 100
63 53 100
64 5 100
64 11 100
64 40 100
65 6 100
65 13 100
65 55 100
66 6 100
66 22 100
66 62 100
67 11 100
67 55 100
67 10 100
68 0 100
68 5 100
68 39 100
69 52 100
69 4 100
69 15 100
70 11 100
70 16 100
70 3 100
71 14 100
71 10 100
71 24 100
72 15 100
72 16 100
72 60 100
73 4 100
73 49 100
73 22 100
74 7 100
74 4 100
74 10 100
75 39 100
75 16 100
75 41 100
76 6 100
76 75 100
76 31 100
77 9 100
77 63 100
77 31 100
78 33 100
78 40 100
78 56 100
79 28 100
79 12 100
79 35 100
80 27 100
80 56 100
80 26 100
81 11 100
81 26 100
81 14 100
82 75 100
82 79 100
82 12 100
83 4 100
83 8 100
83 15 100
84 9 100
84 2 100
84 53 100
85 9 100
85 28 100
85 0 100
86 4 100
86 6 100
86 12 100
87 11 100
87 17 100
87 40 100
88 4 100
88 10 100
88 7 100
89 12 100
89 57 100
89 68 100
90 16 100
90 14 100
90 54 100
91 7 100
91 57 100
91 25 100
92 8 100
92 13 100
92 14 100
93 74 100
93 85 100
93 4 100
94 77 100
94 36 100
94 60 100
95 3 100
95 4 100
95 28 100
96 14 100
96 17 100
96 65 100
97 44 100
97 74 100
97 7 100
98 26 100
98 49 100
98 85 100
99 83 100
99 40 100
99 73 100
100 15 100
100 5 100
100 17 100
101 83 100
101 49 100
101 61 100
102 0 100
102 7 100
102 85 100
103 42 100
103 99 100
103 5 100
104 14 100
104 5 100
104 27 100
105 4 100
105 32 100
105 90 100
106 12 100
106 11 100
106 104 100
107 28 100
107 6 100
107 22 100
108 75 100
108 7 100
108 12 100
109 55 100
109 52 100
109 74 100
110 17 100
110 60 100
110 69 100
111 4 100
111 17 100
111 80 100
112 3 100
112 17 100
112 45 100
113 4 100
113 16 100
113 41 100
114 4 100
114 10 100
114 14 100
115 49 100
115 72 100
115 93 100
116 30 100
116 13 100
116 99 100
117 1 100
117 7 100
117 34 100
118 3 100
118 0 100
118 10 100
119 14 100
119 26 100
119 27 100
120 6 100
120 22 100
120 23 100
121 0 100
121 18 100
121 26 100
122 81 100
122 1 100
122 17 100
123 1 100
123 16 100
123 40 100
124 4 100
124 22 100
124 10 100
125 7 100
125 1 100
125 0 100
126 1 100
126 32 100
126 4 100
127 38 100
127 21 100
127 60 100
128 72 100
128 8 100
128 24 100
129 12 100
129 72 100
129 26 100
130 6 100
130 32 100
130 7 100
131 17 100
131 34 100
131 106 100
132 16 100
132 63 100
132 112 100
133 1 100
133 5 100
133 23 100
134 39 100
134 14 100
134 114 100
135 3 100
135 62 100
135 14 100
136 0 100
136 0 100
136 27 100
137 16 100
137 17 100
137 0 100
138 7 100
138 16 100
138 8 100
139 0 100
139 31 100
139 62 100
140 7 100
140 11 100
140 17 100
141 75 100
141 6 100
141 33 100
142 11 100
142 120 100
142 26 100
143 22 100
143 109 100
143 30 100
144 133 100
144 124 100
144 1 100
145 1 100
145 125 100
145 38 100
146 136 100
146 26 100
146 7 100
147 1 100
147 84 100
147 32 100
148 23 100
148 91 100
148 115 100
149 17 100
149 27 100
149 8 100
150 9 100
150 12 100
150 76 100
151 72 100
151 82 100
151 59 100
152 26 100
152 32 100
152 80 100
153 14 100
153 85 100
153 4 100
154 4 100
154 17 100
154 72 100
155 16 100
155 93 100
155 113 100
156 62 100
156 47 100
156 14 100
157 91 100
157 38 100
157 17 100
158 9 100
158 1 100
158 16 100
159 72 100
159 82 100
159 85 100
160 76 100
160 139 100
160 148 100
161 8 100
161 71 100
161 82 100
162 24 100
162 8 100
162 39 100
163 155 100
163 95 100
163 16 100
164 10 100
164 106 100
164 63 100
165 12 100
165 136 100
165 70 100
166 39 100
166 17 100
166 55 100
167 2 100
167 20 100
167 31 100
168 53 100
168 90 100
168 162 100
169 31 100
169 116 100
169 22 100
170 100 100
170 97 100
170 23 100
171 99 100
171 164 100
171 100 100
172 7 100
172 44 100
172 0 100
173 16 100
173 21 100
173 58 100
174 17 100
174 53 100
174 136 100
175 16 100
175 5 100
175 7 100
176 46 100
176 166 100
176 90 100
177 66 100
177 11 100
177 82 100
178 128 100
178 94 100
178 108 100
179 103 100
179 64 100
179 93 100
180 11 100
180 80 100
180 169 100
181 94 100
181 107 100
181 7 100
182 0 100
182 130 100
182 87 100
183 79 100
183 72 100
183 24 100
184 54 100
184 24 100
184 53 100
185 5 100
185 16 100
185 164 100
186 15 100
186 186 100
186 148 100
187 4 100
187 1 100
187 64 100
188 128 100
188 151 100
188 0 100
189 152 100
189 92 100
189 144 100
190 14 100
190 31 100
190 26 100
191 179 100
191 29 100
191 69 100
192 17 100
192 21 100
192 104 100
193 7 100
193 64 100
193 44 100
194 7 100
194 150 100
194 15 100
195 122 100
195 135 100
195 1 100
196 5 100
196 27 100
196 65 100
197 7 100
197 123 100
197 123 100
198 14 100
198 16 100
198 24 100
199 132 100
199 17 100
199 70 100
200 38 100
200 70 100
200 128 100
201 14 100
201 122 100
201 197 100
202 104 100
202 39 100
202 11 100
203 1 100
203 182 100
203 117 100
204 90 100
204 112 100
204 3 100
205 55 100
205 93 100
205 110 100
206 171 100
206 4 100
206 96 100
207 2 100
207 4 100
207 17 100
208 119 100
208 93 100
208 106 100
209 99 100
209 126 100
209 113 100
210 5 100
210 53 100
210 8 100
211 177 100
211 14 100
211 32 100
212 3 100
212 7 100
212 106 100
213 74 100
213 99 100
213 0 100
214 25 100
214 164 100
214 191 100
215 164 100
215 17 100
215 87 100
216 12 100
216 141 100
216 177 100
217 6 100
217 1 100
217 194 100
218 34 100
218 50 100
218 50 100
219 93 100
219 28 100
219 106 100
220 17 100
220 111 100
220 148 100
221 90 100
221 22 100
221 100 100
222 18 100
222 74 100
222 145 100
223 149 100
223 5 100
223 126 100
224 106 100
224 126 100
224 73 100
225 7 100
225 5 100
225 141 100
226 49 100
226 115 100
226 9 100
227 6 100
227 7 100
227 14 100
228 7 100
228 153 100
228 1 100
229 77 100
229 116 100
229 136 100
230 5 100
230 80 100
230 56 100
231 6 100
231 176 100
231 136 100
232 0 100
232 21 100
232 65 100
233 5 100
233 14 100
233 69 100
234 4 100
234 7 100
234 31 100
235 7 100
235 6 100
235 9 100
236 11 100
236 40 100
236 174 100
237 50 100
237 4 100
237 69 100
238 27 100
238 30 100
238 49 100
239 11 100
239 28 100
239 39 100
240 7 100
240 3 100
240 8 100
241 17 100
241 139 100
241 180 100
242 75 100
242 85 100
242 240 100
243 6 100
243 137 100
243 22 100
244 134 100
244 97 100
244 0 100
245 4 100
245 124 100
245 169 100
246 136 100
246 157 100
246 11 100
247 110 100
247 102 100
247 146 100
248 135 100
248 233 100
248 7 100
249 128 100
249 113 100
249 137 100
250 206 100
250 23 100
250 17 100
251 14 100
251 40 100
251 151 100
252 12 100
252 118 100
252 0 100
253 230 100
253 7 100
253 131 100
254 188 100
254 61 100
254 17 100
255 0 100
255 19 100
255 69 100
256 17 100
256 41 100
256 81 100
257 14 100
257 7 100
257 56 100
258 114 100
258 133 100
258 4 100
259 121 100
259 27 100
259 93 100
260 0 100
260 61 100
260 139 100
261 26 100
261 70 100
261 188 100
262 22 100
262 180 100
262 52 100
263 22 100
263 9 100
263 47 100
264 129 100
264 247 100
264 235 100
265 49 100
265 6 100
265 168 100
266 164 100
266 254 100
266 7 100
267 125 100
267 175 100
267 128 100
268 242 100
268 56 100
268 199 100
269 57 100
269 23 100
269 63 100
270 13 100
270 108 100
270 6 100
271 93 100
271 212 100
271 90 100
272 28 100
272 11 100
272 14 100
273 0 100
273 45 100
273 70 100
274 12 100
274 17 100
274 81 100
275 212 100
275 194 100
275 66 100
276 9 100
276 28 100
276 56 100
277 171 100
277 199 100
277 219 100
278 233 100
278 25 100
278 197 100
279 5 100
279 34 100
279 40 100
280 40 100
280 4 100
280 208 100
281 193 100
281 97 100
281 9 100
282 124 100
282 17 100
282 18 100
283 3 100
283 220 100
283 235 100
284 64 100
284 138 100
284 7 100
285 5 100
285 16 100
285 32 100
286 24 100
286 16 100
286 33 100
287 7 100
287 44 100
287 268 100
288 28 100
288 99 100
288 118 100
289 95 100
289 227 100
289 16 100
290 31 100
290 277 100
290 1 100
291 148 100
291 4 100
291 17 100
292 1 100
292 31 100
292 16 100
293 12 100
293 102 100
293 188 100
294 21 100
294 78 100
294 126 100
295 122 100
295 160 100
295 0 100
296 58 100
296 201 100
296 4 100
297 124 100
297 290 100
297 44 100
298 19 100
298 228 100
298 4 100
299 50 100
299 6 100
299 144 100
300 46 100
300 2 100
300 65 100
301 6 100
301 8 100
301 93 100
302 75 100
302 32 100
302 63 100
303 26 100
303 298 100
303 39 100
304 21 100
304 4 100
304 16 100
305 129 100
305 123 100
305 10 100
306 63 100
306 176 100
306 10 100
307 214 100
307 164 100
307 12 100
308 41 100
308 120 100
308 103 100
309 31 100
309 120 100
309 40 100
310 16 100
310 23 100
310 53 100
311 307 100
311 258 100
311 4 100
312 6 100
312 7 100
312 39 100
313 16 100
313 88 100
313 164 100
314 6 100
314 139 100
314 64 100
315 16 100
315 4 100
315 5 100
316 123 100
316 11 100
316 120 100
317 58 100
317 297 100
317 18 100
318 0 100
318 217 100
318 192 100
319 236 100
319 0 100
319 70 100
320 67 100
320 100 100
320 117 100
321 245 100
321 198 100
321 211 100
322 4 100
322 139 100
322 62 100
323 10 100
323 203 100
323 15 100
324 12 100
324 44 100
324 88 100
325 11 100
325 39 100
325 73 100
326 8 100
326 270 100
326 126 100
327 172 100
327 255 100
327 28 100
328 75 100
328 173 100
328 75 100
329 10 100
329 31 100
329 14 100
330 171 100
330 235 100
330 269 100
331 265 100
331 0 100
331 126 100
332 308 100
332 14 100
332 170 100
333 61 100
333 164 100
333 4 100
334 93 100
334 0 100
334 57 100
335 320 100
335 309 100
335 12 100
336 22 100
336 23 100
336 34 100
337 65 100
337 242 100
337 34 100
338 61 100
338 72 100
338 106 100
339 79 100
339 125 100
339 14 100
340 116 100
340 236 100
340 97 100
341 17 100
341 6 100
341 139 100
342 26 100
342 1 100
342 291 100
343 85 100
343 121 100
343 201 100
344 4 100
344 11 100
344 76 100
345 83 100
345 270 100
345 52 100
346 203 100
346 261 100
346 14 100
347 79 100
347 12 100
347 4 100
348 12 100
348 86 100
348 104 100
349 64 100
349 7 100
349 1 100
350 100 100
350 226 100
350 257 100
351 317 100
351 221 100
351 27 100
352 4 100
352 33 100
352 104 100
353 22 100
353 123 100
353 75 100
354 0 100
354 20 100
354 276 100
355 26 100
355 48 100
355 11 100
356 55 100
356 181 100
356 0 100
357 22 100
357 75 100
357 299 100
358 324 100
358 17 100
358 349 100
359 227 100
359 78 100
359 335 100
360 233 100
360 22 100
360 166 100
361 146 100
361 1 100
361 242 100
362 27 100
362 247 100
362 272 100
363 27 100
363 90 100
363 106 100
364 132 100
364 7 100
364 1 100
365 188 100
365 1 100
365 8 100
366 7 100
366 118 100
366 181 100
367 125 100
367 1 100
367 79 100
368 73 100
368 219 100
368 3 100
369 188 100
369 230 100
369 358 100
370 16 100
370 55 100
370 203 100
371 7 100
371 282 100
371 54 100
372 73 100
372 75 100
372 222 100
373 11 100
373 333 100
373 358 100
374 352 100
374 65 100
374 127 100
375 8 100
375 10 100
375 47 100
376 258 100
376 204 100
376 4 100
377 5 100
377 0 100
377 342 100
378 83 100
378 88 100
378 110 100
379 11 100
379 42 100
379 73 100
380 313 100
380 62 100
380 85 100
381 319 100
381 176 100
381 10 100
382 21 100
382 125 100
382 16 100
383 39 100
383 61 100
383 66 100
384 61 100
384 222 100
384 147 100
385 177 100
385 358 100
385 5 100
386 62 100
386 154 100
386 4 100
387 0 100
387 1 100
387 171 100
388 62 100
388 44 100
388 39 100
389 211 100
389 342 100
389 53 100
390 26 100
390 147 100
390 63 100
391 7 100
391 40 100
391 220 100
392 11 100
392 12 100
392 88 100
393 10 100
393 22 100
393 44 100
394 16 100
394 88 100
394 104 100
395 34 100
395 22 100
395 361 100
396 6 100
396 60 100
396 104 100
397 4 100
397 145 100
397 0 100
398 30 100
398 62 100
398 286 100
399 22 100
399 42 100
399 125 100
400 4 100
400 121 100
400 245 100
401 119 100
401 7 100
401 194 100
402 98 100
402 7 100
402 147 100
403 221 100
403 86 100
403 104 100
404 61 100
404 341 100
404 22 100
405 24 100
405 59 100
405 84 100
406 2 100
406 29 100
406 95 100
407 0 100
407 3 100
407 13 100
408 4 100
408 121 100
408 4 100
409 14 100
409 16 100
409 68 100
410 0 100
410 72 100
410 14 100
411 20 100
411 54 100
411 94 100
412 232 100
412 395 100
412 66 100
413 6 100
413 31 100
413 72 100
414 175 100
414 1 100
414 239 100
415 18 100
415 357 100
415 16 100
416 6 100
416 14 100
416 5 100
417 243 100
417 7 100
417 394 100
418 27 100
418 21 100
418 203 100
419 368 100
419 363 100
419 170 100
420 180 100
420 7 100
420 27 100
421 303 100
421 0 100
421 10 100
422 1 100
422 61 100
422 198 100
423 7 100
423 101 100
423 5 100
424 298 100
424 6 100
424 246 100
425 56 100
425 21 100
425 69 100
426 243 100
426 134 100
426 10 100
427 96 100
427 104 100
427 164 100
428 10 100
428 46 100
428 303 100
429 4 100
429 5 100
429 189 100
430 4 100
430 10 100
430 178 100
431 160 100
431 379 100
431 106 100
432 13 100
432 195 100
432 123 100
433 0 100
433 125 100
433 7 100
434 27 100
434 40 100
434 8 100
435 66 100
435 114 100
435 159 100
436 322 100
436 219 100
436 20 100
437 1 100
437 223 100
437 4 100
438 5 100
438 368 100
438 201 100
439 190 100
439 27 100
439 36 100
440 200 100
440 43 100
440 76 100
441 52 100
441 3 100
441 5 100
442 406 100
442 31 100
442 203 100
443 75 100
443 111 100
443 194 100
444 223 100
444 31 100
444 22 100
445 118 100
445 126 100
445 7 100
446 263 100
446 40 100
446 206 100
447 1 100
447 135 100
447 57 100
448 27 100
448 181 100
448 364 100
449 385 100
449 387 100
449 1 100
450 435 100
450 242 100
450 326 100
451 47 100
451 140 100
451 212 100
452 5 100
452 62 100
452 252 100
453 5 100
453 10 100
453 11 100
454 318 100
454 405 100
454 145 100
455 178 100
455 16 100
455 10 100
456 39 100
456 83 100
456 99 100
457 85 100
457 326 100
457 16 100
458 6 100
458 40 100
458 370 100
459 9 100
459 44 100
459 428 100
460 201 100
460 13 100
460 218 100
461 207 100
461 38 100
461 11 100
462 17 100
462 295 100
462 344 100
463 153 100
463 378 100
463 40 100
464 4 100
464 225 100
464 26 100
465 73 100
465 171 100
465 372 100
466 80 100
466 0 100
466 297 100
467 126 100
467 10 100
467 133 100
468 18 100
468 102 100
468 7 100
469 11 100
469 70 100
469 145 100
470 339 100
470 69 100
470 442 100
471 462 100
471 85 100
471 101 100
472 11 100
472 62 100
472 314 100
473 40 100
473 103 100
473 7 100
474 4 100
474 95 100
474 212 100
475 31 100
475 91 100
475 6 100
476 26 100
476 44 100
476 382 100
477 5 100
477 75 100
477 40 100
478 166 100
478 211 100
478 53 100
479 64 100
479 299 100
479 11 100
480 13 100
480 40 100
480 279 100
481 26 100
481 0 100
481 62 100
482 201 100
482 237 100
482 12 100
483 201 100
483 87 100
483 80 100
484 304 100
484 10 100
484 35 100
485 6 100
485 149 100
485 16 100
486 6 100
486 40 100
486 16 100
487 4 100
487 62 100
487 38 100
488 364 100
488 242 100
488 4 100
489 16 100
489 357 100
489 170 100
490 63 100
490 64 100
490 271 100
491 93 100
491 458 100
491 4 100
492 7 100
492 188 100
492 6 100
493 122 100
493 21 100
493 204 100
494 332 100
494 86 100
494 207 100
495 27 100
495 226 100
495 410 100
496 184 100
496 439 100
496 4 100
497 28 100
497 118 100
497 195 100
498 426 100
498 236 100
498 93 100
499 92 100
499 203 100
499 4 100
500 4 100
500 17 100
500 343 100
501 395 100
501 8 100
501 0 100
502 208 100
502 69 100
502 193 100
503 33 100
503 56 100
503 189 100
504 8 100
504 412 100
504 13 100
505 434 100
505 6 100
505 4 100
506 437 100
506 320 100
506 4 100
507 84 100
507 226 100
507 76 100
508 63 100
508 125 100
508 130 100
509 201 100
509 167 100
509 5 100
510 16 100
510 279 100
510 60 100
511 38 100
511 70 100
511 85 100
512 25 100
512 69 100
512 376 100
513 135 100
513 1 100
513 100 100
514 75 100
514 148 100
514 351 100
515 212 100
515 353 100
515 30 100
516 502 100
516 236 100
516 245 100
517 62 100
517 99 100
517 256 100
518 8 100
518 184 100
518 324 100
519 250 100
519 289 100
519 70 100
520 7 100
520 378 100
520 77 100
521 7 100
521 104 100
521 397 100
522 76 100
522 40 100
522 110 100
523 149 100
523 7 100
523 8 100
524 201 100
524 56 100
524 228 100
525 9 100
525 54 100
525 147 100
526 226 100
526 415 100
526 14 100
527 18 100
527 11 100
527 63 100
528 28 100
528 44 100
528 47 100
529 153 100
529 165 100
529 14 100
530 326 100
530 15 100
530 39 100
531 363 100
531 439 100
531 7 100
532 15 100
532 0 100
532 104 100
533 144 100
533 358 100
533 366 100
534 406 100
534 277 100
534 368 100
535 83 100
535 514 100
535 22 100
536 14 100
536 52 100
536 99 100
537 235 100
537 62 100
537 98 100
538 104 100
538 191 100
538 396 100
539 11 100
539 75 100
539 99 100
540 25 100
540 100 100
540 276 100
541 11 100
541 506 100
541 66 100
542 26 100
542 254 100
542 273 100
543 83 100
543 183 100
543 14 100
544 16 100
544 124 100
544 380 100
545 64 100
545 494 100
545 1 100
546 12 100
546 32 100
546 89 100
547 492 100
547 71 100
547 7 100
548 30 100
548 7 100
548 333 100
549 190 100
549 114 100
549 201 100
550 240 100
550 10 100
550 43 100
551 11 100
551 57 100
551 76 100
552 27 100
552 52 100
552 11 100
553 168 100
553 135 100
553 0 100
554 27 100
554 33 100
554 120 100
555 12 100
555 340 100
555 353 100
556 4 100
556 40 100
556 58 100
557 538 100
557 133 100
557 9 100
558 7 100
558 11 100
558 363 100
559 357 100
559 60 100
559 324 100
560 392 100
560 485 100
560 491 100
561 31 100
561 47 100
561 386 100
562 167 100
562 485 100
562 40 100
563 6 100
563 0 100
563 560 100
564 51 100
564 187 100
564 324 100
565 111 100
565 4 100
565 14 100
566 0 100
566 96 100
566 5 100
567 279 100
567 102 100
567 63 100
568 9 100
568 5 100
568 55 100
569 7 100
569 0 100
569 55 100
570 17 100
570 205 100
570 69 100
571 34 100
571 72 100
571 547 100
572 342 100
572 13 100
572 433 100
573 80 100
573 324 100
573 68 100
574 191 100
574 307 100
574 440 100
575 427 100
575 349 100
575 6 100
576 54 100
576 550 100
576 528 100
577 547 100
577 54 100
577 187 100
578 314 100
578 527 100
578 271 100
579 478 100
579 64 100
579 114 100
580 86 100
580 50 100
580 248 100
581 12 100
581 81 100
581 17 100
582 199 100
582 12 100
582 381 100
583 7 100
583 276 100
583 487 100
584 35 100
584 55 100
584 471 100
585 10 100
585 21 100
585 26 100
586 7 100
586 236 100
586 355 100
587 22 100
587 167 100
587 260 100
588 177 100
588 184 100
588 194 100
589 433 100
589 134 100
589 361 100
590 27 100
590 465 100
590 40 100
591 129 100
591 326 100
591 81 100
592 253 100
592 204 100
592 78 100
593 3 100
593 4 100
593 11 100
594 479 100
594 16 100
594 374 100
595 28 100
595 83 100
595 19 100
596 203 100
596 383 100
596 295 100
597 49 100
597 201 100
597 320 100
598 73 100
598 93 100
598 561 100
599 1 100
599 562 100
599 94 100
600 264 100
600 319 100
600 22 100
601 57 100
601 68 100
601 85 100
602 1 100
602 574 100
602 561 100
603 153 100
603 205 100
603 153 100
604 5 100
604 9 100
604 118 100
605 23 100
605 13 100
605 525 100
606 63 100
606 15 100
606 89 100
607 55 100
607 560 100
607 147 100
608 192 100
608 108 100
608 358 100
609 8 100
609 431 100
609 427 100
610 307 100
610 14 100
610 28 100
611 462 100
611 578 100
611 178 100
612 400 100
612 7 100
612 12 100
613 499 100
613 72 100
613 128 100
614 526 100
614 35 100
614 3 100
615 6 100
615 64 100
615 436 100
616 4 100
616 13 100
616 65 100
617 24 100
617 68 100
617 164 100
618 44 100
618 500 100
618 61 100
619 17 100
619 35 100
619 434 100
620 342 100
620 441 100
620 61 100
621 160 100
621 307 100
621 300 100
622 115 100
622 133 100
622 485 100
623 346 100
623 497 100
623 107 100
624 2 100
624 34 100
624 144 100
625 16 100
625 116 100
625 57 100
626 412 100
626 129 100
626 14 100
627 494 100
627 322 100
627 12 100
628 8 100
628 142 100
628 164 100
629 143 100
629 367 100
629 33 100
630 93 100
630 319 100
630 22 100
631 94 100
631 59 100
631 7 100
632 23 100
632 5 100
632 498 100
633 471 100
633 55 100
633 20 100
634 126 100
634 4 100
634 69 100
635 1 100
635 226 100
635 281 100
636 630 100
636 57 100
636 269 100
637 411 100
637 57 100
637 101 100
638 466 100
638 1 100
638 13 100
639 11 100
639 129 100
639 31 100
640 170 100
640 505 100
640 12 100
641 263 100
641 155 100
641 296 100
642 251 100
642 268 100
642 32 100
643 236 100
643 187 100
643 8 100
644 411 100
644 13 100
644 11 100
645 126 100
645 530 100
645 420 100
646 36 100
646 231 100
646 375 100
647 6 100
647 6 100
647 639 100
648 176 100
648 100 100
648 375 100
649 132 100
649 279 100
649 167 100
650 157 100
650 184 100
650 95 100
651 17 100
651 408 100
651 62 100
652 20 100
652 4 100
652 5 100
653 7 100
653 312 100
653 140 100
654 192 100
654 7 100
654 48 100
655 377 100
655 495 100
655 565 100
656 100 100
656 15 100
656 351 100
657 173 100
657 147 100
657 34 100
658 5 100
658 68 100
658 136 100
659 72 100
659 60 100
659 4 100
660 48 100
660 279 100
660 123 100
661 369 100
661 11 100
661 211 100
662 307 100
662 535 100
662 22 100
663 164 100
663 118 100
663 45 100
664 144 100
664 529 100
664 349 100
665 56 100
665 487 100
665 430 100
666 641 100
666 57 100
666 184 100
667 427 100
667 85 100
667 39 100
668 134 100
668 433 100
668 479 100
669 53 100
669 68 100
669 71 100
670 14 100
670 47 100
670 275 100
671 513 100
671 56 100
671 65 100
672 7 100
672 87 100
672 63 100
673 238 100
673 656 100
673 23 100
674 12 100
674 127 100
674 271 100
675 509 100
675 529 100
675 73 100
676 206 100
676 7 100
676 139 100
677 120 100
677 437 100
677 94 100
678 8 100
678 61 100
678 421 100
679 126 100
679 528 100
679 279 100
680 31 100
680 48 100
680 57 100
681 272 100
681 276 100
681 299 100
682 39 100
682 216 100
682 303 100
683 7 100
683 208 100
683 0 100
684 40 100
684 114 100
684 407 100
685 149 100
685 72 100
685 269 100
686 40 100
686 169 100
686 608 100
687 16 100
687 4 100
687 236 100
688 109 100
688 113 100
688 31 100
689 323 100
689 519 100
689 56 100
690 80 100
690 139 100
690 14 100
691 12 100
691 227 100
691 244 100
692 44 100
692 1 100
692 85 100
693 57 100
693 61 100
693 177 100
694 436 100
694 82 100
694 16 100
695 1 100
695 574 100
695 176 100
696 195 100
696 177 100
696 660 100
697 259 100
697 4 100
697 376 100
698 40 100
698 366 100
698 546 100
699 58 100
699 38 100
699 16 100
700 410 100
700 520 100
700 31 100
701 194 100
701 522 100
701 637 100
702 8 100
702 68 100
702 106 100
703 290 100
703 441 100
703 104 100
704 625 100
704 0 100
704 0 100
705 80 100
705 176 100
705 21 100
706 7 100
706 537 100
706 324 100
707 1 100
707 22 100
707 583 100
708 607 100
708 0 100
708 309 100
709 468 100
709 214 100
709 274 100
710 16 100
710 15 100
710 193 100
711 93 100
711 561 100
711 16 100
712 22 100
712 44 100
712 550 100
713 27 100
713 28 100
713 491 100
714 517 100
714 226 100
714 302 100
715 169 100
715 31 100
715 124 100
716 130 100
716 5 100
716 194 100
717 372 100
717 39 100
717 73 100
718 231 100
718 708 100
718 143 100
719 286 100
719 388 100
719 0 100
720 85 100
720 104 100
720 99 100
721 17 100
721 23 100
721 100 100
722 349 100
722 500 100
722 435 100
723 256 100
723 678 100
723 12 100
724 313 100
724 70 100
724 436 100
725 166 100
725 656 100
725 283 100
726 295 100
726 355 100
726 201 100
727 530 100
727 231 100
727 5 100
728 705 100
728 25 100
728 11 100
729 575 100
729 6 100
729 34 100
730 10 100
730 663 100
730 17 100
731 6 100
731 126 100
731 310 100
732 134 100
732 95 100
732 6 100
733 137 100
733 62 100
733 97 100
734 379 100
734 169 100
734 6 100
735 590 100
735 644 100
735 62 100
736 536 100
736 423 100
736 97 100
737 10 100
737 223 100
737 588 100
738 702 100
738 286 100
738 603 100
739 0 100
739 289 100
739 387 100
740 3 100
740 7 100
740 97 100
741 302 100
741 553 100
741 708 100
742 61 100
742 113 100
742 13 100
743 665 100
743 5 100
743 5 100
744 203 100
744 4 100
744 39 100
745 16 100
745 38 100
745 98 100
746 650 100
746 27 100
746 47 100
747 358 100
747 53 100
747 136 100
748 17 100
748 232 100
748 584 100
749 424 100
749 235 100
749 487 100
750 98 100
750 461 100
750 95 100
751 340 100
751 737 100
751 645 100
752 17 100
752 160 100
752 31 100
753 74 100
753 233 100
753 14 100
754 86 100
754 76 100
754 592 100
755 51 100
755 227 100
755 6 100
756 75 100
756 321 100
756 7 100
757 509 100
757 553 100
757 31 100
758 176 100
758 319 100
758 96 100
759 695 100
759 5 100
759 130 100
760 274 100
760 23 100
760 14 100
761 139 100
761 568 100
761 10 100
762 117 100
762 654 100
762 21 100
763 367 100
763 96 100
763 502 100
764 91 100
764 194 100
764 5 100
765 302 100
765 194 100
765 484 100
766 330 100
766 17 100
766 16 100
767 70 100
767 104 100
767 205 100
768 6 100
768 507 100
768 613 100
769 289 100
769 4 100
769 194 100
770 402 100
770 5 100
770 309 100
771 71 100
771 312 100
771 341 100
772 17 100
772 240 100
772 6 100
773 491 100
773 82 100
773 186 100
774 476 100
774 456 100
774 106 100
775 617 100
775 40 100
775 240 100
776 62 100
776 242 100
776 474 100
777 64 100
777 206 100
777 274 100
778 344 100
778 15 100
778 218 100
779 617 100
779 247 100
779 286 100
780 80 100
780 7 100
780 214 100
781 24 100
781 164 100
781 12 100
782 276 100
782 7 100
782 542 100
783 28 100
783 626 100
783 415 100
784 22 100
784 627 100
784 27 100
785 230 100
785 600 100
785 304 100
786 31 100
786 516 100
786 32 100
787 10 100
787 276 100
787 492 100
788 729 100
788 11 100
788 43 100
789 242 100
789 104 100
789 40 100
790 248 100
790 233 100
790 410 100
791 14 100
791 147 100
791 497 100
792 1 100
792 535 100
792 164 100
793 489 100
793 786 100
793 117 100
794 26 100
794 537 100
794 3 100
795 61 100
795 10 100
795 283 100
796 326 100
796 232 100
796 791 100
797 687 100
797 79 100
797 489 100
798 22 100
798 22 100
798 5 100
799 134 100
799 450 100
799 7 100
