672 492 99
574 302 99
95 466 99
26 288 99
625 776 99
80 411 99
242 310 99
544 43 99
765 49 99
92 197 99
628 465 99
681 381 99
691 57 99
783 509 99
433 186 99
628 592 99
610 112 99
447 474 99
594 304 99
695 613 99
155 12 99
317 547 99
615 47 99
10 415 99
201 147 99
712 786 99
735 53 99
609 161 99
776 277 99
731 83 99
352 641 99
330 486 99
295 354 99
342 438 99
1 619 99
406 503 99
143 751 99
708 287 99
414 441 99
645 747 99
682 243 99
334 15 99
311 744 99
143 275 99
77 678 99
305 704 99
430 708 99
512 14 99
37 511 99
566 246 99
95 149 99
111 527 99
473 377 99
676 372 99
315 163 99
626 295 99
82 761 99
752 603 99
77 238 99
143 93 99
272 665 99
189 313 99
161 69 99
50 84 99
744 498 99
349 105 99
194 412 99
468 643 99
89 535 99
729 131 99
183 789 99
734 390 99
720 260 99
567 256 99
607 621 99
762 699 99
598 265 99
460 31 99
194 321 99
315 554 99
369 226 99
428 348 99
429 245 99
490 208 99
564 432 99
142 704 99
452 8 99
129 389 99
698 541 99
655 25 99
208 162 99
76 155 99
7 486 99
557 586 99
168 740 99
454 259 99
32 73 99
533 200 99
182 307 99
175 383 99
669 71 99
730 551 99
729 485 99
151 187 99
110 166 99
70 167 99
413 435 99
179 130 99
128 251 99
33 6 99
581 230 99
320 704 99
368 100 99
625 410 98
295 693 98
790 32 98
313 752 98
391 722 98
574 614 98
306 232 98
508 423 98
386 453 98
733 131 98
231 147 98
604 782 98
489 400 98
114 658 98
438 147 98
562 718 98
191 274 98
112 9 98
435 632 98
600 22 98
722 221 98
355 759 98
778 652 98
525 720 98
324 163 98
462 674 98
714 175 98
141 613 98
427 310 98
433 572 98
367 682 98
367 769 98
281 640 98
79 799 98
483 660 98
558 61 98
225 452 98
226 206 98
751 560 98
599 19 98
374 308 98
759 260 98
712 713 98
510 506 98
588 450 98
64 753 98
140 51 98
2 608 98
233 330 98
619 330 98
694 726 98
511 10 98
672 639 98
460 79 98
196 158 98
406 147 98
472 791 98
34 778 98
107 504 98
402 322 98
667 670 98
514 708 98
583 244 98
761 749 98
276 460 98
424 574 98
376 349 98
5 476 98
676 790 98
436 239 98
16 172 98
483 147 98
469 165 98
152 423 98
117 358 98
537 138 98
760 240 98
374 23 98
712 433 98
243 791 98
491 131 98
327 155 98
558 40 98
774 412 98
469 11 98
106 223 98
198 93 98
417 614 98
343 584 98
12 4 98
37 272 98
3 786 98
309 22 98
129 608 98
489 422 98
178 148 98
671 300 98
586 34 98
489 759 98
447 304 98
159 401 98
412 547 98
798 552 98
112 419 98
616 125 98
408 29 98
581 516 97
467 563 97
291 640 97
634 315 97
728 758 97
390 339 97
712 86 97
17 414 97
274 246 97
1 665 97
404 553 97
395 55 97
792 725 97
568 762 97
372 11 97
545 789 97
505 203 97
48 754 97
625 745 97
390 697 97
660 479 97
613 601 97
218 661 97
557 246 97
709 497 97
300 69 97
158 276 97
731 287 97
27 271 97
256 740 97
459 788 97
664 698 97
288 635 97
203 455 97
574 691 97
462 22 97
768 238 97
536 638 97
77 681 97
694 685 97
189 175 97
60 272 97
586 288 97
130 392 97
672 158 97
29 283 97
351 98 97
119 425 97
578 793 97
790 589 97
559 49 97
710 234 97
231 65 97
275 283 97
443 94 97
295 590 97
523 699 97
687 577 97
418 316 97
159 122 97
662 259 97
321 621 97
682 39 97
55 633 97
213 450 97
420 538 97
48 489 97
288 25 97
503 76 97
175 368 97
232 575 97
781 141 97
581 413 97
480 629 97
234 7 97
650 86 97
394 778 97
713 38 97
484 517 97
739 339 97
15 321 97
714 169 97
782 151 97
339 612 97
419 574 97
343 610 97
699 162 97
695 743 97
709 773 97
194 659 97
211 719 97
471 192 97
344 557 97
484 495 97
743 721 97
778 617 97
26 25 97
341 46 97
724 687 97
320 222 97
293 106 97
747 394 97
757 311 97
526 90 97
773 265 97
731 638 97
163 427 97
786 107 97
520 759 97
748 323 97
114 301 97
790 205 97
399 503 97
275 656 97
545 386 97
261 375 97
486 8 97
615 579 97
85 768 97
120 63 97
703 5 97
36 297 97
113 15 97
58 518 96
474 147 96
200 436 96
469 618 96
403 248 96
275 136 96
90 40 96
264 693 96
553 713 96
50 264 96
627 793 96
734 420 96
458 507 96
443 116 96
503 789 96
612 661 96
288 128 96
400 608 96
489 31 96
507 355 96
199 554 96
635 672 96
643 792 96
262 371 96
715 13 96
385 606 96
435 779 96
799 448 96
769 460 96
124 279 96
717 355 96
124 65 96
744 175 96
177 560 96
571 580 96
341 782 96
42 343 96
412 136 96
227 153 96
252 377 96
206 89 96
188 503 96
71 450 96
44 359 96
514 653 96
282 439 96
110 12 96
207 532 96
560 510 96
227 259 96
791 246 96
490 520 96
667 288 96
659 739 96
58 255 96
468 721 96
767 131 96
528 336 96
82 359 96
10 145 96
516 678 96
221 79 96
31 632 96
672 521 96
159 50 96
228 123 96
607 147 96
364 767 96
490 269 96
208 721 96
305 332 96
309 767 96
367 83 96
258 227 96
631 547 96
749 572 96
786 280 96
567 330 96
290 32 96
17 564 96
776 643 96
267 153 96
393 238 96
282 413 96
239 176 96
69 636 96
399 431 96
121 659 96
711 40 96
63 470 96
343 96 96
641 650 96
777 375 96
520 730 96
322 265 96
324 89 96
155 325 96
446 175 96
213 5 96
331 428 96
781 384 96
418 53 96
674 50 96
791 648 96
217 102 96
7 272 96
107 478 96
695 494 96
624 217 96
532 644 96
510 43 96
759 317 96
561 410 96
255 65 96
630 738 96
153 308 96
628 24 96
23 730 96
617 677 96
116 314 96
388 602 96
318 386 96
438 155 96
265 533 96
85 571 96
788 115 96
677 560 96
739 424 96
208 76 96
669 357 96
525 425 96
208 90 96
670 678 95
465 675 95
66 287 95
730 540 95
686 357 95
728 384 95
209 278 95
606 634 95
595 86 95
103 626 95
531 660 95
416 134 95
394 121 95
438 390 95
552 284 95
479 17 95
189 763 95
390 242 95
533 741 95
343 21 95
663 398 95
535 78 95
317 23 95
494 299 95
425 35 95
312 787 95
793 15 95
569 62 95
675 189 95
145 284 95
206 77 95
101 249 95
215 789 95
75 144 95
727 661 95
527 503 95
797 493 95
420 28 95
26 226 95
612 647 95
146 200 95
70 141 95
279 274 95
73 130 95
342 479 95
441 510 95
576 178 95
310 150 95
249 606 95
4 690 95
469 713 95
303 779 95
281 352 95
784 794 95
702 519 95
284 379 95
143 377 95
231 509 95
331 254 95
575 473 95
160 712 95
799 676 95
102 152 95
327 67 95
526 432 95
32 776 95
262 122 95
292 727 95
697 579 95
628 246 95
617 533 95
547 31 95
255 470 95
427 659 95
531 409 95
790 170 95
715 235 95
627 697 95
81 650 95
582 600 95
291 174 95
533 752 95
123 72 95
543 288 95
69 503 95
112 700 95
160 439 95
512 131 95
410 618 95
608 705 95
728 510 95
27 741 95
534 184 95
791 109 95
55 600 95
634 223 95
608 697 95
461 308 95
84 119 95
118 600 95
62 233 95
363 596 95
686 787 95
118 100 95
81 706 95
104 545 95
229 742 95
581 275 95
523 280 95
173 92 95
116 149 95
63 529 95
180 702 95
691 292 95
605 705 95
518 340 95
517 389 95
169 152 95
18 42 95
336 435 95
333 729 95
460 773 95
616 530 95
366 638 95
479 788 95
167 788 95
714 478 95
671 521 95
169 477 95
246 350 95
528 215 95
24 482 95
714 265 95
328 314 95
166 68 95
308 173 95
576 515 95
370 765 95
259 80 95
89 429 95
351 157 95
607 364 94
753 717 94
680 311 94
451 751 94
440 754 94
51 646 94
589 444 94
796 523 94
132 379 94
620 642 94
706 733 94
136 239 94
401 508 94
753 593 94
665 430 94
603 773 94
791 80 94
706 675 94
478 111 94
507 334 94
583 523 94
221 395 94
768 536 94
690 505 94
274 453 94
462 321 94
472 436 94
220 751 94
257 507 94
135 212 94
531 442 94
495 674 94
595 131 94
298 90 94
746 705 94
788 500 94
619 133 94
355 5 94
695 217 94
342 373 94
380 38 94
51 397 94
45 198 94
214 62 94
114 505 94
577 674 94
742 448 94
474 173 94
60 687 94
47 106 94
690 197 94
223 0 94
546 293 94
26 525 94
416 116 94
311 339 94
198 265 94
728 290 94
587 398 94
43 213 94
2 375 94
492 130 94
673 628 94
73 288 94
12 196 94
711 449 94
563 164 94
494 115 94
339 33 94
554 654 94
616 22 94
723 149 94
670 565 94
254 531 94
528 619 94
222 359 94
230 443 94
643 425 94
399 2 94
741 470 94
254 93 94
44 532 94
484 504 94
482 70 94
313 492 94
591 708 94
456 294 94
118 219 94
119 597 94
197 370 94
532 757 94
432 729 94
604 379 94
732 680 94
595 768 94
149 472 94
585 673 94
198 341 94
794 31 94
409 106 94
519 136 94
170 527 94
664 474 94
695 18 94
712 373 94
479 416 94
798 503 94
569 19 94
733 33 94
714 732 94
379 81 94
161 276 94
404 273 94
430 499 93
565 161 93
492 710 93
46 4 93
94 641 93
469 357 93
755 154 93
115 204 93
681 730 93
313 500 93
285 519 93
173 469 93
379 331 93
722 197 93
732 229 93
25 373 93
596 706 93
666 684 93
153 121 93
781 28 93
466 276 93
438 648 93
682 340 93
72 627 93
522 122 93
726 578 93
518 374 93
687 706 93
542 790 93
390 181 93
533 365 93
790 256 93
332 714 93
729 632 93
653 186 93
125 239 93
327 83 93
37 456 93
406 643 93
559 697 93
295 659 93
505 355 93
505 781 93
483 242 93
353 144 93
216 51 93
771 756 93
728 579 93
339 531 93
321 555 93
124 497 93
509 790 93
19 463 93
162 618 93
432 342 93
297 157 93
148 668 93
406 30 93
754 396 93
717 705 93
33 433 93
644 410 93
564 374 93
580 5 93
517 35 93
764 246 93
775 660 93
482 330 93
184 689 93
482 261 93
471 312 93
369 312 93
167 407 93
317 42 93
753 638 93
313 719 93
396 525 93
105 627 93
634 599 93
474 62 93
769 506 93
475 132 93
716 304 93
189 577 93
14 582 93
483 144 93
106 99 93
637 479 93
558 187 93
617 658 93
699 322 93
552 349 93
706 509 93
518 240 93
16 554 93
255 246 93
252 103 93
23 111 93
684 510 93
791 413 93
27 578 93
327 4 93
35 304 93
191 646 93
283 282 93
611 245 93
36 747 93
769 129 93
305 396 93
323 652 93
269 171 93
118 249 93
333 304 93
289 573 93
754 252 93
477 673 93
596 280 93
174 128 93
80 237 93
341 282 93
173 394 93
165 207 93
381 13 93
784 648 93
651 290 93
85 164 92
243 130 92
545 636 92
621 245 92
667 726 92
93 293 92
46 50 92
598 183 92
453 450 92
584 478 92
762 261 92
525 520 92
446 367 92
794 192 92
185 393 92
774 226 92
661 527 92
76 66 92
518 292 92
425 586 92
754 36 92
10 65 92
701 146 92
554 173 92
219 210 92
70 133 92
565 342 92
752 149 92
270 768 92
243 194 92
99 229 92
250 460 92
48 514 92
281 486 92
260 651 92
165 631 92
463 717 92
710 273 92
396 439 92
475 607 92
249 746 92
381 149 92
273 61 92
706 382 92
78 661 92
31 323 92
765 383 92
422 749 92
4 85 92
41 201 92
605 720 92
635 700 92
546 777 92
411 340 92
339 471 92
162 68 92
779 650 92
143 584 92
252 409 92
128 19 92
430 381 92
458 664 92
303 328 92
311 560 92
760 296 92
723 236 92
534 115 92
56 564 92
613 220 92
484 468 92
698 454 92
599 419 92
44 794 92
66 620 92
589 498 92
681 10 92
229 559 92
149 654 92
703 115 92
267 574 92
356 764 92
448 23 92
594 789 92
534 462 92
778 724 92
292 141 92
168 78 92
246 38 92
247 313 92
424 477 92
268 139 92
305 168 92
86 143 92
66 271 92
692 95 92
259 660 92
283 263 92
135 53 92
659 641 92
61 614 92
374 221 92
493 253 92
171 755 92
570 150 92
332 494 92
3 671 92
430 78 92
339 371 92
681 724 92
673 121 92
715 678 92
242 577 92
410 300 92
797 186 92
627 427 92
677 723 92
511 127 92
318 788 92
709 515 91
53 721 91
679 469 91
423 418 91
280 507 91
546 381 91
296 567 91
245 405 91
293 702 91
424 247 91
697 767 91
393 596 91
677 168 91
65 578 91
231 293 91
307 591 91
421 782 91
644 637 91
439 517 91
625 294 91
571 278 91
311 38 91
265 727 91
722 64 91
509 72 91
288 280 91
367 366 91
314 545 91
498 360 91
578 268 91
719 550 91
157 115 91
295 235 91
363 712 91
680 214 91
58 611 91
601 63 91
615 1 91
776 361 91
190 428 91
748 497 91
482 599 91
534 25 91
310 543 91
648 428 91
648 235 91
454 307 91
321 494 91
492 113 91
796 433 91
437 32 91
449 750 91
55 635 91
480 640 91
639 431 91
502 420 91
675 318 91
194 509 91
691 550 91
476 362 91
670 290 91
584 252 91
3 165 91
353 393 91
270 694 91
730 383 91
35 301 91
430 600 91
47 239 91
409 6 91
80 767 91
83 20 91
408 279 91
718 766 91
673 595 91
67 175 91
149 366 91
327 361 91
142 787 91
206 336 91
595 192 91
636 354 91
457 127 91
1 539 91
66 228 91
611 261 91
509 387 91
187 30 91
659 724 91
119 389 91
534 380 91
626 175 91
53 678 91
616 694 91
284 481 91
684 282 91
191 564 91
319 276 91
241 540 91
747 345 91
325 530 91
60 789 91
413 266 91
760 457 91
689 107 91
474 215 91
380 455 91
628 347 91
567 239 91
468 314 91
686 464 91
54 257 91
556 564 91
292 93 91
334 774 91
526 414 91
470 443 91
635 455 90
27 187 90
7 646 90
317 239 90
707 576 90
368 236 90
211 131 90
342 35 90
433 269 90
655 109 90
527 24 90
96 44 90
487 338 90
490 285 90
179 299 90
249 566 90
759 433 90
206 714 90
695 442 90
46 29 90
322 452 90
401 365 90
147 775 90
11 435 90
569 592 90
269 671 90
664 71 90
186 245 90
602 495 90
569 428 90
590 292 90
256 123 90
320 103 90
621 639 90
689 551 90
456 452 90
42 753 90
781 267 90
658 277 90
285 104 90
175 42 90
354 92 90
614 190 90
11 606 90
431 222 90
333 591 90
212 85 90
169 645 90
0 421 90
745 44 90
9 531 90
675 588 90
757 300 90
110 451 90
781 26 90
715 616 90
288 496 90
267 335 90
17 162 90
277 618 90
5 457 90
461 82 90
215 95 90
707 90 90
68 479 90
732 373 90
66 220 90
162 514 90
603 598 90
73 171 90
757 176 90
104 94 90
643 362 90
204 432 90
638 226 90
486 754 90
217 339 90
299 489 90
349 419 90
748 119 90
27 764 90
63 184 90
229 682 90
144 108 90
149 79 90
538 25 90
89 151 90
213 211 90
353 452 90
334 526 90
575 203 90
286 748 90
298 312 90
436 71 90
376 294 90
180 351 90
468 358 90
3 102 90
254 232 90
213 53 90
128 491 90
713 96 90
593 105 90
681 614 90
94 63 90
383 547 90
274 542 90
641 284 90
279 59 90
48 288 90
701 536 90
497 452 90
644 530 89
382 8 89
461 459 89
346 116 89
579 728 89
467 786 89
591 460 89
66 307 89
663 568 89
361 747 89
555 694 89
648 117 89
168 533 89
153 355 89
549 170 89
144 249 89
229 531 89
664 44 89
268 659 89
487 788 89
634 747 89
659 459 89
380 624 89
142 297 89
793 24 89
174 100 89
463 293 89
13 472 89
638 299 89
113 475 89
385 167 88
638 748 88
165 646 88
409 678 88
52 116 88
751 435 88
102 694 88
347 417 88
390 6 88
329 1 88
16 521 88
621 721 88
9 353 88
724 574 88
608 113 88
662 789 88
113 218 88
711 570 88
299 245 88
447 655 88
660 507 88
44 73 88
464 203 87
237 741 87
643 621 87
383 23 87
128 41 87
780 456 87
134 734 87
486 149 87
148 194 87
352 403 87
701 443 87
639 723 87
565 308 87
245 237 87
584 26 87
118 33 87
570 686 87
749 231 87
219 724 87
719 137 87
159 580 87
460 798 87
451 65 87
580 799 87
642 570 87
82 528 87
155 87 87
313 363 86
338 790 86
576 781 86
140 613 86
655 4 86
38 523 86
316 39 86
142 615 86
383 328 86
247 259 86
793 684 86
389 238 86
465 69 86
722 622 86
372 758 86
428 480 86
700 82 86
492 383 86
623 582 86
763 776 86
244 419 86
373 584 85
246 339 85
493 650 85
280 167 85
482 350 85
739 284 85
569 578 85
719 367 85
665 563 85
66 551 85
794 599 85
785 237 85
718 87 85
461 700 85
748 198 85
147 766 85
34 328 85
377 127 85
434 51 85
465 629 85
481 454 85
798 83 85
437 246 85
511 100 85
739 507 85
627 226 85
366 489 84
454 453 84
8 496 84
559 184 84
481 508 84
468 232 84
300 31 84
397 444 84
114 574 84
547 785 84
223 14 84
323 284 84
417 488 84
544 599 84
337 742 84
775 367 84
240 21 84
563 743 84
269 586 84
745 287 84
4 455 84
435 190 84
55 501 84
729 470 83
213 365 83
710 225 83
287 101 83
238 719 83
97 651 83
175 34 83
459 791 83
564 710 83
349 199 83
561 767 83
715 596 83
634 613 83
562 160 83
371 631 83
642 90 83
372 380 83
432 678 83
171 190 82
201 442 82
336 480 82
726 636 82
430 270 82
455 681 82
3 320 82
190 663 82
674 260 82
764 791 82
298 359 82
481 698 82
202 778 82
430 68 82
380 252 82
167 537 82
255 137 82
438 468 82
681 517 82
503 599 82
426 714 82
655 787 82
763 399 82
255 373 82
277 424 82
736 56 82
674 439 82
76 623 82
630 519 82
689 407 81
786 524 81
664 392 81
141 245 81
715 752 81
514 700 81
278 636 81
196 743 81
429 343 81
120 545 81
7 153 81
140 706 81
737 724 81
282 145 81
222 231 81
472 284 81
61 3 81
171 253 81
494 151 81
597 189 81
651 236 81
701 586 81
706 504 81
111 421 81
193 422 81
748 396 81
673 291 80
117 470 80
46 192 80
53 132 80
378 784 80
95 205 80
456 163 80
530 511 80
170 684 80
345 164 80
261 211 80
686 448 80
426 265 80
660 351 80
423 465 80
111 682 80
89 550 80
633 747 80
12 430 80
561 620 80
558 478 80
484 331 80
490 84 80
187 383 80
218 617 80
368 766 80
293 433 80
613 13 80
457 233 80
509 419 80
554 494 80
61 101 80
236 647 80
436 533 79
678 7 79
740 748 79
203 211 79
372 652 79
784 340 79
411 598 79
665 458 79
11 265 79
136 608 79
357 718 79
424 307 79
103 395 79
39 199 79
9 796 79
784 357 79
787 329 79
188 77 79
743 279 79
13 79 79
689 115 79
131 584 79
498 25 79
181 110 79
528 180 79
396 86 79
613 638 79
521 498 79
701 237 79
799 579 79
659 151 79
312 74 79
153 648 79
2 459 79
712 429 79
470 689 79
91 788 79
367 620 79
432 242 79
418 144 79
587 559 79
427 345 79
172 490 79
567 731 79
748 35 79
512 639 79
601 793 78
88 101 78
459 271 78
610 326 78
73 480 78
471 355 78
369 462 78
685 605 78
647 394 78
113 303 78
159 573 78
272 264 78
398 384 78
211 421 78
149 159 78
78 783 78
274 432 78
453 692 78
189 104 78
596 297 78
154 59 78
791 459 78
68 85 78
598 729 78
688 579 78
317 694 78
405 378 78
605 674 78
660 227 78
333 347 78
729 423 78
256 488 78
580 186 78
545 90 78
150 267 78
642 694 78
166 225 78
709 637 78
580 774 78
617 149 78
65 61 78
484 623 78
186 69 78
366 757 78
46 446 78
266 583 78
585 474 78
737 301 78
757 543 78
645 382 78
412 81 78
533 98 78
260 59 78
451 642 78
109 149 78
9 63 78
99 65 77
339 372 77
568 775 77
239 99 77
651 608 77
767 761 77
141 410 77
769 719 77
103 672 77
373 796 77
1 681 77
760 317 77
122 121 77
625 784 77
458 561 77
536 782 77
170 317 77
121 654 77
490 541 77
199 297 77
542 743 77
244 269 77
274 764 77
487 123 77
635 575 77
98 53 77
289 637 77
177 342 77
600 456 77
339 526 77
338 279 77
416 130 77
313 336 77
266 662 77
467 412 77
634 261 77
501 77 77
740 555 77
194 437 77
783 457 77
556 106 77
144 349 77
167 455 77
272 219 77
748 56 77
436 258 77
528 594 77
112 144 77
487 173 77
48 593 77
748 526 77
249 383 77
664 220 77
565 739 77
700 767 77
330 80 77
110 689 77
68 732 77
728 655 77
474 307 77
552 311 76
696 430 76
346 613 76
644 656 76
121 714 76
711 240 76
31 513 76
49 758 76
553 666 76
196 686 76
41 473 76
82 482 76
444 449 76
626 536 76
341 674 76
131 11 76
624 105 76
126 697 76
108 192 76
280 648 76
318 699 76
345 257 76
722 786 76
666 69 76
314 142 76
795 579 76
360 744 76
381 367 76
594 482 76
604 75 76
524 113 76
741 747 76
174 777 76
728 323 76
370 419 76
734 55 76
94 261 76
414 289 76
132 376 76
184 644 76
277 302 76
676 225 76
726 755 76
237 388 76
376 18 76
252 550 76
531 493 76
713 142 76
66 118 76
616 670 76
437 480 76
418 785 76
569 116 76
766 228 76
468 547 76
186 720 76
157 650 76
793 501 75
111 721 75
314 400 75
401 628 75
43 479 75
552 372 75
346 23 75
199 559 75
228 509 75
380 668 75
445 27 75
318 799 75
74 229 75
493 155 75
51 250 75
239 540 75
341 772 75
178 130 75
720 140 75
496 105 75
405 562 75
78 396 75
29 416 75
420 431 75
502 480 75
425 378 75
518 453 75
10 35 75
124 292 75
565 695 75
626 131 75
704 707 75
510 71 75
115 73 75
186 380 75
61 697 75
2 769 75
734 387 75
552 388 75
673 725 75
17 713 75
234 719 75
80 187 75
515 449 75
477 499 75
646 467 75
260 435 75
450 8 75
97 67 75
452 106 75
196 425 75
789 39 75
711 538 75
427 701 75
222 275 75
772 195 74
81 670 74
496 265 74
209 404 74
108 324 74
341 22 74
346 776 74
681 742 74
799 511 74
631 709 74
233 387 74
245 153 74
605 484 74
115 591 74
7 437 74
659 167 74
78 388 74
671 691 74
222 109 74
494 569 74
293 196 74
774 773 74
575 206 74
744 303 74
166 229 74
406 681 74
788 66 74
674 526 74
246 670 74
448 352 74
191 699 74
41 450 74
115 693 74
759 500 74
601 204 74
422 576 74
654 623 74
185 413 74
742 614 74
460 742 74
257 402 74
137 296 74
7 705 74
217 191 74
43 192 74
291 379 74
702 758 74
442 377 74
431 641 74
115 474 74
595 587 74
676 736 74
715 185 74
357 663 74
50 306 74
493 26 74
475 703 74
358 491 74
187 90 74
242 65 74
110 765 74
95 571 74
752 591 74
560 540 73
478 367 73
704 320 73
224 128 73
316 357 73
523 664 73
549 234 73
509 486 73
3 499 73
420 343 73
626 430 73
266 363 73
102 322 73
431 33 73
541 53 73
713 532 73
357 185 73
282 352 73
720 510 73
576 702 73
536 74 73
495 242 73
501 330 73
358 311 73
93 220 73
604 251 73
182 477 73
514 587 73
471 327 73
17 49 73
640 44 73
174 681 73
742 412 73
444 680 73
510 509 73
177 206 73
609 537 73
143 206 73
677 629 73
41 444 73
239 311 73
294 469 73
466 361 73
596 235 73
672 773 73
764 514 73
620 144 73
24 514 73
103 435 73
86 130 73
302 205 73
328 759 73
183 371 73
509 677 73
690 100 73
291 556 73
168 366 73
38 574 73
688 133 73
482 61 73
448 220 73
357 726 73
363 206 72
310 391 72
409 661 72
195 492 72
451 351 72
481 410 72
168 552 72
520 64 72
553 570 72
122 451 72
407 662 72
225 785 72
583 86 72
588 201 72
80 608 72
379 73 72
27 361 72
302 32 72
552 210 72
706 758 72
680 728 72
157 103 72
291 543 72
127 186 72
134 121 72
101 187 72
795 363 72
232 95 72
332 720 72
730 199 72
91 227 72
544 534 72
798 316 72
34 211 72
774 553 72
425 523 72
185 346 72
68 301 72
200 125 72
612 270 72
266 408 72
648 416 72
69 716 72
318 428 72
193 225 72
331 758 72
621 114 72
130 678 72
515 713 72
473 650 72
344 637 72
68 577 72
598 774 72
561 504 71
769 80 71
592 669 71
2 455 71
64 225 71
658 430 71
11 776 71
358 380 71
68 613 71
39 275 71
584 364 71
659 378 71
77 260 71
246 445 71
727 596 71
327 68 71
456 667 71
373 798 71
29 286 71
404 479 71
54 80 71
495 762 71
599 627 71
462 761 71
719 497 71
682 181 71
258 245 71
21 537 71
760 118 71
727 686 71
750 157 71
293 663 71
259 155 71
305 18 71
139 33 71
154 318 71
762 367 71
276 151 71
276 575 71
760 31 71
708 515 71
697 380 71
527 379 71
773 533 71
615 261 71
495 131 71
389 698 71
455 209 71
540 42 71
25 602 71
368 211 71
138 242 71
33 151 71
277 643 71
40 0 71
719 417 71
696 482 71
582 246 71
421 600 71
298 128 71
396 219 71
635 119 71
385 360 71
198 593 71
544 423 71
300 47 71
419 716 71
189 436 70
45 25 70
135 235 70
268 545 70
332 85 70
700 494 70
274 652 70
404 293 70
624 367 70
555 569 70
642 366 70
762 680 70
494 303 70
137 242 70
556 574 70
149 250 70
123 272 70
275 486 70
328 159 70
363 493 70
670 382 70
141 44 70
32 649 70
187 530 70
645 599 70
502 218 70
92 23 70
676 453 70
199 602 70
748 6 70
641 26 70
241 115 70
53 511 70
96 287 70
142 376 70
705 82 70
546 446 70
550 526 70
143 309 70
670 387 70
579 560 70
733 704 70
41 163 70
510 774 70
451 167 70
788 647 70
751 144 70
580 231 70
228 94 70
211 501 70
144 130 70
775 423 70
506 749 70
452 577 70
755 744 70
85 626 70
710 771 70
40 519 70
413 361 70
488 541 70
366 239 70
188 708 70
345 420 70
755 553 70
491 151 70
379 713 70
280 161 70
296 293 69
177 332 69
659 78 69
428 109 69
242 511 69
504 539 69
254 774 69
274 8 69
412 642 69
234 564 69
375 12 69
287 511 69
70 337 69
79 278 69
233 245 69
621 46 69
483 416 69
29 524 69
192 281 69
588 634 69
445 197 69
439 81 69
721 619 69
739 96 69
366 723 69
403 562 69
644 109 69
87 626 69
342 495 69
490 55 69
254 516 69
307 81 69
747 120 69
412 86 69
541 197 69
194 434 69
741 770 69
457 728 69
574 751 69
173 524 69
475 501 69
731 416 69
322 24 69
135 374 69
119 117 69
286 123 69
174 694 69
110 347 69
606 247 69
517 648 69
359 384 69
614 467 69
195 250 69
386 460 69
239 173 69
602 407 69
605 364 69
651 374 69
783 35 69
94 143 69
783 455 69
194 709 69
142 231 69
504 301 68
404 636 68
232 421 68
171 665 68
463 659 68
347 295 68
538 579 68
284 766 68
308 389 68
775 760 68
582 619 68
181 710 68
239 625 68
70 757 68
42 712 68
721 296 68
267 323 68
428 579 68
789 548 68
417 363 68
480 530 68
374 456 68
422 21 68
178 355 68
449 56 68
727 755 68
550 459 68
103 716 68
407 491 68
799 453 68
136 454 68
234 50 68
599 182 68
486 690 68
742 158 68
339 698 68
399 198 68
771 718 68
269 450 68
491 428 68
731 344 68
785 391 68
445 107 68
35 12 68
341 694 68
425 553 68
759 644 68
247 459 68
353 652 68
401 168 68
636 359 68
602 446 68
711 419 68
397 42 68
128 148 68
264 455 68
557 560 68
422 123 68
106 88 68
442 230 67
647 414 67
171 782 67
296 161 67
402 482 67
273 260 67
613 259 67
377 705 67
498 305 67
215 606 67
533 702 67
233 521 67
538 195 67
744 310 67
541 399 67
188 76 67
156 776 67
423 140 67
108 391 67
120 181 67
274 30 67
357 634 67
130 575 67
749 425 67
541 638 67
485 16 67
1 520 67
643 686 67
626 118 67
642 375 67
33 432 67
299 165 67
363 93 67
664 602 67
303 402 67
484 718 67
726 556 67
733 223 67
93 797 67
119 595 67
344 235 67
326 285 67
322 290 67
219 508 67
489 150 67
621 520 67
503 589 67
491 618 67
727 449 67
500 512 67
294 319 67
532 165 67
178 520 67
317 249 67
756 351 67
386 210 66
108 371 66
663 641 66
37 244 66
315 46 66
671 648 66
430 28 66
314 301 66
513 725 66
769 82 66
224 723 66
165 414 66
748 540 66
708 567 66
401 433 66
203 414 66
165 189 66
192 596 66
22 64 66
514 107 66
3 83 66
488 259 66
334 759 66
7 528 66
284 484 66
510 730 66
406 347 66
464 167 66
268 16 66
786 538 66
236 505 66
489 229 66
235 209 66
645 391 66
509 772 66
86 233 66
206 307 66
507 447 66
534 540 66
650 727 66
630 304 66
86 724 66
682 149 66
319 93 66
690 57 66
551 233 66
178 97 66
45 51 66
588 524 66
228 669 66
571 82 66
426 455 66
400 513 66
155 737 66
52 688 66
233 432 65
39 266 65
648 284 65
9 238 65
411 302 65
230 736 65
261 676 65
427 447 65
498 153 65
763 764 65
602 278 65
30 388 65
706 402 65
405 38 65
333 271 65
165 497 65
163 415 65
674 102 65
103 735 65
634 151 65
79 791 65
347 583 65
36 675 65
358 316 65
186 242 65
652 625 65
195 662 65
156 459 65
149 85 65
356 315 65
58 554 65
549 44 65
224 764 65
714 512 65
653 130 65
312 335 65
624 462 65
201 550 65
321 199 65
454 173 65
594 401 65
621 251 65
536 61 65
449 546 65
475 778 65
760 75 65
216 231 65
773 779 65
764 163 65
727 290 65
498 143 65
126 192 65
637 336 65
189 790 65
785 667 65
727 200 65
324 164 65
47 31 65
60 474 65
82 445 65
147 174 65
591 245 65
163 481 65
59 446 65
213 726 64
294 646 64
664 505 64
395 608 64
189 693 64
457 415 64
88 693 64
213 265 64
429 795 64
293 193 64
758 198 64
670 775 64
460 347 64
653 123 64
779 587 64
345 585 64
730 65 64
565 616 64
55 238 64
372 13 64
205 213 64
329 102 64
549 719 64
102 797 64
562 427 64
707 592 64
13 757 64
471 581 64
311 428 64
22 354 64
356 15 64
251 393 64
140 21 64
512 667 64
286 128 64
793 32 64
68 773 64
246 187 64
189 434 64
241 266 64
340 763 64
172 391 64
523 338 64
681 392 64
101 289 64
479 314 64
558 692 64
118 181 64
463 707 64
517 789 64
202 658 64
724 251 64
666 535 64
645 765 64
214 145 64
624 91 64
697 201 64
702 436 64
470 694 64
460 140 64
299 457 64
466 687 64
118 380 64
330 713 64
319 235 64
577 55 63
433 584 63
697 463 63
691 743 63
416 728 63
119 774 63
426 743 63
63 60 63
566 751 63
292 720 63
239 539 63
97 475 63
396 78 63
772 303 63
546 756 63
44 236 63
460 396 63
389 252 63
368 268 63
184 188 63
322 797 63
602 378 63
405 213 63
555 166 63
743 354 63
281 584 63
259 96 63
602 499 63
742 441 63
445 702 63
485 82 63
779 628 63
558 13 63
696 788 63
395 1 63
771 97 63
679 361 63
599 520 63
419 551 63
321 261 63
119 637 63
392 632 63
319 184 63
66 392 63
656 61 63
55 234 63
416 765 63
207 103 63
390 728 63
512 584 63
229 668 63
266 614 63
361 638 63
201 580 63
470 240 63
184 591 63
649 108 63
314 349 63
398 348 63
5 658 63
517 518 63
568 293 63
197 506 63
52 312 63
414 139 62
58 590 62
398 624 62
378 230 62
608 782 62
590 705 62
727 644 62
139 32 62
140 580 62
11 457 62
37 127 62
398 583 62
705 455 62
254 318 62
580 555 62
761 762 62
290 371 62
158 5 62
164 388 62
417 784 62
585 335 62
113 94 62
753 267 62
616 291 62
480 109 62
699 177 62
292 654 62
719 233 62
350 628 62
592 225 62
82 42 62
584 48 62
749 182 62
219 100 62
66 429 62
753 57 62
74 471 62
72 403 62
776 299 62
540 651 62
1 767 62
515 465 62
155 189 62
384 740 62
692 109 62
130 422 62
204 16 62
121 90 62
506 263 62
567 237 62
617 559 62
167 245 62
376 498 62
89 317 62
421 681 62
447 617 62
287 488 62
210 682 62
428 397 62
8 23 62
797 394 62
253 64 62
235 639 62
118 48 62
11 239 62
378 767 62
156 784 62
794 346 62
254 258 62
581 202 62
613 612 61
76 144 61
9 683 61
367 619 61
124 254 61
65 588 61
345 755 61
109 230 61
485 216 61
456 769 61
713 487 61
485 189 61
70 376 61
80 10 61
427 197 61
227 376 61
584 358 61
684 564 61
73 178 61
606 693 61
749 439 61
18 788 61
298 744 61
747 471 61
388 259 61
371 751 61
180 665 61
81 2 61
306 76 61
93 61 61
230 194 61
315 683 61
418 618 61
682 264 61
21 384 61
645 259 61
525 68 61
274 256 61
782 308 61
450 702 61
359 563 61
224 749 61
77 686 61
128 740 61
760 763 61
756 534 61
280 537 61
532 81 61
763 79 61
631 579 61
277 112 61
56 311 61
463 415 61
759 101 61
748 778 60
555 119 60
371 277 60
294 221 60
209 390 60
788 315 60
512 140 60
607 568 60
745 292 60
342 72 60
475 214 60
42 285 60
351 277 60
685 542 60
514 171 60
497 583 60
380 765 60
394 524 60
313 517 60
336 368 60
364 675 60
534 15 60
730 245 60
674 269 60
720 499 60
32 626 60
209 68 60
325 106 60
750 752 60
121 661 60
651 407 60
522 675 60
76 632 60
734 26 60
384 783 60
754 694 60
311 661 60
674 554 60
37 431 60
266 482 60
389 375 60
587 656 60
303 323 60
406 687 60
634 21 60
566 175 60
479 363 60
207 369 60
19 126 60
7 729 60
561 460 60
112 448 60
465 89 60
746 714 60
642 104 60
508 241 60
765 98 60
161 111 60
746 470 59
439 727 59
561 156 59
499 296 59
167 785 59
561 172 59
675 401 59
753 730 59
174 35 59
672 609 59
577 256 59
33 546 59
134 68 59
21 149 59
613 787 59
79 339 59
222 716 59
711 220 59
371 451 59
152 608 59
376 246 59
257 616 59
397 535 59
193 751 59
572 746 58
476 434 58
282 7 58
454 128 58
735 665 58
79 49 58
751 757 58
561 682 58
104 768 58
465 446 58
88 542 58
105 389 58
242 423 58
453 125 58
590 130 58
358 195 58
291 778 58
154 131 58
733 63 58
379 616 58
692 758 58
385 337 58
675 726 58
153 232 58
60 234 58
609 226 58
635 131 58
558 650 58
558 449 58
129 677 58
706 540 58
241 711 58
704 26 57
499 511 57
303 460 57
634 231 57
158 488 57
374 36 57
130 645 57
361 554 57
793 682 57
72 95 57
277 662 57
294 243 57
799 486 57
294 493 57
131 612 57
480 752 57
672 115 57
573 251 57
163 537 57
783 305 57
41 447 57
532 321 57
430 13 57
733 679 57
442 216 57
74 12 57
698 256 57
234 637 57
794 707 57
180 545 57
113 541 57
73 298 57
54 399 57
554 111 57
394 204 57
409 176 57
184 605 56
337 39 56
408 10 56
274 591 56
566 250 56
592 744 56
618 473 56
311 173 56
590 496 56
376 141 56
613 503 56
143 790 56
87 229 56
14 556 56
394 193 56
132 84 56
501 392 56
210 741 56
503 462 56
305 128 56
138 344 56
473 330 56
168 706 56
468 453 56
628 739 56
399 683 56
20 273 55
190 12 55
587 763 55
269 596 55
447 772 55
632 31 55
5 746 55
533 727 55
166 645 55
512 445 55
520 366 55
269 726 55
187 612 55
264 572 55
253 682 55
211 660 55
80 200 55
252 282 55
495 185 55
491 791 55
368 0 55
675 100 55
250 266 55
24 351 55
674 581 55
61 682 55
443 199 55
33 767 55
429 786 55
548 678 55
90 328 54
270 414 54
335 639 54
304 587 54
19 655 54
353 637 54
600 400 54
81 489 54
110 461 54
508 681 54
305 385 54
550 627 54
645 563 54
326 610 54
444 745 54
514 115 54
128 591 54
474 471 54
28 138 54
92 64 54
341 485 54
718 169 54
506 242 54
429 546 54
1 52 54
42 571 54
197 607 54
285 726 54
686 393 54
174 286 54
83 94 54
489 565 54
492 293 54
82 514 54
688 123 54
398 338 54
512 660 54
635 627 54
81 680 54
64 370 54
381 775 54
646 66 53
18 227 53
350 93 53
172 107 53
654 723 53
71 7 53
312 589 53
729 533 53
355 421 53
734 300 53
453 123 53
119 10 53
462 186 53
58 642 53
666 652 53
517 545 53
419 589 53
444 493 53
381 104 53
171 650 53
85 309 53
490 372 53
399 418 53
608 445 53
622 416 53
561 787 53
473 258 53
50 291 53
389 411 53
260 301 53
498 456 53
22 408 53
73 1 53
366 511 53
212 698 53
423 361 53
413 655 53
458 384 53
677 633 53
345 470 53
295 258 53
248 149 53
764 102 53
138 328 53
375 0 53
352 372 53
92 52 52
777 267 52
578 712 52
761 468 52
388 123 52
585 364 52
575 628 52
366 98 52
708 66 52
706 184 52
355 492 52
284 205 52
697 691 52
200 11 52
462 536 52
482 5 52
221 359 52
548 703 52
136 722 52
92 622 52
286 495 52
350 274 52
252 264 52
2 405 52
440 328 52
544 418 52
707 499 52
576 613 52
92 582 52
567 13 52
83 125 52
217 109 52
683 363 52
377 790 52
385 680 52
775 749 52
330 280 52
184 102 51
123 43 51
16 505 51
644 62 51
97 770 51
21 54 51
401 621 51
63 644 51
253 730 51
488 749 51
259 28 51
267 571 51
590 350 51
449 426 51
231 172 51
787 481 51
406 600 51
505 74 51
201 650 51
763 765 51
724 196 51
511 261 51
789 688 51
334 306 51
256 302 51
600 793 51
546 685 51
761 284 51
124 188 51
256 710 51
244 353 51
296 466 51
542 731 50
108 123 50
433 653 50
538 565 50
746 155 50
464 157 50
728 282 50
378 57 50
57 193 50
9 160 50
200 794 50
580 519 50
661 271 50
235 748 50
594 12 50
785 313 50
303 520 50
494 737 50
798 747 50
382 111 50
343 652 50
321 351 50
333 205 50
789 664 50
566 574 50
611 251 50
553 716 50
149 732 50
738 318 50
218 190 50
256 96 50
217 781 50
447 14 50
168 522 50
5 640 50
366 727 50
236 276 50
235 126 50
630 524 50
604 151 50
65 1 50
578 430 50
537 371 50
454 353 50
733 711 50
369 663 50
487 392 50
466 2 50
752 207 49
160 106 49
162 362 49
720 673 49
523 602 49
144 307 49
354 230 49
364 514 49
220 133 49
259 751 49
65 161 49
417 272 49
396 305 49
98 695 49
78 486 49
127 628 49
585 71 49
80 163 49
41 175 49
384 652 49
783 60 49
666 239 49
141 309 49
19 647 49
321 127 49
204 134 49
588 401 49
174 412 49
788 772 49
633 481 49
37 205 49
654 242 49
137 577 49
629 334 49
507 183 49
180 192 49
562 572 49
196 678 49
474 642 49
290 659 49
654 438 49
206 559 49
476 725 49
677 77 49
201 187 49
323 495 49
623 590 49
397 298 49
660 398 49
266 697 49
418 456 49
470 299 49
363 176 49
661 464 49
268 262 49
697 436 49
202 176 49
481 196 49
495 698 49
16 38 49
151 55 49
174 650 49
345 415 49
243 526 49
167 43 49
593 13 49
152 226 49
396 759 49
343 33 48
689 535 48
502 236 48
614 580 48
429 381 48
53 644 48
613 699 48
62 285 48
685 352 48
562 453 48
23 626 48
691 212 48
3 119 48
495 304 48
60 315 48
225 49 48
479 570 48
607 101 48
72 788 48
21 116 48
106 72 48
47 35 48
345 149 48
541 435 48
564 746 48
213 538 48
507 606 48
216 707 48
221 59 48
759 626 48
750 245 48
438 461 48
584 242 48
276 291 48
255 605 48
5 225 48
496 299 48
353 237 48
558 586 48
383 643 48
509 502 48
116 625 48
541 112 48
712 556 48
474 241 48
20 14 48
224 662 48
758 67 48
676 16 48
412 202 48
321 550 48
483 509 48
484 289 48
690 126 48
206 569 48
16 355 48
162 798 48
690 307 48
236 37 48
224 508 48
39 768 48
228 738 48
531 628 48
54 46 48
289 107 48
551 403 48
668 561 48
586 438 48
79 537 48
75 417 48
370 244 48
697 477 48
30 374 48
445 684 48
550 74 48
401 224 48
61 359 48
253 338 48
647 452 48
143 562 47
786 10 47
453 722 47
776 744 47
127 642 47
383 366 47
28 494 47
403 743 47
375 569 47
255 717 47
331 596 47
466 302 47
391 738 47
575 142 47
303 439 47
354 781 47
748 631 47
339 514 47
42 276 47
671 91 47
340 579 47
338 348 47
184 349 47
408 226 47
32 425 47
297 10 47
408 786 47
723 453 47
164 469 47
494 571 47
678 159 47
677 216 47
669 184 47
680 660 47
12 623 47
39 431 47
497 549 47
383 648 47
221 191 47
590 461 47
755 436 47
405 51 47
16 728 47
451 152 47
650 130 47
677 574 47
309 777 47
517 537 47
96 419 47
425 543 47
43 788 47
770 59 47
566 626 47
342 529 47
777 423 47
374 291 47
736 340 47
374 619 47
191 38 47
792 100 47
169 188 47
503 719 47
683 655 47
743 110 47
624 366 46
749 541 46
176 401 46
564 485 46
613 631 46
384 518 46
545 262 46
379 543 46
760 133 46
109 355 46
191 508 46
432 94 46
715 104 46
674 313 46
423 624 46
600 735 46
290 697 46
784 128 46
142 335 46
688 441 46
292 626 46
607 209 46
493 775 46
381 476 46
565 79 46
796 51 46
506 578 46
372 220 46
281 293 46
403 440 46
501 529 46
385 466 46
475 90 46
358 592 46
395 797 46
567 308 46
335 674 46
738 520 46
561 274 46
266 163 46
67 233 46
346 108 46
606 373 46
745 659 46
674 680 46
32 542 46
718 466 46
753 397 46
471 359 46
353 38 46
11 526 46
635 226 46
343 468 46
413 188 46
796 283 46
341 704 46
291 375 46
50 502 46
23 427 46
374 188 46
245 778 46
446 452 46
577 394 46
25 159 46
504 407 46
738 786 46
419 734 46
49 787 46
174 753 46
124 664 46
439 405 46
20 503 46
30 652 46
348 230 46
178 387 46
268 790 46
549 298 45
212 40 45
109 445 45
298 294 45
747 408 45
345 333 45
357 209 45
663 99 45
431 306 45
569 277 45
422 190 45
511 742 45
460 501 45
623 245 45
401 300 45
596 715 45
193 32 45
200 137 45
435 552 45
265 294 45
4 399 45
432 366 45
364 101 45
370 133 45
287 547 45
38 129 45
402 602 45
227 8 45
124 339 45
684 75 45
555 384 45
148 654 45
762 649 45
140 296 45
299 494 45
125 272 45
392 680 45
118 509 45
328 562 45
342 254 45
217 464 45
471 585 45
534 444 45
638 532 45
297 673 45
523 252 45
336 358 45
592 590 45
87 777 45
193 130 45
333 771 45
593 645 45
557 435 45
384 387 45
7 749 45
726 587 45
140 694 45
734 739 45
701 167 45
398 136 45
369 620 45
607 753 45
128 298 45
626 211 45
600 366 45
545 320 45
662 258 45
92 771 45
468 136 45
428 619 45
669 241 45
14 550 45
418 267 45
736 210 45
75 186 45
35 529 45
733 126 45
352 483 44
292 250 44
472 454 44
335 234 44
692 635 44
119 415 44
525 588 44
375 485 44
602 347 44
299 487 44
414 393 44
199 359 44
306 596 44
311 548 44
519 615 44
450 703 44
403 524 44
668 798 44
725 786 44
750 746 44
662 199 44
404 732 44
736 475 44
480 726 44
495 553 44
709 373 44
120 629 44
281 318 44
13 603 44
762 413 44
420 181 44
756 561 44
388 458 44
705 141 44
675 544 44
184 360 44
779 43 44
327 205 44
656 354 44
198 362 44
382 381 44
314 383 44
723 372 44
601 718 44
590 197 44
10 522 44
9 258 44
296 594 44
35 250 44
396 141 44
323 518 44
700 362 44
350 661 44
555 736 44
368 244 44
640 600 44
326 722 44
284 69 44
404 433 44
709 564 43
498 392 43
371 240 43
724 694 43
696 382 43
550 266 43
300 232 43
141 437 43
631 675 43
622 502 43
458 144 43
597 348 43
382 425 43
330 332 43
354 563 43
292 443 43
240 32 43
207 313 43
557 240 43
113 480 43
128 396 43
578 461 43
312 759 43
192 19 43
640 377 43
166 416 43
631 205 43
471 460 43
111 71 43
617 646 43
755 340 43
674 8 43
448 651 43
202 182 43
102 606 43
541 664 43
330 68 43
210 648 43
347 242 43
291 519 43
316 662 43
731 353 43
309 793 43
678 430 43
531 146 43
651 65 43
136 22 43
438 692 43
688 113 43
738 330 43
540 216 43
663 71 43
380 539 43
352 797 43
735 741 43
471 97 43
273 572 43
491 390 43
427 392 43
136 657 43
733 768 43
218 112 43
523 533 43
439 637 43
409 397 43
104 562 43
638 286 43
13 518 42
582 474 42
685 633 42
446 33 42
442 490 42
674 552 42
431 517 42
523 200 42
357 750 42
681 587 42
3 283 42
87 523 42
770 261 42
737 89 42
125 295 42
19 334 42
181 424 42
293 287 42
46 519 42
700 371 42
193 748 42
183 714 42
17 396 42
739 67 42
789 152 42
208 478 42
610 645 42
397 743 42
158 160 42
254 152 42
135 301 42
561 381 42
144 769 42
751 545 42
386 441 42
714 208 42
522 170 42
701 627 42
772 212 42
730 776 42
644 489 42
57 440 42
74 269 42
318 67 42
667 761 42
417 312 42
337 619 42
397 347 42
442 576 42
189 562 42
405 773 42
402 633 42
575 755 42
552 43 42
32 361 42
571 342 42
419 436 42
742 101 42
498 781 42
723 460 42
292 761 42
54 111 42
546 727 42
560 663 42
354 696 42
26 190 42
309 463 42
713 85 42
150 415 42
108 165 42
246 320 42
122 213 41
482 131 41
211 555 41
466 24 41
327 102 41
675 8 41
206 379 41
518 362 41
391 83 41
413 682 41
712 412 41
153 210 41
300 755 41
746 759 41
772 224 41
698 622 41
734 531 41
383 607 41
623 334 41
591 240 41
316 771 41
533 684 41
424 310 41
298 524 41
653 282 41
506 554 41
108 380 41
63 753 41
442 750 41
592 289 41
726 152 41
768 69 41
451 364 41
4 300 41
460 177 41
88 599 41
249 266 41
90 241 41
613 303 41
345 247 41
438 776 41
26 149 41
337 150 41
408 115 41
203 312 41
0 739 41
423 668 41
51 678 41
548 551 41
93 190 41
718 285 41
59 648 41
668 303 41
251 402 41
642 554 41
635 636 41
634 260 41
207 708 41
358 766 41
241 412 41
489 213 41
508 398 41
535 236 41
757 230 40
17 691 40
384 620 40
738 609 40
365 218 40
2 79 40
122 331 40
336 520 40
278 343 40
717 778 40
387 145 40
199 532 40
629 521 40
60 744 40
141 281 40
773 696 40
147 669 40
246 82 40
43 133 40
485 291 40
28 14 40
671 667 40
371 248 40
540 700 40
353 45 40
557 537 40
701 340 40
574 139 40
730 135 40
750 564 40
23 280 40
742 444 40
166 314 40
472 757 40
104 340 40
544 232 40
702 101 40
409 682 40
178 271 40
223 135 40
676 704 40
443 359 40
236 580 40
230 746 40
240 613 40
184 609 40
560 245 40
159 263 40
677 758 40
153 776 40
695 159 40
283 296 40
360 63 40
245 740 40
293 393 40
146 506 40
631 497 40
463 200 40
415 537 40
744 193 40
71 465 40
730 439 40
502 785 40
581 595 40
714 560 40
205 6 40
537 363 40
99 194 40
502 349 40
760 703 40
169 397 40
778 247 40
792 201 40
214 680 40
638 682 40
138 788 39
337 468 39
473 27 39
733 773 39
295 622 39
302 268 39
424 139 39
603 677 39
332 121 39
513 55 39
22 634 39
674 547 39
609 96 39
500 291 39
485 732 39
398 287 39
269 343 39
94 562 39
432 272 39
667 617 39
417 724 39
347 120 39
37 487 39
184 16 39
636 660 38
434 208 38
226 21 38
316 367 38
353 664 38
184 415 38
460 678 38
241 792 38
25 759 38
455 642 38
49 537 38
623 717 38
572 555 38
335 33 38
362 375 38
750 150 38
560 719 38
468 112 38
163 577 38
322 280 38
140 275 38
245 362 38
612 511 38
57 411 38
396 602 38
504 670 38
125 470 38
87 77 38
98 199 38
40 707 37
423 689 37
379 693 37
223 166 37
314 493 37
278 740 37
194 691 37
660 14 37
169 717 37
107 283 37
353 488 37
330 251 37
400 618 37
518 720 37
129 355 37
613 554 37
178 473 37
643 62 37
631 295 37
303 349 37
2 689 37
257 41 37
141 630 37
630 132 37
461 17 37
10 140 37
553 556 37
598 317 37
159 36 37
34 85 37
749 400 37
259 320 37
624 113 37
126 206 37
578 300 37
595 785 37
193 335 37
337 311 37
212 508 37
771 693 37
136 573 37
333 279 36
781 37 36
332 438 36
173 317 36
613 174 36
267 529 36
623 785 36
136 393 36
773 513 36
799 206 36
540 220 36
79 460 36
515 3 36
552 684 36
543 685 36
366 469 36
484 788 36
182 754 36
674 471 36
617 404 36
376 212 36
43 231 36
778 727 36
71 633 36
348 103 36
221 118 36
679 513 36
152 359 36
325 670 36
500 663 36
281 440 36
540 209 36
590 259 35
584 736 35
329 669 35
282 500 35
314 85 35
295 10 35
696 755 35
7 421 35
38 52 35
484 746 35
118 773 35
90 336 35
91 15 35
543 77 35
768 82 35
81 727 35
655 575 35
372 492 35
786 88 35
43 92 35
712 636 35
558 2 35
242 799 35
776 497 35
209 771 35
83 474 35
116 164 35
693 502 35
378 501 35
407 185 35
218 8 35
768 673 35
667 190 34
205 391 34
185 76 34
73 496 34
396 616 34
412 572 34
726 9 34
11 38 34
615 239 34
751 268 34
273 192 34
651 777 34
757 752 34
558 404 34
214 476 34
560 658 34
39 67 34
491 732 34
649 325 34
139 435 34
649 117 34
136 502 34
517 794 34
233 307 34
794 743 34
414 455 33
282 130 33
425 793 33
408 578 33
242 548 33
188 404 33
703 137 33
210 16 33
700 506 33
655 428 33
680 358 33
431 407 33
469 343 33
565 631 33
232 637 33
307 724 33
614 436 33
652 82 33
509 540 33
382 165 33
711 151 33
48 326 33
622 413 33
345 731 33
531 423 33
88 110 33
357 103 33
196 715 33
577 795 33
769 145 33
260 392 33
736 154 33
776 617 33
772 148 33
315 231 33
93 407 33
401 402 33
531 341 33
221 544 32
247 320 32
280 100 32
170 93 32
167 578 32
190 413 32
770 90 32
61 376 32
109 205 32
340 530 32
422 448 32
473 239 32
481 451 32
141 395 32
738 491 32
453 101 32
643 638 32
789 570 32
300 185 32
128 622 32
674 265 32
430 99 32
772 118 32
143 314 32
282 566 32
214 543 32
42 30 31
102 278 31
147 525 31
221 765 31
419 148 31
159 521 31
672 590 31
527 133 31
600 583 31
673 658 31
223 114 31
676 480 31
293 498 31
740 4 31
531 602 31
18 198 31
730 252 31
445 39 31
89 138 31
477 324 31
74 73 31
521 338 31
206 10 31
392 513 31
150 799 31
552 478 31
511 413 31
552 481 31
573 294 31
109 440 30
151 495 30
346 153 30
123 542 30
351 782 30
386 277 30
749 138 30
480 577 30
466 672 30
489 724 30
470 164 30
696 552 30
722 530 30
17 375 30
77 513 30
753 597 30
317 441 30
335 524 30
787 388 30
708 440 30
625 336 30
729 384 30
543 594 30
259 747 30
392 432 30
674 136 30
541 409 30
344 91 30
730 166 30
30 502 30
148 443 30
478 150 30
702 230 30
106 774 30
68 177 30
16 101 30
36 500 30
508 67 30
133 396 29
565 238 29
48 606 29
176 94 29
247 731 29
472 483 29
631 388 29
198 640 29
555 678 29
247 293 29
655 353 29
218 37 29
728 661 29
492 380 29
743 217 29
624 784 29
453 57 29
257 51 29
164 335 29
139 384 29
331 478 29
571 659 29
32 243 29
756 414 29
144 302 29
664 189 29
116 484 29
214 542 29
23 32 29
307 792 28
587 638 28
589 119 28
320 112 28
613 481 28
381 90 28
527 90 28
6 171 28
435 738 28
657 265 28
698 173 28
605 446 28
195 201 28
83 282 28
148 298 28
481 214 28
520 77 28
113 296 28
147 125 28
677 275 28
215 236 28
486 570 28
39 348 28
155 95 28
704 654 28
760 691 28
487 412 28
791 226 28
424 111 28
503 78 28
366 458 28
272 300 28
662 322 28
490 374 28
625 187 28
791 457 28
451 52 28
248 590 28
168 728 28
135 703 27
665 396 27
608 177 27
584 386 27
712 265 27
106 4 27
233 765 27
24 385 27
713 287 27
739 431 27
237 376 27
636 518 27
162 96 27
76 534 27
114 641 27
245 729 27
450 393 27
243 445 27
339 192 27
539 321 27
294 311 27
55 561 27
755 354 27
342 122 27
551 518 27
158 773 27
7 59 27
750 81 27
297 34 27
117 332 27
34 260 27
426 133 27
517 497 27
634 343 27
156 244 27
610 782 27
686 143 26
389 561 26
231 260 26
55 455 26
428 178 26
622 682 26
277 105 26
88 789 26
658 759 26
341 652 26
130 494 26
158 565 26
155 615 26
737 162 26
96 361 26
686 239 26
682 194 26
591 537 26
495 368 26
79 47 26
87 298 26
121 374 26
339 744 26
41 121 26
741 496 26
528 260 26
261 288 26
712 200 26
280 338 26
245 719 26
167 562 26
371 419 26
92 318 26
168 535 26
250 467 26
578 485 26
53 139 25
700 512 25
398 251 25
444 197 25
280 732 25
365 725 25
651 309 25
519 580 25
7 717 25
94 301 25
569 312 25
521 107 25
584 229 25
681 567 25
780 316 25
96 609 25
529 207 25
93 244 25
309 600 25
152 438 25
759 149 25
391 252 25
679 716 25
146 697 25
374 680 25
165 98 25
684 201 25
24 765 25
586 624 24
271 30 24
737 550 24
40 216 24
362 145 24
530 104 24
606 544 24
768 512 24
348 799 24
231 43 24
424 83 24
749 440 24
574 441 24
314 64 24
344 321 24
659 334 24
141 279 24
209 405 24
648 793 24
499 648 24
131 141 24
478 281 24
189 297 24
323 298 24
545 455 24
418 711 24
703 373 24
607 599 24
590 247 23
231 590 23
350 536 23
367 631 23
157 455 23
357 69 23
677 307 23
750 210 23
175 234 23
51 373 23
513 120 23
374 148 23
157 194 23
340 30 23
510 724 23
765 696 23
603 29 23
151 351 23
501 82 23
299 759 23
58 349 23
300 663 23
564 240 23
775 129 23
392 428 23
364 590 23
68 528 23
71 620 22
147 267 22
455 668 22
774 786 22
92 405 22
463 656 22
22 169 22
281 447 22
37 141 22
308 162 22
665 73 22
120 317 22
355 656 22
254 64 22
249 511 22
290 755 22
718 97 22
406 435 22
351 160 22
10 421 22
65 258 22
324 542 22
435 769 22
397 514 22
745 464 22
163 442 22
436 639 22
17 427 22
488 354 22
759 240 22
381 431 22
743 204 22
92 714 22
588 274 22
403 483 22
714 394 21
146 211 21
780 26 21
180 331 21
74 395 21
374 736 21
81 685 21
300 208 21
259 506 21
536 625 21
633 382 21
232 166 21
611 630 21
91 642 21
649 613 21
1 415 21
91 509 21
547 66 21
545 480 21
455 361 21
581 354 21
742 555 21
356 734 20
535 118 20
768 128 20
40 77 20
263 386 20
500 697 20
109 533 20
595 486 20
742 524 20
384 24 20
286 400 20
70 772 20
666 511 20
157 591 20
312 155 20
277 733 20
381 28 20
174 513 20
610 592 20
733 260 20
329 364 20
438 605 20
741 124 20
83 551 20
283 387 20
508 396 20
393 576 20
297 637 19
51 401 19
682 162 19
292 747 19
254 87 19
727 286 19
402 603 19
114 560 19
356 21 19
504 638 19
573 107 19
21 292 19
403 269 19
791 796 19
110 237 19
494 52 19
501 275 19
525 622 19
556 732 19
227 774 19
756 313 19
173 23 19
285 605 19
363 541 19
198 236 19
346 223 19
257 586 19
343 715 19
746 292 19
234 549 19
615 13 19
39 327 19
490 495 19
688 742 19
484 411 19
252 449 19
439 202 19
185 767 19
495 218 19
518 657 19
430 423 19
247 257 19
643 691 19
618 200 19
377 168 19
89 93 19
718 324 19
92 105 19
144 636 19
168 630 19
490 789 19
90 603 18
542 45 18
90 631 18
181 151 18
619 80 18
16 266 18
707 715 18
712 74 18
681 142 18
295 425 18
172 503 18
223 621 18
442 502 18
584 791 18
771 211 18
115 381 18
116 615 18
100 780 18
458 103 18
133 572 18
536 39 18
90 681 18
261 757 18
9 517 18
230 492 18
759 289 18
187 75 18
94 172 18
121 520 18
293 445 18
382 553 18
632 323 18
425 400 18
239 419 18
271 557 18
590 444 18
594 671 18
370 674 18
137 86 18
710 552 18
139 755 18
625 758 18
609 621 18
311 351 18
637 629 18
358 494 17
134 327 17
258 65 17
690 274 17
325 537 17
259 191 17
33 37 17
773 558 17
80 475 17
54 0 17
162 191 17
234 301 17
162 671 17
799 68 17
385 553 17
579 33 17
558 783 17
238 150 17
495 11 17
514 778 17
549 558 17
603 555 17
698 518 17
488 482 17
222 276 17
37 589 17
753 111 17
285 547 17
34 448 17
735 25 17
580 92 17
661 701 17
647 619 17
701 197 17
382 753 17
600 711 17
26 320 17
443 758 17
310 744 17
546 245 17
268 126 17
771 230 17
437 259 17
341 797 17
792 452 17
757 402 17
455 509 17
284 208 17
361 517 17
205 739 17
324 285 16
1 84 16
154 651 16
85 322 16
106 431 16
21 436 16
213 646 16
121 364 16
207 616 16
214 500 16
124 303 16
202 392 16
480 470 16
457 336 16
589 659 16
126 301 16
152 55 16
8 280 16
206 541 16
231 490 16
560 754 16
537 92 16
607 358 16
775 234 16
344 687 16
295 718 16
171 533 16
549 100 16
652 743 16
57 479 16
594 261 16
674 268 16
168 129 16
625 15 16
47 255 16
320 383 16
712 327 16
55 80 16
277 58 16
412 731 16
787 557 16
333 480 16
172 372 16
50 193 16
108 322 16
116 598 16
445 14 16
721 782 16
725 487 16
358 468 16
452 4 15
171 343 15
352 18 15
364 761 15
400 179 15
472 607 15
143 181 15
669 29 15
746 177 15
319 55 15
525 313 15
284 33 15
198 315 15
265 222 15
351 497 15
647 68 15
275 543 15
500 280 15
592 369 15
166 161 15
578 13 15
714 173 15
376 56 15
459 738 15
303 764 15
215 479 15
393 747 15
697 393 15
270 331 15
772 245 15
655 115 15
577 223 15
473 283 15
29 493 15
140 456 15
676 530 15
282 84 15
381 299 15
670 653 15
460 630 15
394 28 14
46 453 14
500 665 14
734 608 14
110 655 14
268 222 14
735 237 14
707 346 14
314 779 14
128 11 14
754 159 14
473 346 14
364 294 14
750 70 14
260 621 14
635 212 14
727 679 14
671 788 14
718 759 14
262 378 14
459 49 14
518 65 14
437 344 14
81 114 14
336 42 14
157 749 14
361 573 14
754 224 14
549 747 14
425 311 14
764 215 14
326 389 14
797 507 14
205 393 14
89 591 14
167 247 14
647 754 14
799 346 14
30 623 14
386 631 14
111 228 14
741 78 14
300 513 14
695 744 14
294 94 14
66 366 13
380 169 13
401 765 13
756 304 13
393 268 13
628 51 13
587 317 13
176 502 13
129 387 13
560 175 13
199 167 13
86 383 13
324 80 13
37 644 13
574 72 13
82 196 13
558 561 13
352 544 13
173 124 13
608 3 13
163 128 13
771 90 13
213 590 13
434 646 13
625 243 13
384 684 13
12 67 13
599 547 13
592 599 13
296 250 13
275 364 13
20 305 13
203 486 13
714 266 13
571 502 13
388 328 13
482 54 13
545 660 13
246 655 13
496 30 13
196 26 13
133 420 13
253 259 13
130 17 13
560 589 13
601 707 13
392 581 13
207 690 13
535 520 13
444 322 13
100 603 13
243 20 13
733 496 12
793 279 12
645 741 12
184 613 12
636 711 12
233 739 12
103 682 12
592 339 12
183 390 12
653 785 12
187 785 12
750 545 12
213 79 12
562 605 12
279 95 12
619 67 12
695 737 12
45 540 12
195 191 12
54 778 12
513 297 12
366 709 12
294 52 12
780 425 12
349 439 12
216 134 12
525 798 12
137 289 12
667 601 12
408 577 12
125 691 12
258 421 12
647 358 12
78 45 12
554 160 12
131 560 12
148 68 12
81 147 12
530 633 12
76 23 12
175 625 12
458 776 12
539 114 12
281 95 12
454 44 12
125 410 12
218 469 12
361 489 12
788 314 12
473 479 12
151 45 12
759 459 12
655 280 12
427 319 11
467 307 11
611 634 11
93 753 11
477 740 11
36 173 11
244 403 11
493 645 11
240 760 11
738 11 11
418 234 11
450 207 11
256 604 11
586 668 11
665 99 11
301 307 11
240 281 11
721 410 11
532 207 11
347 431 11
384 405 11
635 436 11
692 10 11
283 13 11
675 27 11
519 604 11
359 762 11
418 208 11
94 213 11
465 67 11
543 497 11
734 410 11
681 492 11
445 201 11
510 461 11
119 689 11
60 343 11
201 493 11
766 780 11
378 381 11
601 503 11
193 212 11
593 521 11
307 711 10
134 711 10
345 127 10
792 170 10
435 571 10
376 764 10
320 57 10
730 265 10
79 621 10
321 678 10
779 343 10
173 567 10
329 799 10
455 133 10
780 623 10
676 116 10
124 454 10
145 264 10
234 160 10
274 405 10
409 300 10
656 664 10
105 626 10
108 81 10
282 563 10
505 561 10
684 761 10
0 490 10
183 542 10
50 540 10
306 31 10
202 16 10
117 331 10
315 366 10
527 407 10
141 553 10
512 237 10
654 550 10
246 549 10
564 244 10
254 68 10
199 470 10
307 158 10
749 17 10
180 85 10
327 521 10
406 650 10
217 573 10
793 573 10
548 20 10
628 119 10
