0 1 100
1 2 100
2 3 100
3 4 100
4 5 100
5 0 100
5 2 100
5 3 100
6 1 100
6 2 100
6 0 100
7 2 100
7 0 100
7 5 100
8 4 100
8 5 100
8 5 100
9 1 100
9 1 100
9 5 100
10 2 100
10 5 100
10 2 100
11 8 100
11 0 100
11 2 100
12 0 100
12 6 100
12 5 100
13 4 100
13 10 100
13 2 100
14 7 100
14 2 100
14 8 100
15 9 100
15 2 100
15 10 100
16 0 100
16 5 100
16 8 100
17 2 100
17 10 100
17 4 100
18 2 100
18 16 100
18 5 100
19 16 100
19 6 100
19 10 100
20 2 100
20 7 100
20 16 100
21 5 100
21 6 100
21 7 100
22 14 100
22 17 100
22 0 100
23 11 100
23 4 100
23 10 100
24 11 100
24 24 100
24 21 100
25 5 100
25 3 100
25 9 100
26 22 100
26 17 100
26 5 100
27 0 100
27 14 100
27 2 100
28 24 100
28 3 100
28 4 100
29 16 100
29 9 100
29 2 100
30 2 100
30 5 100
30 5 100
31 22 100
31 4 100
31 24 100
32 5 100
32 19 100
32 14 100
33 5 100
33 8 100
33 14 100
34 9 100
34 19 100
34 14 100
35 8 100
35 14 100
35 3 100
36 6 100
36 10 100
36 31 100
37 2 100
37 8 100
37 12 100
38 6 100
38 2 100
38 0 100
39 8 100
39 11 100
39 3 100
40 20 100
40 32 100
40 8 100
41 14 100
41 40 100
41 8 100
42 4 100
42 8 100
42 5 100
43 2 100
43 8 100
43 9 100
44 25 100
44 12 100
44 21 100
45 31 100
45 37 100
45 3 100
46 8 100
46 9 100
46 38 100
47 3 100
47 41 100
47 29 100
48 0 100
48 4 100
48 3 100
49 29 100
49 14 100
49 25 100
50 6 100
50 32 100
50 8 100
51 25 100
51 50 100
51 2 100
52 22 100
52 30 100
52 10 100
53 8 100
53 3 100
53 22 100
54 8 100
54 37 100
54 41 100
55 7 100
55 30 100
55 5 100
56 5 100
56 8 100
56 22 100
57 19 100
57 22 100
57 5 100
58 53 100
58 37 100
58 2 100
59 4 100
59 14 100
59 30 100
60 2 100
60 5 100
60 7 100
61 37 100
61 21 100
61 41 100
62 17 100
62 29 100
62 23 100
63 2 100
63 16 100
63 31 100
64 20 100
64 28 100
64 8 100
65 2 100
65 27 100
65 2 100
66 25 100
66 25 100
66 27 100
67 29 100
67 8 100
67 5 100
68 8 100
68 9 100
68 14 100
69 2 100
69 2 100
69 29 100
70 59 100
70 8 100
70 11 100
71 1 100
71 10 100
71 56 100
72 59 100
72 2 100
72 1 100
73 10 100
73 8 100
73 60 100
74 2 100
74 16 100
74 68 100
75 24 100
75 20 100
75 56 100
76 27 100
76 2 100
76 5 100
77 37 100
77 2 100
77 54 100
78 26 100
78 29 100
78 32 100
79 77 100
79 24 100
79 2 100
80 0 100
80 30 100
80 41 100
81 67 100
81 8 100
81 53 100
82 8 100
82 23 100
82 62 100
83 11 100
83 11 100
83 36 100
84 29 100
84 22 100
84 2 100
85 7 100
85 9 100
85 37 100
86 10 100
86 62 100
86 5 100
87 82 100
87 55 100
87 2 100
88 58 100
88 2 100
88 39 100
89 83 100
89 80 100
89 22 100
90 8 100
90 10 100
90 2 100
91 69 100
91 67 100
91 5 100
92 9 100
92 21 100
92 6 100
93 6 100
93 27 100
93 21 100
94 27 100
94 6 100
94 41 100
95 2 100
95 0 100
95 37 100
96 2 100
96 2 100
96 8 100
97 65 100
97 23 100
97 40 100
98 59 100
98 87 100
98 2 100
99 88 100
99 8 100
99 91 100
100 5 100
100 25 100
100 2 100
101 2 100
101 8 100
101 41 100
102 65 100
102 19 100
102 29 100
103 5 100
103 90 100
103 9 100
104 87 100
104 41 100
104 5 100
105 5 100
105 41 100
105 29 100
106 3 100
106 5 100
106 11 100
107 22 100
107 65 100
107 66 100
108 49 100
108 62 100
108 30 100
109 2 100
109 22 100
109 49 100
110 13 100
110 58 100
110 2 100
111 30 100
111 41 100
111 2 100
112 30 100
112 2 100
112 21 100
113 60 100
113 21 100
113 2 100
114 5 100
114 8 100
114 44 100
115 8 100
115 22 100
115 2 100
116 94 100
116 87 100
116 12 100
117 2 100
117 5 100
117 94 100
118 23 100
118 66 100
118 31 100
119 117 100
119 2 100
119 6 100
120 20 100
120 112 100
120 4 100
121 105 100
121 16 100
121 2 100
122 20 100
122 22 100
122 92 100
123 4 100
123 10 100
123 13 100
124 28 100
124 103 100
124 44 100
125 9 100
125 2 100
125 77 100
126 7 100
126 8 100
126 19 100
127 42 100
127 5 100
127 35 100
128 2 100
128 74 100
128 8 100
129 24 100
129 62 100
129 43 100
130 11 100
130 29 100
130 3 100
131 37 100
131 24 100
131 55 100
132 3 100
132 9 100
132 16 100
133 8 100
133 23 100
133 8 100
134 98 100
134 10 100
134 130 100
135 10 100
135 38 100
135 54 100
136 40 100
136 23 100
136 91 100
137 37 100
137 51 100
137 40 100
138 62 100
138 87 100
138 31 100
139 121 100
139 83 100
139 3 100
140 5 100
140 8 100
140 29 100
141 40 100
141 20 100
141 64 100
142 1 100
142 2 100
142 30 100
143 31 100
143 41 100
143 20 100
144 10 100
144 87 100
144 112 100
145 20 100
145 59 100
145 3 100
146 27 100
146 87 100
146 6 100
147 22 100
147 93 100
147 132 100
148 79 100
148 60 100
148 93 100
149 2 100
149 29 100
149 20 100
150 2 100
150 64 100
150 20 100
151 2 100
151 91 100
151 8 100
152 41 100
152 0 100
152 29 100
153 2 100
153 68 100
153 132 100
154 5 100
154 140 100
154 3 100
155 37 100
155 91 100
155 2 100
156 1 100
156 6 100
156 21 100
157 48 100
157 2 100
157 9 100
158 1 100
158 0 100
158 22 100
159 4 100
159 8 100
159 23 100
160 154 100
160 120 100
160 48 100
161 6 100
161 68 100
161 72 100
162 41 100
162 45 100
162 64 100
163 2 100
163 27 100
163 124 100
164 75 100
164 76 100
164 2 100
165 27 100
165 3 100
165 65 100
166 110 100
166 41 100
166 34 100
167 2 100
167 8 100
167 114 100
168 153 100
168 7 100
168 29 100
169 16 100
169 2 100
169 8 100
170 84 100
170 40 100
170 169 100
171 2 100
171 52 100
171 10 100
172 29 100
172 91 100
172 25 100
173 89 100
173 17 100
173 147 100
174 0 100
174 10 100
174 16 100
175 3 100
175 1 100
175 11 100
176 25 100
176 5 100
176 6 100
177 79 100
177 136 100
177 8 100
178 1 100
178 62 100
178 22 100
179 2 100
179 5 100
179 7 100
180 31 100
180 38 100
180 121 100
181 34 100
181 140 100
181 179 100
182 144 100
182 34 100
182 119 100
183 136 100
183 5 100
183 87 100
184 30 100
184 81 100
184 10 100
185 139 100
185 2 100
185 5 100
186 134 100
186 45 100
186 65 100
187 3 100
187 100 100
187 135 100
188 30 100
188 86 100
188 10 100
189 3 100
189 98 100
189 124 100
190 15 100
190 23 100
190 2 100
191 25 100
191 89 100
191 109 100
192 157 100
192 41 100
192 62 100
193 62 100
193 169 100
193 41 100
194 11 100
194 189 100
194 5 100
195 7 100
195 76 100
195 48 100
196 54 100
196 58 100
196 86 100
197 30 100
197 41 100
197 27 100
198 37 100
198 52 100
198 3 100
199 14 100
199 5 100
199 55 100
200 152 100
200 31 100
200 20 100
201 8 100
201 8 100
201 2 100
202 130 100
202 10 100
202 46 100
203 8 100
203 19 100
203 115 100
204 22 100
204 7 100
204 14 100
205 37 100
205 108 100
205 79 100
206 84 100
206 110 100
206 192 100
207 28 100
207 74 100
207 91 100
208 66 100
208 2 100
208 22 100
209 9 100
209 117 100
209 8 100
210 2 100
210 6 100
210 23 100
211 142 100
211 202 100
211 10 100
212 144 100
212 167 100
212 147 100
213 65 100
213 2 100
213 183 100
214 52 100
214 99 100
214 103 100
215 154 100
215 159 100
215 66 100
216 19 100
216 116 100
216 161 100
217 1 100
217 9 100
217 138 100
218 2 100
218 11 100
218 20 100
219 213 100
219 199 100
219 17 100
220 6 100
220 41 100
220 19 100
221 4 100
221 101 100
221 24 100
222 4 100
222 45 100
222 113 100
223 2 100
223 6 100
223 28 100
224 146 100
224 169 100
224 64 100
225 5 100
225 171 100
225 111 100
226 112 100
226 136 100
226 86 100
227 0 100
227 66 100
227 109 100
228 31 100
228 3 100
228 22 100
229 18 100
229 136 100
229 5 100
230 54 100
230 89 100
230 79 100
231 65 100
231 5 100
231 83 100
232 112 100
232 7 100
232 19 100
233 62 100
233 184 100
233 203 100
234 2 100
234 70 100
234 78 100
235 52 100
235 50 100
235 158 100
236 121 100
236 79 100
236 8 100
237 29 100
237 137 100
237 186 100
238 2 100
238 10 100
238 115 100
239 24 100
239 30 100
239 2 100
240 75 100
240 114 100
240 24 100
241 48 100
241 202 100
241 78 100
242 88 100
242 191 100
242 4 100
243 124 100
243 119 100
243 131 100
244 38 100
244 81 100
244 203 100
245 14 100
245 60 100
245 160 100
246 167 100
246 7 100
246 87 100
247 18 100
247 135 100
247 49 100
248 20 100
248 22 100
248 86 100
249 2 100
249 103 100
249 54 100
250 58 100
250 141 100
250 158 100
251 7 100
251 143 100
251 3 100
252 94 100
252 22 100
252 48 100
253 125 100
253 128 100
253 7 100
254 7 100
254 162 100
254 202 100
255 23 100
255 74 100
255 187 100
256 81 100
256 8 100
256 44 100
257 41 100
257 11 100
257 86 100
258 43 100
258 55 100
258 201 100
259 23 100
259 0 100
259 110 100
260 16 100
260 134 100
260 65 100
261 33 100
261 73 100
261 1 100
262 252 100
262 0 100
262 112 100
263 21 100
263 2 100
263 22 100
264 0 100
264 2 100
264 1 100
265 11 100
265 189 100
265 2 100
266 184 100
266 179 100
266 212 100
267 240 100
267 91 100
267 252 100
268 104 100
268 2 100
268 172 100
269 31 100
269 164 100
269 268 100
270 56 100
270 1 100
270 17 100
271 8 100
271 11 100
271 196 100
272 23 100
272 95 100
272 165 100
273 39 100
273 16 100
273 7 100
274 64 100
274 252 100
274 165 100
275 146 100
275 38 100
275 103 100
276 207 100
276 110 100
276 172 100
277 6 100
277 11 100
277 66 100
278 2 100
278 13 100
278 120 100
279 17 100
279 103 100
279 19 100
280 135 100
280 186 100
280 2 100
281 39 100
281 10 100
281 151 100
282 59 100
282 70 100
282 27 100
283 14 100
283 74 100
283 259 100
284 22 100
284 32 100
284 157 100
285 213 100
285 8 100
285 160 100
286 8 100
286 130 100
286 33 100
287 184 100
287 2 100
287 152 100
288 248 100
288 8 100
288 41 100
289 14 100
289 68 100
289 2 100
290 22 100
290 135 100
290 243 100
291 65 100
291 79 100
291 13 100
292 41 100
292 86 100
292 198 100
293 30 100
293 103 100
293 19 100
294 27 100
294 186 100
294 2 100
295 55 100
295 65 100
295 205 100
296 175 100
296 287 100
296 27 100
297 27 100
297 11 100
297 2 100
298 41 100
298 58 100
298 9 100
299 281 100
299 7 100
299 60 100
