275 241 99
265 109 99
150 84 99
90 154 99
208 220 99
219 231 99
75 37 99
195 155 99
167 82 99
230 101 99
18 264 99
140 67 99
131 168 99
179 241 99
134 18 99
198 285 99
168 254 99
189 137 99
180 275 99
75 64 99
186 191 99
274 283 99
191 95 99
153 139 99
92 144 99
92 256 99
146 222 99
90 217 99
184 246 99
29 147 99
9 28 99
169 136 99
165 274 99
37 206 99
82 244 99
240 248 99
174 240 99
289 122 99
205 25 99
125 4 99
246 82 99
162 16 98
142 46 98
109 24 98
31 33 98
148 77 98
164 10 98
32 152 98
99 224 98
131 28 98
100 261 98
95 265 98
138 146 98
80 183 98
48 181 98
30 224 98
92 105 98
280 80 98
151 35 98
11 116 98
37 177 98
184 85 98
98 128 98
123 213 98
262 8 98
174 271 98
12 0 98
77 89 98
88 238 98
45 14 98
261 281 98
181 154 98
211 267 98
35 256 98
268 157 98
214 219 98
22 103 98
219 211 98
162 230 98
63 69 98
10 162 98
93 188 98
238 199 98
31 98 97
58 134 97
199 176 97
245 163 97
171 214 97
198 48 97
89 211 97
17 155 97
253 51 97
265 267 97
36 68 97
244 278 97
96 125 97
251 121 97
122 299 97
121 249 97
216 17 97
131 117 97
138 215 97
56 80 97
20 154 97
267 47 97
176 50 97
264 92 97
201 132 97
116 279 97
49 199 97
127 179 97
273 246 97
267 57 97
69 96 97
252 158 97
47 233 97
84 189 97
179 73 97
80 236 97
291 286 97
44 220 96
3 13 96
106 35 96
286 256 96
241 210 96
221 283 96
170 189 96
227 116 96
18 39 96
290 268 96
48 3 96
215 102 96
224 2 96
293 25 96
142 17 96
211 259 96
42 225 96
105 173 96
201 34 96
15 157 96
299 146 96
23 295 96
288 274 96
258 297 96
103 19 96
222 98 96
199 203 96
18 42 96
235 32 96
75 108 96
112 29 96
154 117 96
16 253 96
269 251 96
57 258 96
161 244 96
43 246 96
151 41 96
28 294 96
268 242 96
71 104 96
59 163 96
248 22 96
234 150 96
24 36 96
176 130 96
19 249 96
166 219 96
265 275 96
211 105 96
76 84 95
223 176 95
49 131 95
231 156 95
27 102 95
249 119 95
185 65 95
35 25 95
295 156 95
194 26 95
202 16 95
27 251 95
10 233 95
139 133 95
114 5 95
9 148 95
230 268 95
98 3 95
190 48 95
78 147 95
27 245 95
113 251 95
240 222 95
197 240 95
207 83 95
209 59 95
97 163 95
282 243 95
281 55 95
218 288 95
156 54 95
207 46 95
70 5 95
227 201 95
112 240 95
40 222 95
10 178 95
112 88 95
168 71 95
282 247 95
164 238 95
212 63 95
92 24 95
184 265 95
127 225 95
14 162 95
106 131 95
187 222 95
123 92 95
161 222 95
84 183 94
38 12 94
151 249 94
288 44 94
130 156 94
266 111 94
89 200 94
2 143 94
217 168 94
265 86 94
141 250 94
174 219 94
81 165 94
158 33 94
221 206 94
211 123 94
127 62 94
190 229 94
61 71 94
0 274 94
175 172 94
138 112 94
182 204 94
184 114 94
274 284 94
42 277 94
173 256 94
248 42 94
132 63 94
102 222 94
99 200 94
235 245 94
254 100 94
0 45 94
102 142 94
95 242 94
111 276 94
177 17 94
250 128 94
16 56 94
273 56 94
201 207 94
299 96 94
96 226 93
291 184 93
162 76 93
58 126 93
264 145 93
173 159 93
262 224 93
76 4 93
290 263 93
190 267 93
179 235 93
34 256 93
277 34 93
157 67 93
80 106 93
231 239 93
85 272 93
184 271 93
279 107 93
297 217 93
117 185 93
193 49 93
225 27 93
299 35 93
18 252 93
135 233 93
29 52 93
122 40 93
117 95 93
6 73 93
62 143 93
0 102 93
264 198 93
58 284 93
141 280 93
114 276 93
146 203 93
87 45 93
49 163 93
35 88 93
75 98 93
163 59 93
107 127 93
141 2 92
179 245 92
257 7 92
97 287 92
9 269 92
251 13 92
137 201 92
160 92 92
149 215 92
225 185 92
176 197 92
182 275 92
240 273 92
82 117 92
210 130 92
296 137 92
292 221 92
118 81 92
162 39 92
125 68 92
60 283 92
290 47 92
272 252 92
71 117 92
127 95 92
146 79 92
72 39 92
297 88 92
234 299 92
223 265 92
7 179 92
152 162 92
75 142 92
78 168 92
65 160 92
23 104 92
198 152 92
125 298 92
278 162 92
195 44 92
89 257 92
226 190 92
277 184 92
68 46 91
296 275 91
38 265 91
150 269 91
257 105 91
288 69 91
236 174 91
29 183 91
277 195 91
45 40 91
246 271 91
67 166 91
297 266 91
15 66 91
119 118 91
215 115 91
91 122 91
230 278 91
1 131 91
81 279 91
258 175 91
266 46 91
202 94 91
100 95 91
136 82 91
46 132 91
214 259 91
182 61 91
284 265 91
0 86 91
162 116 91
199 103 91
264 259 91
233 253 91
244 192 91
100 94 91
82 281 91
56 253 91
18 0 91
121 57 91
259 103 90
12 229 90
65 73 90
115 112 90
221 105 90
102 108 90
166 247 90
193 176 90
106 72 90
58 21 90
113 69 90
233 56 90
4 19 90
8 90 90
218 129 90
106 45 90
242 112 90
138 115 90
209 31 90
146 181 90
68 146 90
206 115 90
187 162 90
208 46 90
211 44 90
72 44 90
284 61 90
93 236 90
235 51 90
199 29 90
135 5 90
103 220 90
94 140 90
258 173 90
204 63 90
249 261 90
220 93 90
259 219 90
281 14 90
255 180 90
299 217 90
183 129 90
233 273 90
16 146 90
7 200 90
85 159 90
162 70 90
218 231 90
26 65 90
100 109 90
271 191 90
60 192 90
67 249 90
77 75 90
108 221 90
87 293 90
126 79 89
193 266 89
123 263 89
150 223 89
112 4 89
2 144 89
208 50 89
107 44 89
111 92 89
130 270 89
76 162 89
229 173 89
122 195 88
229 111 88
74 163 88
177 289 88
114 131 88
192 82 88
172 53 88
42 297 88
214 227 87
13 158 87
168 280 87
268 108 87
226 4 87
68 137 87
80 104 87
156 269 87
29 87 87
159 101 87
100 120 87
49 139 87
110 181 87
163 159 86
239 0 86
181 291 86
128 61 86
93 277 86
29 218 86
168 195 86
100 41 86
218 183 86
104 86 85
66 16 85
199 259 85
86 192 85
268 146 85
277 230 85
54 159 85
41 133 85
10 155 85
6 200 85
264 152 84
248 58 84
60 214 84
18 287 84
171 58 84
283 21 84
129 155 84
108 186 83
175 96 83
67 132 83
55 25 83
16 198 83
278 182 83
272 224 83
177 117 83
170 83 83
199 230 83
99 12 82
236 286 82
124 175 82
101 15 82
170 100 82
182 8 82
99 268 82
85 219 82
215 86 82
282 195 82
53 239 82
32 121 81
223 10 81
175 205 81
104 222 81
263 135 81
283 269 81
3 286 81
64 72 81
4 253 81
212 68 81
222 106 81
39 87 80
75 114 80
35 145 80
60 297 80
130 7 80
216 275 80
193 4 80
170 174 80
177 259 80
143 43 79
204 44 79
123 182 79
42 108 79
83 142 79
223 111 79
214 110 79
176 151 79
59 40 79
151 218 79
99 81 79
238 99 79
11 49 79
98 93 79
12 184 79
144 234 78
134 112 78
159 227 78
42 221 78
212 261 78
125 178 78
13 268 78
209 20 78
222 285 78
164 105 78
282 101 78
53 186 78
7 252 78
214 288 78
99 84 78
118 147 78
208 81 78
180 225 78
258 299 78
7 139 78
116 86 78
222 287 78
14 5 78
178 40 78
298 124 78
157 4 77
39 63 77
289 288 77
20 40 77
1 228 77
250 64 77
151 224 77
233 276 77
24 15 77
113 224 77
48 59 77
182 46 77
104 11 77
112 219 77
190 208 77
194 244 77
173 24 77
80 215 77
128 46 77
157 291 76
224 192 76
3 45 76
171 150 76
154 110 76
164 84 76
27 9 76
16 28 76
26 258 76
129 136 76
170 5 76
219 48 76
220 171 76
126 224 76
294 224 76
226 258 75
220 191 75
173 107 75
251 29 75
233 83 75
39 166 75
86 61 75
71 119 75
59 51 75
67 164 75
158 292 75
237 94 75
58 236 75
6 29 75
54 71 75
125 123 75
170 141 75
264 254 75
126 269 74
64 180 74
57 193 74
226 170 74
146 271 74
239 30 74
149 14 74
81 259 74
38 217 74
188 193 74
94 200 74
229 219 74
155 283 74
280 20 74
97 63 74
54 35 74
43 153 74
143 171 74
202 9 74
179 216 74
67 136 74
171 36 73
262 11 73
292 289 73
233 269 73
230 145 73
50 228 73
284 233 73
83 232 73
146 69 73
146 82 73
52 206 73
230 21 73
45 227 73
75 271 73
255 171 73
36 56 73
97 45 73
153 116 73
120 287 73
284 35 73
184 181 72
268 271 72
140 41 72
107 69 72
228 72 72
133 177 72
10 188 72
245 193 72
26 160 72
181 46 72
297 148 72
287 269 72
101 53 72
205 231 72
52 19 72
141 229 72
238 38 72
178 107 72
209 98 72
266 258 72
108 171 72
197 239 72
40 268 72
130 285 72
166 288 72
198 248 72
274 16 72
158 206 72
110 15 71
183 263 71
20 153 71
84 6 71
181 151 71
134 19 71
36 3 71
74 106 71
178 297 71
229 164 71
180 206 71
199 295 71
144 6 71
49 217 71
48 132 71
119 211 71
113 198 70
111 99 70
165 209 70
122 28 70
133 29 70
182 9 70
202 190 70
0 13 70
234 288 70
178 220 70
106 194 70
254 176 70
222 176 70
294 206 70
177 273 70
101 170 70
50 210 70
89 298 70
50 2 70
128 158 69
179 57 69
241 290 69
29 102 69
173 90 69
250 114 69
159 195 69
148 71 69
137 294 69
19 284 69
275 13 69
46 137 69
169 152 69
189 55 69
22 285 69
120 270 69
132 245 69
130 180 69
201 3 69
84 270 69
190 162 69
132 89 69
262 190 69
27 280 69
102 15 69
61 89 69
2 119 68
52 270 68
18 226 68
259 82 68
12 49 68
82 242 68
286 232 68
91 130 68
159 4 68
198 178 68
68 8 68
170 137 68
229 217 68
203 133 68
242 65 68
253 263 68
264 35 68
103 255 68
273 88 67
281 133 67
299 25 67
107 149 67
85 64 67
80 289 67
227 56 67
3 32 67
107 70 67
281 187 67
228 225 67
185 132 67
209 276 67
136 45 67
209 126 67
37 32 67
298 118 67
83 92 67
230 127 67
94 74 67
102 19 66
126 13 66
283 103 66
162 119 66
11 196 66
22 160 66
69 89 66
147 41 66
200 263 66
31 93 66
85 102 66
58 288 66
94 31 66
63 219 66
80 76 66
79 104 66
240 20 66
51 183 66
283 139 66
77 12 66
17 160 65
128 141 65
145 21 65
38 296 65
209 101 65
24 6 65
289 232 65
25 171 65
213 143 65
57 147 65
152 95 65
185 222 65
290 62 65
6 115 65
167 226 65
104 47 65
124 64 65
296 172 65
215 133 65
232 28 65
145 149 65
74 134 65
165 295 65
18 184 65
8 192 65
138 220 65
64 11 65
84 101 65
140 226 64
252 196 64
62 72 64
78 198 64
122 129 64
120 88 64
70 162 64
190 164 64
295 242 64
86 203 64
225 214 64
295 243 64
54 4 64
149 260 64
252 245 64
103 115 64
28 284 64
273 57 64
81 271 64
90 224 64
250 215 64
98 185 64
115 294 64
204 223 64
33 284 63
50 180 63
65 129 63
150 70 63
130 1 63
15 200 63
127 280 63
186 59 63
61 241 63
214 286 63
190 66 63
72 103 63
244 72 63
181 212 63
213 44 63
113 205 63
239 267 63
123 170 63
144 106 63
275 107 63
19 230 63
282 112 63
61 18 63
157 109 63
163 73 63
214 169 63
225 255 62
214 229 62
23 270 62
292 251 62
280 21 62
137 114 62
44 267 62
109 217 62
185 113 62
139 25 62
286 212 62
197 17 62
54 80 62
226 251 62
110 170 62
73 25 62
265 272 62
87 23 62
145 72 62
105 288 62
121 284 62
151 37 62
233 205 62
274 79 62
182 264 62
4 5 62
111 61 62
142 72 62
183 242 62
204 11 62
161 274 62
47 200 62
274 144 62
29 208 61
98 113 61
195 79 61
147 287 61
267 252 61
214 162 61
273 48 61
19 285 61
62 85 61
21 255 61
22 94 61
23 89 61
109 284 61
61 93 61
207 95 61
179 35 61
72 189 61
212 153 61
167 68 60
260 44 60
125 223 60
245 82 60
172 157 60
8 88 60
258 108 60
242 260 60
203 280 60
258 58 60
55 135 60
194 23 60
249 242 60
161 28 60
1 183 60
270 58 60
110 161 59
266 87 59
205 59 59
213 26 59
66 297 59
230 298 59
120 275 59
216 97 59
192 282 59
82 100 59
256 36 59
297 265 59
60 140 59
58 76 59
190 101 59
239 257 59
111 28 58
108 47 58
299 139 58
272 159 58
241 231 58
148 208 58
168 229 58
151 106 58
282 209 58
25 89 58
150 164 58
6 25 58
234 147 57
225 19 57
44 158 57
287 236 57
181 244 57
135 75 57
158 47 57
29 284 57
221 257 57
187 50 57
296 194 57
202 251 57
276 136 56
142 289 56
67 146 56
29 229 56
276 87 56
172 211 56
203 289 56
220 49 56
120 181 56
279 222 55
62 237 55
128 176 55
216 19 55
72 85 55
129 35 55
132 168 55
19 40 55
129 119 55
136 245 55
176 239 55
50 170 55
228 155 55
57 272 55
140 75 55
233 298 55
117 8 55
11 78 55
12 110 55
260 112 54
239 128 54
168 60 54
282 182 54
244 231 54
57 219 54
299 293 54
126 190 54
225 187 54
152 248 53
124 9 53
72 64 53
182 241 53
224 145 53
218 30 53
251 260 53
118 196 53
71 35 53
193 25 53
263 111 53
207 38 53
281 267 53
37 269 53
43 298 53
152 8 52
237 61 52
261 266 52
271 77 52
205 171 52
106 73 52
206 251 52
12 219 52
225 70 52
285 107 52
47 236 52
263 288 52
130 86 52
151 183 52
117 67 52
251 269 52
61 261 52
261 43 52
20 85 51
78 125 51
292 73 51
88 285 51
73 185 51
269 206 51
66 9 51
34 214 51
67 104 51
250 294 51
276 46 51
0 105 51
124 205 51
51 89 51
72 166 51
212 283 51
82 293 51
1 55 51
124 38 51
223 152 51
191 85 50
90 46 50
215 230 50
213 85 50
218 7 50
160 30 50
155 198 50
5 30 50
134 157 50
9 1 50
172 116 49
174 295 49
159 216 49
154 220 49
270 112 49
25 30 49
142 134 49
225 115 49
297 176 49
140 133 49
131 164 49
275 232 49
187 15 49
235 202 49
112 93 49
210 281 49
207 288 49
1 107 49
101 34 49
129 146 49
160 163 49
240 156 49
65 58 49
211 169 49
29 233 49
243 46 49
97 62 49
88 12 49
15 284 49
134 205 49
297 108 49
51 167 49
94 214 49
173 177 48
261 30 48
98 75 48
248 113 48
188 184 48
293 78 48
161 112 48
41 18 48
158 241 48
9 298 48
139 213 48
110 129 48
20 237 48
69 201 48
204 138 48
179 248 48
114 261 48
271 85 48
68 114 48
153 148 48
70 8 48
273 69 48
245 13 48
185 56 47
127 216 47
246 81 47
83 291 47
239 43 47
34 221 47
180 227 47
141 116 47
238 104 47
9 201 47
8 268 47
240 256 47
20 4 47
276 55 47
42 250 47
92 233 47
63 171 47
285 105 47
149 141 47
200 297 47
146 115 47
241 224 47
291 261 46
135 43 46
263 228 46
70 53 46
194 163 46
149 156 46
51 263 46
81 44 46
145 183 46
248 117 46
137 184 46
70 84 46
69 40 46
141 82 46
16 262 46
5 232 46
125 245 46
100 250 46
201 127 46
131 134 46
294 44 46
204 199 46
297 299 46
160 29 46
241 174 46
283 28 46
207 223 46
286 289 46
189 11 46
49 257 46
278 4 46
286 38 46
261 82 46
134 162 46
13 228 46
50 19 45
10 70 45
209 192 45
89 56 45
72 88 45
260 291 45
190 139 45
226 118 45
191 170 45
98 287 45
3 126 45
166 116 45
18 108 45
41 149 45
128 155 45
40 149 45
294 167 45
67 123 45
98 146 45
241 113 45
232 212 44
275 277 44
135 223 44
252 36 44
104 143 44
207 290 44
233 11 44
141 293 44
112 136 44
210 260 44
73 208 44
146 74 44
211 100 44
65 186 44
287 16 44
28 94 44
227 179 44
267 50 44
24 131 44
296 260 44
16 238 44
146 273 44
225 24 44
24 189 44
37 144 43
105 216 43
25 158 43
29 287 43
147 205 43
143 244 43
18 267 43
38 62 43
258 162 43
97 148 43
57 266 43
179 267 43
164 113 43
269 165 43
83 115 43
79 139 43
281 31 43
249 292 43
200 255 43
130 195 43
34 68 43
127 30 43
9 55 43
5 97 43
187 7 43
110 179 43
124 277 43
143 247 43
236 124 43
211 286 43
160 58 42
153 268 42
281 114 42
32 279 42
11 206 42
54 188 42
141 32 42
14 246 42
154 94 42
236 246 42
50 29 42
24 176 42
181 194 42
111 139 42
153 111 42
29 150 42
113 197 42
244 167 42
299 270 42
100 293 42
65 284 42
174 249 42
33 101 42
154 218 42
184 192 41
36 223 41
259 6 41
46 259 41
184 75 41
113 128 41
7 104 41
51 247 41
281 105 41
149 211 41
271 69 41
215 30 41
14 105 41
83 258 41
67 1 41
119 96 41
170 241 41
39 57 41
175 64 41
25 220 41
229 34 41
168 99 41
58 62 41
271 117 41
196 33 41
98 72 41
255 6 41
252 136 41
56 49 41
182 145 41
121 163 41
286 136 41
264 235 40
265 2 40
295 191 40
104 165 40
259 225 40
5 193 40
150 236 40
34 100 40
126 154 40
121 41 40
134 292 40
294 87 40
243 118 40
226 24 40
225 262 40
292 86 40
58 265 40
36 63 40
77 80 40
232 285 40
214 197 40
75 294 40
114 208 40
135 142 40
171 263 39
272 200 39
111 116 39
84 103 39
134 85 39
213 147 39
228 35 39
10 238 39
33 6 39
155 278 39
201 273 38
77 164 38
164 108 38
11 40 38
116 123 38
91 176 38
156 158 38
119 41 38
293 264 38
175 252 38
45 165 38
160 170 38
51 81 38
7 76 38
122 107 37
262 284 37
72 191 37
33 194 37
39 171 37
98 73 37
256 154 37
225 79 37
62 104 37
134 80 37
92 110 37
39 168 37
45 9 37
118 103 36
72 231 36
256 262 36
134 82 36
69 275 36
138 94 36
19 156 36
181 175 36
66 82 36
40 199 36
74 4 36
209 166 36
29 172 36
106 91 36
128 95 36
58 101 35
107 220 35
7 164 35
151 66 35
98 262 35
134 255 35
253 59 35
143 129 35
80 256 35
71 255 35
137 1 35
146 277 35
98 46 35
266 286 35
185 127 34
186 78 34
199 264 34
118 181 34
171 147 34
120 223 34
115 90 34
262 128 34
274 76 34
132 24 34
150 119 34
299 287 34
174 102 34
35 194 34
5 41 34
41 279 33
247 142 33
152 282 33
168 201 33
241 28 33
149 32 33
9 214 33
23 197 33
133 176 33
85 171 33
145 207 33
102 42 33
59 263 33
273 241 33
206 201 33
17 166 33
124 126 32
104 5 32
209 251 32
290 272 32
161 101 32
129 64 32
298 193 32
265 203 32
10 177 32
25 40 31
226 279 31
93 26 31
56 104 31
108 180 31
217 236 31
108 226 31
43 15 31
292 24 31
240 295 31
267 32 31
163 79 31
20 52 31
218 25 31
270 183 31
183 16 30
111 211 30
157 239 30
172 241 30
245 133 30
254 270 30
173 87 30
86 159 30
178 89 30
282 164 30
15 13 30
249 137 30
80 294 30
11 130 30
158 270 30
256 153 30
58 16 30
173 111 29
231 182 29
254 30 29
245 186 29
198 299 29
11 225 29
63 186 29
57 14 29
130 161 29
160 137 29
229 52 29
43 132 29
295 31 29
99 25 29
115 293 29
92 87 29
271 182 29
277 106 28
99 160 28
28 65 28
89 59 28
214 217 28
36 151 28
31 178 28
78 12 28
235 11 28
3 82 28
189 224 28
75 199 28
2 107 28
24 293 27
239 247 27
116 227 27
116 60 27
162 212 27
170 94 27
12 129 27
87 296 26
198 123 26
292 249 26
171 152 26
76 158 26
246 242 26
121 76 26
20 148 25
128 58 25
90 193 25
145 18 25
46 247 25
296 167 25
147 297 25
35 190 25
41 183 25
69 60 24
196 141 24
230 140 23
96 220 23
155 156 23
15 296 23
258 242 23
273 8 23
200 161 23
206 21 22
285 233 22
52 71 22
244 19 22
57 49 22
166 50 22
3 202 22
159 19 22
17 103 22
226 126 22
258 89 22
39 44 22
235 221 21
117 112 21
209 281 21
91 77 21
206 284 21
170 158 21
65 231 21
159 90 21
97 134 21
228 253 21
268 83 21
70 19 21
94 135 21
162 56 21
292 6 21
218 243 21
111 30 20
279 183 20
136 46 20
227 271 20
224 233 20
88 219 20
165 238 20
158 54 20
254 181 20
150 141 20
195 66 20
21 292 20
140 64 20
221 84 20
33 151 20
48 127 19
281 268 19
209 114 19
62 109 19
4 165 19
186 120 19
19 218 19
60 280 19
17 200 19
121 183 19
175 268 18
279 68 18
234 201 18
108 150 18
128 23 18
39 107 18
251 65 18
20 32 18
29 171 18
255 104 18
185 138 18
289 227 18
116 44 18
193 210 18
197 278 18
180 134 18
263 240 18
189 141 18
42 10 18
257 81 18
150 61 18
117 252 18
209 229 18
184 155 18
180 105 17
150 174 17
233 49 17
96 188 17
29 232 17
16 59 17
256 22 17
19 103 17
212 253 17
291 243 17
51 181 17
189 83 17
224 128 17
141 153 17
108 135 17
51 261 17
108 209 17
155 176 17
115 270 17
68 279 17
144 255 17
57 117 17
82 11 16
132 119 16
281 182 16
27 149 16
108 257 16
85 206 16
287 297 16
104 170 16
186 195 16
132 253 16
255 295 16
95 165 16
299 291 16
285 182 16
42 255 16
31 75 16
228 27 16
269 82 16
285 24 16
45 240 16
263 114 16
284 25 16
59 202 16
296 208 15
167 206 15
27 60 15
283 20 15
175 93 15
206 295 15
110 169 15
55 94 15
164 241 15
233 191 15
254 247 15
201 251 15
276 208 15
256 181 15
270 57 15
248 203 15
101 108 14
35 78 14
55 98 14
28 162 14
78 243 14
189 163 14
291 39 14
89 195 14
7 136 14
76 137 14
249 286 14
286 195 14
251 241 14
174 230 14
198 296 14
129 108 13
76 180 13
168 147 13
101 119 13
240 98 13
27 170 13
27 148 13
46 195 13
165 18 13
182 249 13
107 85 13
142 199 13
92 73 13
87 274 13
104 153 13
63 286 13
146 98 13
56 107 13
8 104 13
157 133 13
240 35 13
6 185 13
175 18 13
151 48 13
55 158 12
77 29 12
299 206 12
145 208 12
74 138 12
292 271 12
178 265 12
161 160 12
122 118 12
158 6 12
89 104 12
86 256 12
201 249 12
60 120 12
289 155 12
171 93 11
76 217 11
278 289 11
32 113 11
31 179 11
243 113 11
13 179 11
56 260 11
101 73 11
290 28 11
11 124 11
243 56 11
43 224 11
20 242 10
278 243 10
179 160 10
246 8 10
172 166 10
233 151 10
217 146 10
9 81 10
190 200 10
40 23 10
213 148 10
275 205 10
133 161 10
270 228 10
90 219 10
74 272 10
41 262 10
108 250 10
