55 0 95
0 55 97
163 0 100
0 163 89
268 0 92
0 268 96
13 1 99
1 13 97
20 1 99
1 20 100
52 1 96
1 52 97
136 1 100
1 136 91
12 2 98
2 12 100
194 2 97
2 194 100
285 2 97
2 285 100
46 3 88
3 46 96
62 3 99
3 62 94
100 3 93
3 100 90
199 3 92
3 199 92
247 3 99
3 247 100
277 3 94
3 277 100
2 4 91
4 2 100
295 4 97
4 295 100
126 5 100
5 126 91
180 5 99
5 180 100
238 5 88
5 238 100
251 6 89
6 251 92
11 7 97
7 11 100
29 7 98
7 29 99
242 7 95
7 242 88
180 8 90
8 180 100
190 9 97
9 190 96
90 10 96
10 90 97
100 10 100
10 100 96
107 10 95
10 107 93
143 10 98
10 143 89
189 10 97
10 189 98
249 10 95
10 249 100
0 11 97
11 0 91
283 11 88
11 283 86
299 11 96
11 299 96
184 12 91
12 184 87
244 12 87
12 244 96
114 13 93
13 114 100
128 13 100
13 128 100
36 14 97
14 36 93
153 14 95
14 153 95
276 14 95
14 276 100
265 15 96
15 265 96
289 15 94
15 289 96
9 16 96
16 9 96
171 16 100
16 171 100
68 17 100
17 68 99
130 17 100
17 130 86
186 17 99
17 186 100
0 18 100
18 0 100
120 18 96
18 120 87
190 18 100
18 190 96
29 19 100
19 29 95
156 19 93
19 156 92
46 20 100
20 46 97
58 20 97
20 58 95
248 20 92
20 248 97
127 21 99
21 127 87
161 21 95
21 161 100
194 21 94
21 194 100
135 22 92
22 135 97
6 23 88
23 6 84
10 23 96
23 10 89
95 23 95
23 95 86
125 23 95
23 125 99
172 23 97
23 172 100
192 23 88
23 192 90
21 24 100
24 21 95
246 24 98
24 246 93
3 25 95
25 3 100
5 25 83
25 5 94
144 25 99
25 144 94
244 25 100
25 244 93
132 26 96
26 132 98
138 27 89
27 138 91
262 27 91
27 262 87
162 28 100
28 162 100
138 29 91
29 138 97
149 29 94
29 149 94
241 29 100
29 241 97
260 29 98
29 260 100
273 29 100
29 273 98
21 30 99
30 21 100
120 32 94
32 120 100
141 32 94
32 141 97
185 32 100
32 185 99
253 32 100
32 253 95
62 33 100
33 62 98
90 33 99
33 90 98
95 33 95
33 95 95
254 33 95
33 254 100
285 33 100
33 285 100
91 34 99
34 91 91
140 34 100
34 140 97
176 34 94
34 176 100
215 34 100
34 215 96
242 34 100
34 242 92
263 34 86
34 263 97
274 34 92
34 274 98
281 34 97
34 281 100
54 35 90
35 54 91
13 36 100
36 13 96
206 36 99
36 206 97
33 37 100
37 33 93
82 37 95
37 82 100
150 37 100
37 150 100
156 37 100
37 156 87
246 37 99
37 246 93
202 38 96
38 202 98
289 38 100
38 289 100
49 39 100
39 49 96
110 39 95
39 110 100
216 39 100
39 216 98
292 39 97
39 292 100
105 40 95
40 105 98
115 40 90
40 115 96
162 40 98
40 162 99
228 40 87
40 228 94
87 41 100
41 87 90
292 41 86
41 292 97
33 42 100
42 33 99
70 42 100
42 70 100
93 42 98
42 93 100
138 42 100
42 138 85
196 42 95
42 196 95
106 43 93
43 106 100
112 43 100
43 112 97
150 43 99
43 150 99
169 43 99
43 169 99
212 44 99
44 212 95
219 44 91
44 219 94
18 45 95
45 18 93
128 45 100
45 128 98
146 45 100
45 146 98
283 45 92
45 283 95
244 46 98
46 244 95
9 47 100
47 9 100
18 47 100
47 18 100
40 47 95
47 40 88
256 47 99
47 256 92
264 47 94
47 264 100
27 48 95
48 27 89
65 48 98
48 65 100
117 48 100
48 117 86
175 48 100
48 175 97
282 48 97
48 282 100
36 49 100
49 36 97
109 50 95
50 109 100
81 51 93
51 81 96
197 51 93
51 197 99
257 51 100
51 257 98
51 52 96
52 51 97
60 52 95
52 60 100
106 52 95
52 106 90
178 52 95
52 178 100
223 52 99
52 223 100
153 53 81
53 153 100
211 53 96
53 211 93
232 53 99
53 232 92
36 54 100
54 36 100
197 54 99
54 197 87
274 54 93
54 274 100
12 55 97
55 12 100
72 55 93
55 72 96
74 55 99
55 74 93
107 55 100
55 107 100
278 55 96
55 278 89
224 56 93
56 224 97
7 57 95
57 7 98
243 57 98
57 243 98
250 57 100
57 250 99
40 58 96
58 40 87
86 58 94
58 86 87
25 59 95
59 25 96
194 59 93
59 194 99
183 60 100
60 183 100
197 60 98
60 197 100
168 61 88
61 168 100
188 61 97
61 188 96
193 61 100
61 193 99
249 61 100
61 249 98
262 61 91
61 262 91
206 62 97
62 206 89
220 62 94
62 220 95
291 62 99
62 291 96
136 63 93
63 136 93
94 64 100
64 94 100
104 64 99
64 104 97
211 64 98
64 211 100
264 64 97
64 264 98
30 65 96
65 30 100
120 65 97
65 120 96
131 65 95
65 131 100
148 65 98
65 148 100
151 65 90
65 151 89
172 65 100
65 172 85
282 65 96
65 282 100
62 66 94
66 62 100
147 67 97
67 147 100
233 67 100
67 233 95
211 68 100
68 211 100
274 68 93
68 274 93
236 69 91
69 236 95
102 70 100
70 102 97
281 70 98
70 281 100
0 71 94
71 0 91
29 71 94
71 29 95
190 71 90
71 190 97
212 71 95
71 212 90
21 72 96
72 21 95
45 72 100
72 45 98
108 72 100
72 108 97
152 72 95
72 152 100
157 72 95
72 157 100
207 72 97
72 207 87
237 72 93
72 237 96
12 73 100
73 12 92
269 73 91
73 269 93
278 73 96
73 278 98
54 74 100
74 54 96
114 74 100
74 114 100
130 74 85
74 130 97
60 75 98
75 60 100
103 75 100
75 103 97
82 76 90
76 82 100
157 76 95
76 157 95
259 76 99
76 259 96
7 77 100
77 7 99
13 77 96
77 13 100
52 77 99
77 52 96
133 77 92
77 133 100
197 77 95
77 197 95
151 78 92
78 151 99
155 78 100
78 155 97
191 78 96
78 191 100
98 79 100
79 98 100
137 79 98
79 137 86
70 80 100
80 70 98
112 80 100
80 112 97
234 80 95
80 234 100
262 80 95
80 262 93
184 81 100
81 184 89
250 81 87
81 250 91
257 81 100
81 257 100
97 82 99
82 97 87
57 83 93
83 57 88
105 83 95
83 105 87
118 83 100
83 118 100
170 83 94
83 170 93
283 83 98
83 283 97
55 84 100
84 55 95
216 84 99
84 216 94
3 85 96
85 3 96
158 85 100
85 158 100
210 85 99
85 210 94
27 86 100
86 27 99
63 86 100
86 63 94
199 86 94
86 199 92
286 86 100
86 286 93
78 87 93
87 78 89
152 87 99
87 152 97
241 87 98
87 241 97
143 88 89
88 143 100
157 88 100
88 157 97
160 88 94
88 160 95
116 89 95
89 116 100
203 89 94
89 203 100
204 89 100
89 204 99
24 90 100
90 24 100
119 90 100
90 119 99
213 90 97
90 213 99
218 90 94
90 218 93
280 90 90
90 280 98
127 91 95
91 127 97
193 91 92
91 193 87
230 91 100
91 230 100
278 91 87
91 278 95
287 91 95
91 287 88
27 92 95
92 27 90
161 93 99
93 161 93
244 93 89
93 244 99
59 94 99
94 59 87
77 94 94
94 77 96
85 94 100
94 85 97
4 95 91
95 4 95
22 95 100
95 22 87
152 95 100
95 152 97
162 95 82
95 162 86
174 95 98
95 174 99
231 95 96
95 231 89
236 95 96
95 236 94
37 97 96
97 37 99
116 97 98
97 116 99
160 97 100
97 160 91
82 98 100
98 82 100
243 98 100
98 243 100
104 99 94
99 104 100
195 99 95
99 195 98
239 99 99
99 239 95
66 100 100
100 66 100
174 100 88
100 174 91
134 101 97
101 134 97
258 101 100
101 258 100
87 102 93
102 87 92
152 102 100
102 152 100
170 102 100
102 170 92
202 102 85
102 202 95
29 103 96
103 29 97
134 103 97
103 134 100
183 103 96
103 183 93
238 103 100
103 238 91
29 104 89
104 29 100
62 104 100
104 62 88
234 104 95
104 234 96
260 104 100
104 260 99
230 105 100
105 230 97
90 106 98
106 90 98
264 106 91
106 264 100
46 107 97
107 46 97
133 107 99
107 133 93
225 107 95
107 225 98
243 107 92
107 243 100
263 107 94
107 263 96
51 108 100
108 51 100
158 108 98
108 158 93
188 109 89
109 188 94
216 109 100
109 216 100
166 110 98
110 166 100
25 111 99
111 25 99
65 111 89
111 65 100
72 111 88
111 72 97
83 111 95
111 83 98
99 111 96
111 99 95
296 111 95
111 296 89
70 112 94
112 70 100
161 112 100
112 161 97
250 112 95
112 250 100
262 112 94
112 262 96
88 113 92
113 88 100
150 113 96
113 150 98
40 114 82
114 40 99
137 115 96
115 137 91
139 115 78
115 139 91
148 115 98
115 148 100
224 115 83
115 224 90
3 117 92
117 3 93
83 117 100
117 83 86
113 117 100
117 113 85
259 117 100
117 259 91
15 118 98
118 15 93
111 118 92
118 111 100
136 118 96
118 136 100
231 118 97
118 231 86
263 118 100
118 263 100
87 119 98
119 87 94
260 119 91
119 260 89
64 120 100
120 64 99
90 120 94
120 90 100
250 120 100
120 250 90
276 120 100
120 276 91
77 121 92
121 77 100
180 121 94
121 180 98
199 121 100
121 199 88
220 121 100
121 220 89
10 122 92
122 10 96
208 122 96
122 208 95
81 123 97
123 81 92
267 123 100
123 267 100
4 124 97
124 4 100
40 124 100
124 40 100
132 124 99
124 132 92
151 124 86
124 151 100
52 125 100
125 52 82
172 125 95
125 172 100
27 126 100
126 27 97
63 126 97
126 63 96
84 126 100
126 84 94
166 126 94
126 166 94
96 127 100
127 96 100
135 127 90
127 135 92
163 127 89
127 163 90
0 128 95
128 0 93
69 128 100
128 69 100
115 128 93
128 115 89
39 129 100
129 39 98
249 129 98
129 249 99
280 129 97
129 280 96
98 130 92
130 98 87
188 130 86
130 188 93
223 131 100
131 223 100
261 131 100
131 261 96
265 131 100
131 265 100
55 132 99
132 55 97
102 132 100
132 102 100
121 132 93
132 121 93
66 133 87
133 66 100
82 133 100
133 82 100
151 133 90
133 151 95
270 133 91
133 270 89
73 134 100
134 73 90
144 134 100
134 144 100
262 134 88
134 262 100
7 135 96
135 7 97
41 135 97
135 41 100
125 135 92
135 125 95
221 135 93
135 221 90
60 136 98
136 60 95
176 136 94
136 176 96
178 136 85
136 178 91
188 136 100
136 188 90
190 136 96
136 190 99
227 136 95
136 227 90
255 136 91
136 255 90
258 136 100
136 258 93
6 137 90
137 6 90
59 137 95
137 59 81
143 137 90
137 143 78
198 137 90
137 198 93
246 137 92
137 246 95
82 138 100
138 82 89
121 138 90
138 121 85
178 138 97
138 178 95
289 138 85
138 289 92
293 138 96
138 293 100
191 139 100
139 191 92
221 139 96
139 221 100
288 140 100
140 288 100
130 141 83
141 130 100
140 141 100
141 140 100
193 141 96
141 193 100
259 141 95
141 259 98
7 143 100
143 7 91
52 143 87
143 52 95
115 143 83
143 115 89
182 143 91
143 182 84
43 144 100
144 43 99
104 144 98
144 104 99
194 144 100
144 194 100
116 145 100
145 116 91
282 145 100
145 282 100
38 146 100
146 38 98
132 146 91
146 132 91
150 146 95
146 150 98
65 147 95
147 65 98
141 147 92
147 141 100
236 147 100
147 236 92
256 147 100
147 256 100
95 148 94
148 95 90
249 148 90
148 249 99
250 148 94
148 250 95
31 149 92
149 31 82
40 149 91
149 40 91
79 149 88
149 79 94
165 149 93
149 165 93
192 149 89
149 192 92
196 149 98
149 196 96
100 151 85
151 100 96
152 151 100
151 152 98
159 151 81
151 159 80
169 152 100
152 169 97
279 152 100
152 279 100
99 153 93
153 99 100
264 153 90
153 264 100
272 153 96
153 272 89
61 154 79
154 61 99
141 154 94
154 141 100
164 154 96
154 164 97
287 154 93
154 287 84
66 155 100
155 66 100
285 155 100
155 285 100
26 156 100
156 26 89
176 156 98
156 176 97
271 156 91
156 271 93
275 156 100
156 275 88
37 157 100
157 37 96
192 157 87
157 192 100
17 158 98
158 17 92
75 158 100
158 75 100
291 158 89
158 291 100
50 159 86
159 50 83
79 159 98
159 79 96
81 159 97
159 81 96
209 159 93
159 209 100
243 159 90
159 243 92
245 159 99
159 245 95
171 160 100
160 171 100
232 160 92
160 232 89
250 161 91
161 250 100
49 162 86
162 49 98
141 162 92
162 141 96
295 162 87
162 295 86
5 163 100
163 5 96
36 163 86
163 36 98
51 163 92
163 51 98
76 163 97
163 76 95
88 163 97
163 88 97
180 163 96
163 180 93
199 163 91
163 199 91
255 163 100
163 255 91
269 163 93
163 269 93
6 164 86
164 6 89
10 165 91
165 10 96
88 165 100
165 88 93
79 166 98
166 79 96
146 167 95
167 146 90
163 167 83
167 163 100
193 167 98
167 193 94
8 168 95
168 8 88
18 168 88
168 18 100
87 168 93
168 87 100
134 168 97
168 134 96
172 168 95
168 172 94
101 169 90
169 101 98
189 169 100
169 189 98
196 169 100
169 196 99
224 169 100
169 224 90
273 169 91
169 273 91
28 170 92
170 28 92
112 171 94
171 112 99
82 172 100
172 82 95
183 172 97
172 183 84
274 172 100
172 274 95
276 172 88
172 276 100
41 173 91
173 41 100
142 173 100
173 142 100
214 174 92
174 214 95
46 175 96
175 46 97
206 175 100
175 206 100
243 175 96
175 243 88
83 176 78
176 83 100
89 176 97
176 89 100
104 176 100
176 104 96
235 176 96
176 235 90
279 176 100
176 279 98
222 177 99
177 222 100
57 178 98
178 57 100
103 178 100
178 103 98
121 178 97
178 121 94
204 178 94
178 204 98
238 178 98
178 238 89
119 179 100
179 119 95
143 179 100
179 143 91
213 180 98
180 213 100
228 180 100
180 228 98
65 181 100
181 65 92
90 181 85
181 90 99
135 181 99
181 135 91
46 183 88
183 46 91
56 183 86
183 56 99
130 183 98
183 130 89
293 183 97
183 293 91
110 184 95
184 110 93
114 184 92
184 114 100
136 184 100
184 136 95
142 184 86
184 142 95
145 184 100
184 145 86
193 184 89
184 193 92
213 184 95
184 213 97
13 185 96
185 13 96
67 185 100
185 67 96
243 185 97
185 243 96
250 185 93
185 250 97
55 186 97
186 55 95
94 186 98
186 94 96
8 187 96
187 8 100
16 188 99
188 16 97
106 188 97
188 106 99
197 188 93
188 197 87
38 189 100
189 38 96
67 189 93
189 67 100
134 189 93
189 134 97
145 189 95
189 145 100
198 189 100
189 198 90
27 190 84
190 27 95
10 191 95
191 10 92
27 191 92
191 27 93
46 191 96
191 46 90
48 191 92
191 48 91
186 192 89
192 186 92
228 192 100
192 228 96
70 193 99
193 70 100
142 193 84
193 142 100
224 193 95
193 224 87
13 194 93
194 13 92
18 194 88
194 18 100
150 194 100
194 150 91
160 194 93
194 160 100
186 194 94
194 186 88
280 195 100
195 280 99
8 196 91
196 8 92
21 196 92
196 21 99
97 196 96
196 97 95
224 196 95
196 224 95
243 196 91
196 243 88
166 197 86
197 166 91
220 197 100
197 220 84
69 198 96
198 69 96
117 198 93
198 117 86
155 198 89
198 155 100
257 198 95
198 257 95
85 199 99
199 85 92
157 199 100
199 157 91
193 199 87
199 193 100
46 200 100
200 46 100
159 200 97
200 159 100
220 200 96
200 220 96
24 201 96
201 24 100
57 201 87
201 57 97
75 201 95
201 75 100
106 201 96
201 106 94
145 201 93
201 145 88
215 201 98
201 215 96
234 201 97
201 234 100
22 202 91
202 22 97
26 202 97
202 26 100
289 202 97
202 289 92
114 203 96
203 114 100
133 203 95
203 133 100
240 203 100
203 240 92
273 203 84
203 273 96
242 204 92
204 242 100
246 204 96
204 246 92
141 205 100
205 141 96
67 206 95
206 67 87
69 206 94
206 69 96
173 206 88
206 173 93
184 206 100
206 184 92
253 206 98
206 253 87
176 207 100
207 176 89
205 207 91
207 205 97
14 209 86
209 14 100
69 209 100
209 69 96
233 209 99
209 233 95
258 209 95
209 258 91
67 210 97
210 67 93
76 210 99
210 76 88
65 211 90
211 65 93
245 211 98
211 245 96
286 211 98
211 286 99
14 214 95
214 14 91
57 214 90
214 57 87
187 214 94
214 187 98
219 214 90
214 219 96
266 214 96
214 266 89
9 215 88
215 9 96
37 215 100
215 37 82
40 215 89
215 40 92
151 216 95
216 151 100
169 216 98
216 169 89
110 217 95
217 110 92
134 217 93
217 134 100
184 217 95
217 184 97
63 218 98
218 63 99
87 219 89
219 87 95
132 219 94
219 132 95
269 219 89
219 269 93
82 220 99
220 82 87
149 220 89
220 149 89
152 220 100
220 152 92
184 220 86
220 184 95
268 220 93
220 268 98
14 221 94
221 14 88
193 222 93
222 193 93
143 223 92
223 143 99
221 223 99
223 221 90
70 224 100
224 70 92
140 224 98
224 140 100
162 224 74
224 162 93
251 224 89
224 251 96
256 224 95
224 256 88
73 225 95
225 73 90
189 225 100
225 189 96
220 225 84
225 220 100
78 226 83
226 78 98
82 226 93
226 82 97
248 226 95
226 248 97
254 226 100
226 254 95
11 227 91
227 11 99
81 227 100
227 81 95
117 227 90
227 117 83
197 228 97
228 197 97
261 228 95
228 261 92
299 228 100
228 299 99
161 230 97
230 161 96
206 231 97
231 206 86
267 231 97
231 267 95
273 231 94
231 273 85
54 232 89
232 54 92
84 232 99
232 84 99
278 232 97
232 278 76
161 233 100
233 161 96
115 234 82
234 115 89
153 234 95
234 153 95
168 234 87
234 168 95
46 235 100
235 46 95
64 236 93
236 64 100
96 236 93
236 96 94
264 236 93
236 264 82
70 237 93
237 70 100
83 237 99
237 83 95
167 237 100
237 167 100
250 237 95
237 250 94
262 237 95
237 262 93
69 238 96
238 69 95
71 238 90
238 71 92
73 238 88
238 73 99
173 238 94
238 173 90
283 238 93
238 283 87
181 239 97
239 181 96
202 239 100
239 202 94
91 240 95
240 91 92
133 240 100
240 133 97
179 240 95
240 179 94
292 240 95
240 292 94
119 241 98
241 119 95
158 241 94
241 158 100
183 241 92
241 183 88
60 242 95
242 60 100
149 242 98
242 149 94
275 242 100
242 275 97
61 243 88
243 61 96
69 243 97
243 69 93
72 243 96
243 72 92
80 243 92
243 80 94
220 243 96
243 220 96
89 244 94
244 89 100
137 244 81
244 137 95
151 244 99
244 151 90
87 245 99
245 87 87
121 246 100
246 121 91
130 246 93
246 130 83
205 246 96
246 205 92
221 246 89
246 221 95
281 246 99
246 281 89
92 247 86
247 92 97
172 247 95
247 172 96
191 247 90
247 191 99
246 247 92
247 246 90
286 247 100
247 286 91
159 248 87
248 159 96
183 248 91
248 183 92
146 249 87
249 146 96
235 249 95
249 235 98
91 250 97
250 91 97
131 250 95
250 131 99
143 250 90
250 143 94
296 250 99
250 296 96
82 251 93
251 82 90
133 251 99
251 133 100
193 251 94
251 193 99
198 251 95
251 198 100
23 252 95
252 23 90
177 252 95
252 177 98
21 253 100
253 21 97
94 253 98
253 94 96
109 253 100
253 109 92
110 253 91
253 110 89
6 254 100
254 6 100
6 255 93
255 6 97
45 255 92
255 45 85
96 255 84
255 96 86
123 255 94
255 123 94
129 255 88
255 129 95
254 255 87
255 254 98
270 255 100
255 270 83
279 255 95
255 279 87
253 256 97
256 253 94
259 256 94
256 259 93
128 257 100
257 128 98
185 257 94
257 185 98
213 257 95
257 213 94
18 258 98
258 18 75
65 259 92
259 65 89
94 259 96
259 94 87
112 259 100
259 112 96
205 259 92
259 205 87
54 260 90
260 54 93
153 260 93
260 153 89
215 260 92
260 215 96
235 260 94
260 235 98
238 260 85
260 238 88
263 260 98
260 263 91
199 261 100
261 199 99
259 261 97
261 259 89
126 262 89
262 126 95
163 262 91
262 163 86
217 262 96
262 217 96
221 262 93
262 221 93
15 263 90
263 15 97
74 263 95
263 74 95
256 263 94
263 256 94
283 263 91
263 283 91
122 264 89
264 122 95
158 264 90
264 158 85
188 264 95
264 188 90
247 264 84
264 247 87
83 265 90
265 83 89
93 265 93
265 93 91
117 265 100
265 117 100
119 265 83
265 119 99
292 265 96
265 292 88
54 266 98
266 54 100
114 266 98
266 114 100
128 266 95
266 128 97
231 266 93
266 231 84
53 267 92
267 53 100
81 267 99
267 81 95
198 267 98
267 198 94
169 268 93
268 169 92
208 268 92
268 208 98
32 269 88
269 32 92
61 269 100
269 61 83
192 269 97
269 192 88
195 269 83
269 195 95
116 270 100
270 116 87
260 270 100
270 260 92
262 270 86
270 262 76
43 271 97
271 43 97
220 271 96
271 220 97
273 271 85
271 273 94
41 272 100
272 41 100
25 273 97
273 25 100
45 273 86
273 45 93
97 273 100
273 97 90
149 273 90
273 149 87
183 273 84
273 183 97
272 273 91
273 272 92
78 274 100
274 78 86
286 274 89
274 286 98
291 274 93
274 291 100
48 275 98
275 48 92
145 275 92
275 145 96
225 275 94
275 225 84
246 275 91
275 246 88
11 276 97
276 11 90
224 276 91
276 224 97
76 277 96
277 76 100
167 277 97
277 167 95
275 277 100
277 275 97
37 278 93
278 37 86
109 278 95
278 109 95
170 278 96
278 170 87
258 278 95
278 258 82
23 279 96
279 23 92
42 279 99
279 42 96
47 279 100
279 47 95
111 279 90
279 111 90
1 280 99
280 1 95
30 280 98
280 30 100
138 280 91
280 138 90
166 280 90
280 166 86
239 280 89
280 239 97
54 281 98
281 54 94
196 281 96
281 196 97
121 282 100
282 121 95
213 282 92
282 213 100
4 283 95
283 4 92
168 283 92
283 168 82
170 283 94
283 170 100
5 284 98
284 5 88
20 284 98
284 20 97
95 284 85
284 95 86
151 284 97
284 151 88
193 284 90
284 193 92
277 284 93
284 277 86
5 285 100
285 5 96
17 285 83
285 17 84
132 285 89
285 132 87
139 285 94
285 139 93
161 285 86
285 161 95
272 285 100
285 272 96
297 285 99
285 297 100
47 286 100
286 47 96
117 286 92
286 117 92
218 286 94
286 218 98
233 286 95
286 233 91
264 286 98
286 264 97
9 287 93
287 9 84
67 287 93
287 67 95
81 287 95
287 81 90
83 287 91
287 83 69
79 288 99
288 79 88
112 288 89
288 112 96
236 288 91
288 236 93
85 290 97
290 85 100
46 291 93
291 46 95
186 291 87
291 186 93
252 291 93
291 252 91
13 292 89
292 13 94
117 292 92
292 117 83
199 292 95
292 199 97
296 292 94
292 296 86
26 293 95
293 26 96
52 293 85
293 52 95
62 293 100
293 62 95
214 294 91
294 214 82
68 296 87
296 68 98
81 296 95
296 81 93
159 296 94
296 159 82
245 296 98
296 245 94
271 296 94
296 271 91
137 297 99
297 137 86
189 297 91
297 189 100
154 298 86
298 154 98
38 299 94
299 38 100
197 299 97
299 197 90
248 299 99
299 248 97
