211 131 86
176 225 86
218 180 85
87 203 85
116 70 85
261 200 85
294 54 85
278 158 84
252 37 84
235 24 84
9 181 84
19 141 84
102 55 83
14 235 83
8 198 83
275 188 83
190 226 83
61 175 83
185 77 83
149 276 83
17 108 82
283 78 82
133 27 82
52 160 82
277 294 82
30 36 82
72 56 82
181 291 82
1 250 82
137 215 82
9 59 82
259 177 82
156 291 81
245 218 81
241 166 81
254 43 81
290 90 81
75 40 81
155 4 81
225 175 81
267 50 81
35 69 80
130 43 80
201 12 80
243 184 80
275 200 80
46 275 80
193 121 80
50 151 80
84 115 80
268 110 80
104 151 79
9 78 79
13 183 79
155 215 79
187 225 79
282 141 79
255 267 79
205 38 78
127 138 78
296 210 78
242 46 78
172 46 78
31 255 78
52 249 77
7 169 77
193 254 77
23 50 77
160 62 77
159 280 77
197 31 77
32 277 77
247 191 76
219 215 76
53 32 76
120 165 76
85 278 76
34 269 76
26 193 76
252 188 76
85 228 76
256 180 76
67 257 76
297 9 76
10 197 75
47 34 75
266 274 75
102 2 75
250 176 75
21 13 75
176 284 75
298 30 75
147 275 75
235 145 75
116 299 75
211 178 75
216 41 75
160 188 75
247 276 75
124 8 75
219 273 74
2 155 74
129 189 74
68 242 74
38 141 74
64 36 74
82 106 74
64 211 74
62 26 74
165 151 74
21 225 74
265 158 74
163 99 74
295 42 74
192 242 74
267 62 73
112 249 73
129 48 73
49 30 73
166 259 73
190 109 73
152 81 73
9 107 73
95 261 73
104 2 72
246 220 72
233 299 72
65 268 72
127 252 71
192 276 71
286 270 71
62 160 71
116 170 71
227 252 71
3 62 71
238 52 71
64 240 71
67 14 71
148 5 71
123 175 71
238 187 71
112 79 71
100 48 70
200 54 70
50 215 70
173 122 70
163 124 70
84 94 70
118 268 70
199 127 70
296 227 69
257 126 69
298 245 69
20 0 69
141 62 69
33 140 69
9 52 69
149 108 69
225 257 68
57 129 68
155 260 68
48 40 68
236 284 68
136 20 68
216 64 68
225 274 68
62 282 68
32 51 68
52 173 68
203 162 68
161 188 68
248 200 68
48 194 68
6 255 68
31 166 68
174 260 67
33 93 67
22 209 67
36 204 67
1 109 67
141 43 67
241 22 67
258 286 67
184 134 67
19 259 67
54 216 67
295 221 67
48 125 67
7 36 67
217 111 67
214 79 67
145 157 66
116 200 66
273 82 66
32 163 66
11 43 66
82 269 66
136 235 66
275 111 65
237 210 65
287 276 65
216 295 65
182 185 65
123 241 65
42 13 65
209 286 65
29 71 65
95 299 65
86 145 65
129 294 65
68 206 65
59 76 65
187 280 65
37 163 65
39 267 64
299 268 64
153 83 64
234 24 64
57 189 64
69 136 64
25 90 64
2 157 64
64 123 64
57 196 64
137 188 64
11 162 64
242 140 64
135 152 63
117 133 63
255 19 63
97 287 63
148 250 63
292 185 63
224 273 63
126 62 63
63 112 63
77 276 63
272 109 62
259 298 62
231 144 62
247 74 62
51 46 62
145 85 62
168 255 62
92 1 62
191 187 62
204 222 62
145 164 62
242 49 62
77 4 62
236 159 62
87 210 62
272 29 62
48 290 62
197 67 62
23 162 61
257 38 61
297 187 61
190 292 61
256 131 61
28 238 61
232 203 61
36 203 61
284 179 61
236 211 61
275 157 61
256 60 61
270 8 61
258 46 61
186 92 61
259 27 60
280 71 60
62 149 60
160 136 60
142 46 60
220 151 60
39 231 59
14 60 59
119 243 59
285 272 59
7 90 59
14 181 59
78 277 59
194 78 59
160 262 59
60 155 59
133 140 59
119 118 58
277 5 58
148 104 58
243 173 58
116 251 58
132 262 58
63 31 58
140 109 58
188 90 57
298 76 57
206 212 57
58 95 57
137 239 57
43 218 57
199 209 57
65 239 57
135 41 57
249 287 57
58 272 57
208 179 57
14 31 57
256 201 57
6 293 57
249 0 56
169 244 56
192 62 56
9 95 56
281 50 56
182 6 56
238 15 56
198 36 56
19 50 56
110 92 56
156 297 56
41 99 55
158 192 55
12 31 55
266 70 55
172 253 55
58 89 55
294 85 55
272 204 55
7 123 55
236 259 55
71 102 55
0 184 55
150 245 55
40 81 55
106 129 55
108 199 55
95 192 54
158 49 54
142 40 54
280 110 54
211 118 54
3 290 54
89 87 54
67 80 54
76 287 54
185 133 54
41 247 53
236 150 53
255 111 53
222 295 53
189 12 53
289 285 53
231 263 53
195 243 53
186 50 53
282 287 53
184 102 52
191 280 52
30 287 52
55 204 52
114 244 52
265 258 52
66 97 52
245 76 51
224 2 51
44 284 51
178 224 51
210 95 51
228 280 51
206 148 51
104 82 51
92 206 51
182 195 51
159 251 51
81 145 51
99 268 51
200 33 51
15 160 50
295 161 50
41 22 50
94 164 50
125 243 50
244 200 50
287 43 50
101 110 50
48 275 50
67 191 50
170 247 49
15 67 49
289 246 49
174 50 49
102 7 49
59 91 49
4 265 49
297 248 48
290 31 48
281 174 48
213 87 48
163 47 48
231 211 48
249 219 48
157 242 48
210 214 48
55 46 48
85 255 48
109 197 48
74 296 47
154 19 47
289 179 47
41 109 47
284 214 47
128 120 47
151 202 47
38 221 47
25 8 47
147 76 47
199 185 47
187 58 47
145 275 47
219 167 47
90 272 47
258 116 47
186 43 46
267 261 46
68 268 46
64 293 46
48 224 46
132 175 46
201 116 46
104 235 46
148 8 46
275 57 46
264 80 46
235 278 46
104 110 46
156 72 46
102 253 46
8 100 45
227 145 45
99 62 45
118 215 45
105 297 45
243 66 45
3 93 45
121 116 45
135 205 45
140 203 45
290 219 45
94 18 45
181 233 45
0 2 45
52 42 45
283 133 45
271 264 45
246 54 44
77 102 44
137 216 44
282 104 44
230 154 44
93 129 44
105 184 44
239 155 44
10 247 44
94 45 43
248 277 43
244 56 43
92 72 43
252 50 43
194 89 43
204 22 43
243 150 43
58 287 43
101 260 43
197 7 43
151 174 43
121 85 42
166 185 42
144 85 42
1 42 42
101 216 42
278 121 42
82 113 42
271 151 42
216 233 41
58 284 41
85 118 41
156 264 41
258 285 41
39 161 41
63 110 41
45 294 41
102 166 41
214 80 41
275 201 41
181 96 41
14 171 41
281 211 41
94 21 41
285 234 41
236 253 41
203 38 41
40 205 40
125 58 40
29 114 40
102 175 40
208 220 40
184 278 40
289 266 40
5 245 40
208 215 40
51 286 40
270 256 39
228 185 39
226 65 39
141 25 39
47 73 39
194 241 39
231 159 39
274 146 39
162 7 39
123 36 38
137 24 38
49 56 38
286 237 38
194 20 38
224 49 38
0 49 38
68 13 38
27 68 38
235 42 38
189 57 37
255 198 37
156 268 37
46 249 37
45 46 37
205 128 37
89 224 37
224 219 36
209 85 36
269 109 36
41 95 36
179 17 36
84 73 36
120 247 36
38 258 36
286 140 35
212 223 35
136 98 35
267 182 35
226 15 35
98 4 35
58 93 35
52 65 35
261 139 35
243 111 35
5 160 34
117 110 34
89 177 34
210 19 34
88 276 34
68 99 34
182 209 34
33 67 34
202 94 34
126 125 33
218 158 33
13 204 33
6 94 33
212 266 33
216 106 33
147 228 33
59 155 33
223 299 33
149 52 32
67 56 32
97 192 32
5 152 32
270 48 32
142 21 32
162 146 32
89 272 32
2 50 32
47 197 32
285 36 32
231 274 32
202 47 32
186 276 31
29 217 31
285 194 31
218 207 31
6 120 31
130 67 31
51 261 31
95 60 30
32 22 30
118 220 30
292 242 30
186 175 30
246 130 29
158 297 29
203 257 29
267 8 29
31 98 29
141 272 29
235 77 29
274 147 29
205 167 29
175 26 29
214 140 29
286 168 29
274 240 29
253 53 29
204 251 28
14 95 28
169 215 28
180 114 28
92 7 27
135 57 27
131 65 27
138 183 27
116 230 27
67 273 27
205 208 27
106 112 27
84 273 27
111 87 26
291 280 26
43 222 26
246 243 26
247 176 26
37 42 26
201 214 26
125 212 26
244 225 26
119 180 26
16 133 26
76 38 25
40 245 25
159 32 25
239 238 25
278 168 25
109 105 25
47 286 25
59 220 25
63 262 25
206 58 25
59 257 25
116 50 24
154 159 24
138 48 24
73 9 24
29 54 24
212 180 24
121 112 24
99 239 24
134 101 24
118 51 24
111 298 24
221 154 24
191 239 24
207 123 24
84 270 24
236 146 23
247 2 23
150 23 23
283 159 23
206 67 23
208 248 23
191 260 23
78 197 23
286 174 23
213 17 23
264 126 23
94 36 22
158 260 22
51 168 22
264 1 22
224 106 22
294 81 22
262 41 22
94 167 22
90 45 22
93 32 22
40 70 22
201 196 22
218 270 22
65 119 21
252 72 21
193 133 21
181 259 21
184 144 21
10 13 21
277 273 21
165 59 21
35 144 21
18 121 20
39 174 20
255 101 20
286 85 20
149 258 20
72 128 20
298 196 20
63 276 20
299 120 20
160 117 20
236 45 20
274 265 20
202 293 19
143 100 19
0 39 19
46 299 19
153 39 19
151 108 19
202 299 19
222 287 19
187 259 19
124 71 19
199 246 19
199 220 19
164 293 19
116 217 19
198 200 19
38 260 18
183 109 18
165 231 18
24 73 18
171 159 18
125 180 18
291 166 18
53 141 18
1 249 17
105 36 17
152 265 17
285 206 17
144 230 17
32 185 17
241 125 17
200 296 17
43 213 17
210 24 17
59 52 17
153 53 16
133 111 16
141 268 16
40 33 16
22 42 16
125 3 16
154 284 16
296 295 16
155 202 15
152 233 15
218 127 15
73 155 15
275 11 15
97 161 15
165 128 15
167 115 15
187 176 15
199 112 14
50 227 14
5 102 14
240 177 14
260 10 14
293 45 14
237 142 14
273 144 14
263 177 14
69 237 14
146 91 14
21 221 14
180 6 14
31 265 13
142 14 13
16 109 13
47 205 13
280 273 13
130 49 13
46 225 13
154 274 13
236 6 13
70 227 13
286 257 13
262 5 12
89 91 12
196 230 12
70 56 12
136 210 12
177 173 12
133 142 11
280 201 11
105 31 11
23 242 11
186 62 11
146 2 11
273 121 11
215 276 11
222 52 11
82 15 11
150 171 11
50 250 11
49 17 10
87 267 10
80 79 10
164 232 10
107 256 10
69 47 10
105 169 10
188 162 10
100 6 10
80 127 10
165 24 9
14 77 9
55 45 9
77 13 9
151 74 9
32 218 9
46 261 8
35 180 8
245 184 8
180 90 8
194 282 8
84 50 8
45 5 8
11 39 8
108 25 8
275 285 8
204 294 8
235 258 8
210 290 8
186 63 7
192 32 7
228 248 7
86 32 7
118 242 7
146 190 7
126 89 7
188 299 7
162 58 7
19 198 7
71 186 7
175 104 7
66 272 7
39 37 6
239 100 6
283 47 6
148 208 6
0 214 6
178 90 6
6 19 6
266 9 6
224 291 6
33 62 6
29 240 6
228 208 6
158 148 6
295 186 5
175 64 5
150 43 5
125 21 5
235 264 5
222 237 5
55 198 5
261 157 5
296 160 5
209 266 4
288 148 4
242 69 4
231 234 4
51 281 4
183 255 4
213 10 4
101 186 3
270 69 3
233 225 3
263 118 3
99 81 3
135 13 3
72 242 3
77 267 3
294 172 3
100 129 3
281 235 3
177 254 3
261 111 2
86 223 2
26 125 2
222 102 2
118 218 2
172 165 2
30 233 1
186 35 1
54 18 1
37 200 1
135 83 1
157 244 1
265 192 1
214 297 1
30 1 1
15 16 1
