32 0 94
0 32 97
21 1 97
1 21 95
6 2 98
2 6 99
37 2 99
2 37 100
38 2 95
2 38 100
23 3 96
3 23 95
36 3 100
3 36 100
38 3 89
3 38 100
39 3 100
3 39 100
11 4 100
4 11 88
12 4 99
4 12 100
14 4 96
4 14 96
22 4 100
4 22 95
25 4 98
4 25 94
46 4 92
4 46 99
11 5 100
5 11 99
25 5 100
5 25 100
29 5 99
5 29 99
1 6 100
6 1 100
19 6 100
6 19 100
24 6 100
6 24 97
49 6 96
6 49 100
30 7 95
7 30 100
3 8 97
8 3 100
7 8 100
8 7 98
40 8 99
8 40 95
2 9 96
9 2 100
3 9 100
9 3 92
5 9 100
9 5 96
8 9 100
9 8 97
30 9 94
9 30 100
32 9 94
9 32 100
35 9 97
9 35 97
36 9 100
9 36 100
0 10 100
10 0 100
5 10 100
10 5 100
34 10 100
10 34 96
37 10 95
10 37 100
42 10 100
10 42 97
9 11 100
11 9 95
43 11 97
11 43 100
0 12 100
12 0 100
23 12 100
12 23 93
27 12 95
12 27 100
40 12 89
12 40 98
45 12 100
12 45 92
46 12 98
12 46 100
0 13 97
13 0 100
3 14 85
14 3 100
27 14 92
14 27 95
41 14 81
14 41 84
29 15 98
15 29 93
14 16 100
16 14 100
28 16 100
16 28 95
44 16 100
16 44 100
45 16 93
16 45 97
48 16 95
16 48 94
4 17 95
17 4 99
15 17 98
17 15 100
29 17 100
17 29 99
31 18 100
18 31 91
42 18 95
18 42 100
47 18 100
18 47 98
49 18 89
18 49 93
9 19 97
19 9 100
8 21 97
21 8 100
22 21 100
21 22 98
25 21 97
21 25 95
0 22 98
22 0 98
17 22 91
22 17 99
47 24 100
24 47 95
19 25 100
25 19 97
33 25 100
25 33 100
37 25 100
25 37 97
2 27 95
27 2 100
19 27 96
27 19 90
22 27 98
27 22 99
23 27 97
27 23 95
31 27 94
27 31 99
34 27 99
27 34 100
44 27 99
27 44 97
45 27 92
27 45 96
18 28 100
28 18 84
19 29 87
29 19 100
32 29 92
29 32 89
33 30 95
30 33 95
25 31 96
31 25 92
42 31 98
31 42 100
2 32 95
32 2 89
8 32 95
32 8 94
14 32 92
32 14 95
21 32 95
32 21 95
39 32 100
32 39 100
6 33 95
33 6 98
23 33 98
33 23 96
36 33 100
33 36 90
12 34 100
34 12 98
42 34 100
34 42 100
44 34 100
34 44 100
48 34 100
34 48 96
2 35 100
35 2 100
19 35 98
35 19 100
24 35 100
35 24 95
25 35 100
35 25 100
37 35 99
35 37 100
7 36 95
36 7 97
8 36 100
36 8 100
25 36 100
36 25 100
37 36 96
36 37 99
42 36 97
36 42 95
5 37 100
37 5 100
11 37 92
37 11 98
12 37 96
37 12 98
27 37 95
37 27 100
1 38 93
38 1 100
8 38 100
38 8 97
23 38 98
38 23 100
0 39 100
39 0 100
5 39 98
39 5 99
36 39 95
39 36 97
38 39 94
39 38 96
48 39 92
39 48 100
9 42 100
42 9 100
35 42 94
42 35 91
39 42 85
42 39 97
40 42 95
42 40 88
31 43 98
43 31 98
45 43 98
43 45 90
0 44 96
44 0 100
3 44 100
44 3 100
10 44 100
44 10 96
24 44 93
44 24 90
32 44 95
44 32 92
33 44 100
44 33 96
46 44 95
44 46 96
4 45 100
45 4 100
8 45 98
45 8 90
13 45 100
45 13 100
14 45 96
45 14 92
22 45 84
45 22 98
33 45 100
45 33 100
39 45 92
45 39 86
30 46 92
46 30 94
48 46 92
46 48 84
4 47 100
47 4 97
39 47 93
47 39 94
20 48 91
48 20 96
32 48 96
48 32 84
11 49 99
49 11 95
21 49 89
49 21 98
32 49 91
49 32 94
44 49 91
49 44 91
