21 9 91
48 36 90
5 42 90
42 25 90
23 24 89
46 11 89
25 46 88
31 33 87
44 37 87
27 10 86
2 42 86
3 11 86
48 42 85
42 24 85
29 11 84
27 4 83
46 30 83
21 42 82
41 44 82
37 3 82
11 28 81
13 17 80
46 32 80
48 37 80
20 47 80
8 28 80
30 45 79
16 8 79
47 4 78
25 24 77
4 39 76
7 10 75
36 9 75
37 0 75
18 42 75
2 12 74
23 6 74
16 37 73
44 6 73
28 37 72
17 8 71
3 37 71
47 3 71
20 38 70
35 41 70
24 11 69
38 8 69
25 29 69
49 4 69
11 42 68
30 22 68
9 41 67
27 11 67
0 48 67
27 21 67
40 18 67
36 31 65
11 12 65
0 33 65
16 46 65
34 42 63
34 9 62
40 21 61
20 1 61
27 0 58
4 35 58
46 9 57
30 41 56
48 33 56
14 36 54
36 44 51
5 39 49
44 0 48
3 21 48
7 3 48
9 37 48
43 9 45
34 48 43
21 34 43
37 32 42
40 1 41
28 2 40
7 23 40
20 28 40
35 14 39
0 22 39
18 19 39
17 16 39
41 27 38
14 12 38
11 14 38
4 13 37
47 0 37
47 17 35
28 38 35
13 36 34
21 2 34
19 25 34
45 4 33
18 22 33
28 24 33
20 22 33
17 19 32
20 25 31
49 12 29
35 38 28
38 0 28
9 19 27
10 44 27
8 24 26
48 6 26
20 24 26
46 14 26
47 30 24
23 29 24
4 19 22
44 39 22
7 19 21
9 0 21
29 14 20
20 7 18
35 33 18
41 31 18
9 2 16
19 27 16
32 3 16
47 6 16
20 40 15
6 1 15
11 45 14
3 25 14
6 18 13
18 5 13
6 38 11
15 49 11
38 42 10
29 48 10
20 46 9
34 2 7
10 2 7
24 30 7
18 31 6
17 14 5
47 2 3
8 37 3
46 39 3
37 36 2
10 0 1
35 46 1
19 48 1
