0 518 100
0 569 100
1 521 100
1 574 100
1 842 100
1 945 100
2 63 100
2 229 100
3 947 100
4 622 100
4 743 100
4 805 100
4 972 100
6 594 100
6 733 100
7 85 100
8 40 100
8 603 100
8 725 100
9 348 100
9 470 100
10 27 100
10 427 100
11 584 100
12 491 100
12 776 100
12 868 100
13 530 100
14 175 100
14 599 100
14 636 100
14 894 100
14 899 100
15 13 100
15 292 100
15 425 100
15 850 100
16 354 100
16 561 100
16 935 100
17 441 100
18 302 100
18 349 100
18 650 100
18 668 100
18 669 100
19 27 100
19 149 100
19 683 100
20 217 100
20 739 100
21 247 100
21 581 100
21 858 100
21 951 100
22 115 100
22 445 100
22 540 100
22 582 100
23 2 100
23 266 100
23 737 100
23 776 100
24 166 100
24 193 100
24 462 100
24 771 100
26 63 100
26 751 100
26 798 100
26 848 100
27 248 100
27 644 100
27 741 100
28 70 100
28 868 100
29 869 100
30 98 100
31 117 100
31 287 100
31 843 100
32 698 100
32 787 100
32 897 100
33 740 100
34 9 100
34 20 100
34 281 100
34 727 100
34 828 100
35 513 100
36 370 100
36 655 100
36 829 100
36 835 100
36 986 100
37 497 100
37 833 100
38 77 100
38 236 100
39 850 100
39 931 100
41 395 100
41 793 100
41 922 100
41 962 100
43 235 100
43 358 100
43 447 100
43 553 100
43 683 100
43 775 100
43 927 100
44 719 100
45 720 100
45 875 100
45 952 100
47 786 100
49 157 100
49 463 100
49 698 100
49 778 100
49 840 100
50 165 100
50 394 100
50 621 100
51 582 100
52 13 100
52 110 100
52 121 100
52 417 100
52 821 100
52 975 100
53 873 100
54 395 100
55 139 100
55 478 100
56 191 100
56 205 100
56 325 100
56 486 100
56 619 100
56 854 100
57 259 100
57 333 100
57 531 100
57 617 100
57 881 100
58 24 100
58 734 100
58 839 100
59 166 100
59 185 100
59 191 100
59 800 100
59 881 100
60 221 100
61 95 100
61 150 100
62 136 100
63 683 100
64 134 100
64 505 100
64 513 100
64 766 100
64 859 100
64 923 100
65 920 100
67 144 100
67 540 100
67 612 100
68 700 100
69 214 100
69 479 100
69 817 100
70 768 100
70 791 100
71 940 100
72 61 100
72 276 100
72 401 100
72 738 100
72 741 100
73 89 100
73 254 100
73 691 100
73 766 100
73 849 100
74 990 100
75 149 100
75 240 100
75 647 100
75 674 100
75 747 100
76 256 100
76 437 100
76 510 100
76 740 100
76 789 100
77 720 100
77 960 100
78 156 100
79 267 100
79 480 100
79 754 100
79 775 100
79 937 100
80 264 100
80 267 100
81 663 100
81 830 100
82 284 100
82 836 100
83 92 100
83 411 100
83 601 100
83 765 100
83 924 100
84 333 100
84 577 100
85 120 100
85 480 100
85 654 100
85 675 100
85 677 100
87 597 100
88 317 100
89 149 100
89 459 100
89 733 100
90 135 100
90 775 100
90 904 100
90 926 100
91 127 100
91 258 100
91 343 100
91 829 100
92 2 100
92 72 100
92 149 100
92 317 100
92 985 100
93 196 100
93 395 100
94 38 100
94 77 100
94 551 100
95 250 100
95 337 100
95 511 100
95 619 100
95 738 100
96 757 100
96 950 100
96 985 100
97 896 100
98 419 100
98 485 100
98 512 100
99 305 100
99 344 100
99 746 100
100 719 100
100 733 100
101 385 100
102 314 100
103 69 100
103 128 100
103 356 100
103 485 100
103 993 100
104 366 100
105 239 100
105 751 100
106 205 100
106 387 100
106 499 100
106 768 100
107 40 100
107 468 100
107 668 100
108 208 100
108 542 100
109 9 100
109 412 100
109 416 100
109 641 100
109 978 100
110 329 100
110 352 100
111 578 100
111 720 100
111 835 100
111 959 100
112 233 100
112 276 100
112 993 100
113 256 100
113 279 100
113 283 100
113 545 100
114 742 100
115 91 100
115 816 100
115 884 100
116 363 100
117 58 100
117 416 100
117 466 100
117 838 100
118 616 100
119 435 100
119 907 100
119 970 100
120 95 100
121 155 100
121 430 100
121 483 100
121 616 100
121 842 100
122 334 100
122 974 100
124 119 100
124 910 100
125 145 100
125 667 100
126 42 100
126 483 100
126 773 100
127 275 100
127 550 100
128 70 100
128 201 100
128 694 100
128 727 100
128 894 100
128 940 100
129 492 100
130 153 100
130 166 100
131 23 100
131 207 100
131 284 100
132 559 100
133 95 100
133 264 100
133 379 100
133 572 100
133 941 100
134 155 100
135 33 100
135 84 100
135 92 100
135 607 100
136 440 100
136 546 100
136 620 100
137 43 100
137 316 100
137 364 100
137 463 100
137 493 100
137 582 100
139 436 100
139 640 100
140 95 100
140 507 100
140 630 100
141 448 100
141 663 100
141 992 100
142 134 100
142 319 100
142 324 100
142 483 100
142 818 100
143 31 100
143 639 100
143 650 100
143 798 100
144 676 100
144 826 100
145 137 100
145 681 100
146 426 100
147 110 100
147 518 100
147 727 100
147 841 100
147 960 100
148 297 100
148 624 100
148 627 100
148 935 100
149 615 100
149 986 100
150 329 100
150 709 100
150 711 100
151 135 100
151 143 100
151 347 100
151 587 100
151 601 100
151 826 100
151 911 100
152 14 100
152 48 100
152 401 100
152 429 100
152 976 100
153 68 100
153 311 100
153 643 100
153 873 100
153 996 100
155 821 100
157 410 100
157 736 100
158 226 100
158 335 100
159 863 100
159 917 100
159 950 100
160 252 100
160 808 100
161 1 100
161 117 100
161 181 100
161 420 100
161 763 100
162 164 100
162 891 100
163 76 100
163 148 100
163 759 100
164 395 100
165 539 100
166 331 100
166 372 100
166 874 100
167 578 100
168 337 100
168 426 100
168 486 100
168 720 100
168 769 100
168 822 100
168 948 100
169 658 100
169 861 100
170 272 100
170 365 100
170 467 100
171 359 100
171 404 100
171 457 100
172 15 100
172 350 100
172 767 100
172 893 100
173 495 100
174 28 100
174 262 100
174 298 100
175 629 100
176 149 100
176 325 100
176 409 100
176 436 100
176 565 100
176 854 100
177 252 100
177 289 100
177 546 100
177 761 100
178 377 100
178 460 100
178 600 100
178 645 100
178 803 100
178 916 100
179 781 100
179 804 100
180 42 100
180 108 100
180 254 100
180 441 100
180 999 100
181 452 100
181 536 100
181 912 100
182 39 100
182 479 100
182 761 100
182 960 100
183 174 100
183 308 100
183 946 100
185 140 100
185 451 100
185 798 100
186 600 100
186 835 100
187 287 100
187 503 100
187 644 100
187 727 100
187 876 100
188 268 100
188 574 100
188 731 100
190 211 100
190 249 100
190 508 100
191 612 100
191 892 100
192 72 100
192 653 100
193 747 100
194 166 100
194 426 100
194 459 100
194 890 100
195 74 100
195 458 100
196 267 100
196 434 100
196 823 100
196 888 100
197 364 100
197 634 100
198 285 100
198 795 100
198 840 100
198 988 100
199 981 100
200 508 100
201 44 100
201 268 100
202 156 100
202 347 100
202 747 100
203 100 100
203 359 100
203 416 100
203 839 100
204 232 100
204 601 100
204 632 100
204 954 100
205 971 100
206 48 100
206 848 100
206 949 100
207 500 100
207 888 100
207 956 100
208 951 100
209 278 100
209 532 100
209 583 100
209 907 100
210 102 100
210 343 100
211 8 100
212 128 100
212 269 100
212 713 100
213 568 100
214 207 100
214 233 100
215 518 100
216 734 100
217 135 100
217 605 100
217 613 100
217 821 100
217 927 100
218 581 100
218 675 100
219 7 100
219 525 100
219 561 100
220 375 100
220 801 100
220 971 100
221 192 100
221 556 100
221 913 100
222 182 100
222 359 100
223 147 100
223 213 100
223 381 100
223 451 100
224 736 100
224 756 100
224 971 100
225 239 100
225 438 100
225 558 100
225 715 100
225 956 100
226 475 100
226 620 100
226 903 100
227 17 100
227 842 100
228 76 100
228 119 100
228 245 100
228 357 100
228 478 100
228 896 100
229 695 100
230 38 100
230 443 100
230 478 100
230 659 100
230 775 100
230 887 100
230 951 100
231 71 100
231 256 100
231 416 100
231 968 100
231 984 100
232 115 100
232 627 100
233 464 100
233 492 100
234 58 100
234 785 100
235 192 100
235 265 100
235 659 100
235 959 100
236 782 100
237 269 100
237 422 100
237 494 100
237 599 100
238 67 100
238 243 100
238 597 100
238 717 100
239 204 100
239 804 100
239 827 100
239 870 100
240 467 100
240 542 100
240 575 100
240 712 100
241 250 100
242 275 100
242 292 100
242 377 100
242 410 100
242 644 100
242 851 100
243 196 100
243 221 100
243 272 100
243 443 100
243 453 100
244 204 100
244 259 100
245 553 100
246 396 100
246 634 100
247 154 100
247 805 100
247 882 100
248 67 100
248 140 100
248 963 100
249 65 100
249 428 100
249 901 100
250 138 100
250 334 100
250 414 100
251 103 100
251 201 100
251 416 100
251 464 100
252 538 100
252 565 100
252 587 100
252 600 100
252 837 100
252 953 100
252 989 100
253 175 100
253 822 100
253 830 100
254 318 100
254 850 100
254 975 100
255 121 100
255 558 100
255 720 100
255 862 100
256 91 100
256 820 100
257 127 100
257 675 100
258 300 100
259 324 100
260 124 100
260 459 100
260 569 100
261 868 100
261 956 100
262 605 100
263 154 100
263 242 100
263 512 100
263 773 100
264 13 100
264 232 100
264 417 100
265 30 100
265 402 100
265 553 100
265 632 100
265 713 100
265 998 100
266 217 100
266 602 100
268 197 100
268 287 100
268 546 100
268 588 100
268 590 100
268 619 100
268 642 100
268 668 100
268 681 100
268 983 100
269 200 100
269 932 100
270 13 100
271 11 100
271 115 100
271 349 100
271 673 100
271 694 100
271 980 100
272 192 100
272 459 100
272 861 100
273 643 100
274 260 100
274 262 100
274 342 100
274 579 100
274 664 100
275 424 100
275 792 100
276 297 100
276 532 100
277 27 100
277 204 100
277 214 100
277 251 100
277 484 100
277 526 100
277 564 100
277 607 100
278 748 100
278 996 100
279 29 100
279 247 100
279 409 100
279 573 100
280 82 100
280 154 100
280 200 100
280 711 100
281 930 100
282 18 100
282 183 100
282 744 100
282 990 100
283 48 100
283 670 100
283 884 100
283 913 100
284 108 100
284 412 100
284 446 100
284 518 100
284 599 100
284 734 100
285 150 100
285 270 100
285 426 100
285 512 100
285 738 100
285 766 100
285 886 100
286 240 100
286 457 100
286 995 100
287 323 100
287 987 100
288 159 100
288 338 100
288 450 100
288 542 100
288 747 100
288 968 100
289 926 100
290 5 100
291 98 100
291 362 100
292 14 100
292 185 100
292 479 100
292 714 100
292 890 100
293 714 100
293 911 100
294 100 100
294 330 100
294 367 100
294 392 100
294 620 100
295 234 100
295 324 100
295 458 100
296 30 100
296 750 100
297 252 100
297 546 100
298 267 100
298 481 100
298 612 100
298 944 100
298 985 100
298 995 100
299 68 100
299 169 100
299 606 100
299 949 100
300 898 100
301 137 100
301 235 100
302 190 100
302 362 100
303 11 100
303 463 100
303 495 100
303 815 100
304 140 100
304 211 100
304 239 100
304 511 100
305 557 100
305 775 100
305 823 100
305 844 100
306 266 100
306 391 100
306 436 100
306 440 100
306 560 100
307 76 100
307 77 100
307 378 100
307 762 100
307 806 100
307 965 100
307 971 100
309 359 100
309 566 100
310 806 100
311 350 100
311 675 100
311 838 100
312 298 100
312 300 100
312 303 100
312 684 100
312 949 100
313 122 100
313 478 100
313 480 100
313 722 100
314 67 100
314 627 100
314 965 100
315 20 100
315 104 100
315 495 100
315 823 100
316 755 100
317 536 100
317 732 100
317 832 100
318 454 100
318 477 100
318 927 100
319 268 100
319 433 100
319 542 100
320 536 100
320 644 100
320 797 100
320 955 100
320 962 100
321 83 100
321 132 100
321 301 100
321 469 100
321 555 100
321 572 100
321 691 100
322 929 100
323 270 100
323 374 100
323 567 100
323 568 100
323 841 100
323 887 100
323 936 100
324 163 100
324 237 100
324 354 100
324 528 100
324 657 100
324 676 100
324 835 100
325 18 100
325 516 100
325 813 100
325 870 100
325 958 100
326 65 100
326 154 100
326 984 100
327 265 100
328 697 100
328 699 100
329 402 100
329 429 100
329 465 100
329 468 100
330 50 100
330 921 100
331 57 100
331 104 100
331 796 100
331 801 100
332 77 100
332 86 100
332 512 100
332 888 100
333 59 100
333 133 100
334 452 100
334 488 100
334 581 100
334 760 100
334 878 100
335 29 100
335 567 100
335 597 100
335 613 100
335 839 100
336 239 100
337 91 100
337 845 100
338 929 100
339 115 100
339 760 100
339 846 100
340 186 100
340 239 100
340 728 100
341 419 100
341 593 100
341 923 100
342 51 100
342 184 100
342 703 100
343 405 100
344 48 100
344 143 100
344 197 100
345 109 100
345 296 100
345 325 100
345 784 100
346 178 100
346 702 100
346 775 100
346 912 100
347 353 100
347 764 100
348 573 100
348 601 100
348 604 100
348 640 100
348 762 100
348 876 100
348 877 100
349 23 100
349 180 100
349 263 100
349 703 100
349 768 100
350 219 100
350 351 100
351 646 100
351 732 100
352 187 100
352 205 100
352 282 100
352 362 100
352 598 100
352 719 100
353 509 100
353 614 100
353 734 100
354 821 100
354 841 100
355 532 100
355 611 100
355 615 100
355 814 100
355 833 100
355 885 100
356 371 100
356 411 100
356 944 100
356 991 100
357 1 100
358 457 100
359 409 100
359 559 100
360 112 100
360 636 100
360 750 100
360 769 100
360 924 100
360 961 100
361 234 100
361 491 100
361 692 100
362 377 100
362 696 100
362 745 100
362 997 100
363 120 100
363 272 100
363 704 100
364 429 100
364 718 100
364 748 100
364 964 100
365 174 100
365 375 100
365 512 100
365 730 100
366 255 100
366 487 100
367 341 100
367 591 100
367 679 100
368 528 100
369 264 100
369 343 100
369 447 100
370 269 100
370 312 100
370 442 100
370 545 100
370 794 100
371 550 100
371 567 100
371 587 100
372 122 100
372 158 100
372 700 100
372 975 100
373 54 100
373 442 100
373 761 100
374 253 100
374 663 100
375 228 100
375 297 100
375 550 100
375 573 100
375 891 100
375 988 100
376 626 100
376 967 100
377 933 100
378 68 100
378 311 100
379 177 100
379 205 100
379 721 100
379 818 100
379 939 100
380 287 100
380 471 100
380 631 100
380 739 100
380 780 100
380 787 100
381 749 100
381 804 100
382 230 100
382 458 100
382 544 100
382 910 100
383 254 100
384 376 100
384 525 100
384 628 100
385 8 100
385 154 100
385 175 100
385 267 100
385 278 100
385 749 100
386 157 100
386 346 100
386 679 100
387 125 100
387 175 100
388 361 100
388 603 100
389 960 100
390 808 100
390 953 100
391 512 100
391 641 100
393 968 100
394 69 100
395 8 100
395 58 100
395 329 100
395 441 100
395 602 100
396 115 100
396 296 100
396 325 100
396 919 100
397 496 100
398 57 100
398 422 100
398 454 100
398 610 100
398 652 100
399 800 100
399 991 100
399 996 100
400 271 100
400 929 100
400 984 100
401 990 100
402 68 100
402 198 100
402 615 100
402 655 100
402 869 100
403 73 100
403 138 100
403 712 100
403 801 100
403 829 100
403 940 100
405 638 100
405 991 100
407 537 100
407 585 100
407 643 100
407 671 100
407 674 100
407 905 100
408 72 100
408 167 100
408 349 100
408 413 100
409 81 100
409 910 100
409 951 100
410 303 100
410 497 100
411 198 100
411 767 100
412 6 100
412 250 100
412 303 100
412 693 100
412 892 100
413 453 100
414 464 100
414 970 100
415 161 100
415 291 100
415 363 100
415 398 100
415 496 100
416 425 100
416 676 100
416 928 100
418 329 100
418 387 100
419 573 100
419 666 100
419 711 100
419 904 100
420 182 100
420 564 100
421 79 100
421 112 100
421 547 100
421 745 100
421 795 100
421 864 100
421 881 100
422 3 100
422 77 100
422 562 100
423 412 100
423 830 100
424 460 100
424 992 100
425 211 100
425 251 100
425 298 100
426 221 100
426 291 100
426 580 100
426 614 100
427 550 100
427 834 100
427 888 100
427 932 100
428 386 100
428 440 100
428 520 100
428 966 100
429 19 100
429 70 100
429 761 100
429 897 100
430 429 100
431 290 100
431 339 100
431 828 100
433 27 100
433 64 100
433 202 100
433 347 100
433 619 100
434 506 100
435 37 100
435 394 100
436 40 100
436 93 100
436 211 100
436 247 100
436 939 100
437 316 100
437 396 100
437 444 100
437 954 100
438 141 100
438 967 100
439 191 100
439 281 100
439 653 100
439 885 100
439 969 100
440 35 100
440 177 100
440 560 100
440 599 100
440 731 100
440 912 100
441 127 100
441 679 100
442 61 100
442 282 100
442 502 100
442 762 100
442 902 100
442 930 100
443 216 100
443 491 100
443 730 100
443 925 100
444 313 100
444 653 100
444 706 100
444 985 100
444 988 100
445 11 100
445 186 100
445 194 100
445 318 100
445 338 100
445 552 100
446 954 100
447 109 100
447 551 100
447 567 100
447 857 100
448 280 100
449 330 100
449 335 100
449 804 100
450 533 100
450 565 100
450 586 100
450 628 100
450 784 100
450 890 100
451 157 100
451 350 100
451 468 100
451 853 100
451 937 100
452 24 100
453 140 100
453 284 100
453 983 100
454 671 100
455 11 100
455 50 100
455 95 100
456 188 100
456 281 100
456 468 100
456 557 100
457 400 100
457 616 100
457 755 100
457 779 100
457 924 100
458 40 100
458 95 100
458 162 100
458 198 100
458 394 100
458 428 100
458 920 100
459 185 100
459 642 100
459 820 100
460 30 100
460 79 100
460 229 100
461 73 100
462 357 100
462 513 100
462 710 100
463 227 100
463 379 100
463 657 100
463 854 100
463 886 100
464 67 100
464 856 100
465 513 100
465 596 100
465 680 100
465 932 100
466 371 100
467 123 100
467 613 100
467 664 100
468 140 100
468 633 100
469 169 100
469 806 100
470 560 100
471 377 100
471 489 100
471 605 100
472 3 100
472 140 100
472 442 100
472 741 100
472 980 100
473 355 100
473 811 100
473 951 100
474 250 100
474 617 100
474 684 100
474 980 100
475 38 100
475 583 100
475 612 100
475 956 100
476 76 100
476 249 100
476 752 100
477 708 100
479 160 100
479 280 100
479 695 100
480 640 100
481 183 100
482 240 100
482 734 100
482 794 100
483 467 100
483 591 100
483 795 100
483 873 100
484 83 100
484 196 100
484 251 100
484 410 100
484 848 100
486 279 100
486 522 100
486 527 100
486 805 100
486 951 100
487 183 100
487 509 100
487 998 100
488 81 100
488 394 100
488 572 100
488 670 100
488 710 100
488 736 100
488 960 100
489 301 100
489 703 100
489 747 100
489 968 100
490 22 100
490 105 100
490 925 100
490 935 100
491 80 100
491 567 100
491 789 100
492 323 100
492 893 100
493 107 100
493 296 100
493 449 100
493 750 100
494 223 100
494 588 100
494 726 100
494 999 100
495 230 100
495 896 100
495 992 100
496 17 100
496 345 100
496 775 100
497 700 100
498 215 100
498 618 100
498 630 100
498 879 100
499 677 100
500 13 100
500 142 100
500 224 100
500 259 100
500 432 100
500 458 100
500 474 100
500 604 100
501 53 100
501 463 100
501 518 100
501 668 100
501 831 100
502 119 100
502 197 100
502 238 100
502 527 100
503 194 100
503 418 100
503 444 100
503 618 100
503 841 100
504 269 100
504 552 100
504 627 100
504 673 100
504 684 100
504 742 100
504 871 100
505 531 100
505 992 100
506 282 100
507 14 100
507 249 100
507 366 100
507 531 100
508 14 100
508 379 100
508 660 100
509 116 100
509 280 100
509 356 100
509 365 100
509 608 100
510 140 100
510 377 100
510 590 100
510 755 100
511 340 100
512 97 100
512 502 100
512 600 100
512 605 100
513 99 100
513 336 100
513 361 100
513 374 100
514 110 100
514 984 100
515 445 100
515 776 100
515 995 100
516 554 100
517 121 100
517 570 100
517 666 100
517 987 100
518 53 100
518 559 100
518 866 100
519 257 100
519 288 100
519 649 100
520 135 100
520 444 100
521 181 100
521 189 100
521 702 100
522 37 100
522 394 100
522 508 100
522 764 100
522 887 100
523 244 100
524 915 100
524 979 100
525 278 100
525 375 100
525 936 100
526 70 100
527 615 100
528 874 100
528 950 100
529 300 100
529 706 100
530 328 100
530 365 100
530 471 100
530 605 100
530 637 100
531 239 100
532 89 100
532 241 100
532 676 100
533 647 100
534 218 100
534 411 100
534 827 100
535 224 100
535 639 100
535 689 100
535 724 100
535 773 100
536 178 100
536 231 100
536 249 100
537 223 100
537 859 100
538 4 100
538 678 100
538 951 100
538 994 100
539 143 100
539 689 100
540 367 100
540 440 100
540 855 100
541 25 100
541 432 100
542 655 100
543 213 100
543 832 100
544 122 100
544 991 100
545 137 100
546 381 100
547 407 100
548 369 100
548 451 100
548 643 100
548 764 100
549 283 100
549 786 100
549 928 100
551 148 100
551 485 100
551 638 100
551 749 100
551 847 100
552 189 100
552 665 100
554 215 100
554 223 100
554 444 100
554 816 100
555 334 100
555 822 100
555 921 100
555 990 100
556 599 100
557 169 100
557 197 100
557 832 100
557 860 100
558 4 100
558 50 100
558 469 100
559 106 100
559 406 100
559 880 100
559 953 100
560 54 100
560 725 100
562 283 100
563 418 100
563 510 100
563 625 100
563 635 100
563 643 100
563 655 100
563 664 100
565 711 100
566 106 100
566 184 100
566 308 100
566 350 100
566 813 100
567 46 100
567 920 100
567 987 100
568 360 100
568 579 100
568 738 100
569 340 100
569 805 100
569 947 100
570 404 100
570 959 100
571 49 100
572 508 100
572 667 100
573 18 100
573 303 100
573 356 100
573 533 100
573 740 100
575 143 100
575 235 100
576 515 100
576 630 100
576 726 100
576 900 100
576 932 100
576 938 100
576 986 100
577 66 100
577 239 100
577 389 100
577 558 100
577 751 100
578 79 100
578 248 100
578 413 100
578 448 100
579 27 100
579 604 100
579 847 100
580 30 100
581 1 100
581 224 100
581 232 100
581 247 100
581 437 100
581 667 100
581 695 100
582 353 100
582 597 100
582 987 100
583 130 100
583 774 100
583 895 100
584 100 100
584 754 100
584 777 100
585 19 100
585 631 100
585 867 100
585 966 100
586 95 100
586 799 100
586 985 100
587 0 100
587 164 100
587 267 100
587 328 100
587 368 100
587 614 100
587 700 100
587 974 100
588 46 100
589 47 100
589 763 100
589 908 100
589 934 100
590 373 100
590 816 100
590 827 100
591 996 100
592 99 100
592 597 100
592 643 100
593 115 100
593 296 100
593 358 100
593 727 100
593 932 100
594 329 100
594 684 100
594 788 100
594 803 100
595 158 100
595 773 100
596 7 100
596 68 100
596 122 100
596 138 100
597 642 100
598 114 100
598 264 100
598 301 100
598 539 100
598 750 100
599 581 100
599 736 100
599 839 100
600 520 100
600 647 100
601 245 100
601 955 100
602 166 100
602 679 100
602 956 100
603 13 100
603 99 100
603 203 100
603 551 100
603 873 100
603 907 100
604 235 100
604 714 100
605 345 100
605 458 100
605 629 100
605 760 100
605 788 100
605 791 100
606 169 100
606 374 100
606 380 100
607 108 100
607 517 100
607 942 100
608 105 100
608 275 100
608 590 100
609 61 100
609 293 100
609 907 100
609 918 100
610 506 100
610 566 100
610 807 100
611 149 100
611 270 100
611 493 100
612 449 100
612 627 100
612 666 100
612 868 100
613 111 100
613 124 100
613 559 100
613 728 100
613 779 100
613 791 100
613 806 100
614 30 100
614 748 100
615 192 100
615 591 100
615 620 100
616 793 100
617 362 100
617 412 100
617 618 100
618 176 100
618 467 100
618 763 100
618 956 100
619 8 100
619 551 100
620 233 100
620 398 100
621 131 100
621 583 100
622 50 100
622 356 100
622 395 100
622 816 100
623 144 100
623 473 100
623 507 100
623 690 100
624 176 100
624 249 100
624 435 100
624 613 100
624 754 100
624 889 100
624 973 100
625 544 100
625 564 100
625 963 100
626 208 100
626 520 100
626 527 100
626 643 100
627 528 100
627 780 100
628 398 100
628 878 100
629 179 100
629 619 100
629 637 100
630 110 100
630 266 100
630 411 100
630 518 100
630 600 100
630 747 100
631 82 100
631 969 100
632 182 100
632 586 100
632 841 100
632 866 100
633 350 100
634 428 100
635 122 100
636 97 100
637 411 100
637 417 100
637 572 100
637 913 100
638 181 100
638 205 100
640 321 100
640 414 100
640 477 100
640 502 100
640 503 100
640 752 100
641 278 100
641 938 100
642 432 100
643 83 100
643 266 100
643 332 100
643 724 100
644 44 100
644 626 100
644 822 100
645 7 100
645 183 100
645 600 100
645 637 100
645 720 100
645 878 100
646 45 100
646 204 100
646 357 100
646 853 100
647 222 100
647 844 100
648 247 100
649 315 100
649 804 100
649 961 100
650 41 100
650 267 100
652 404 100
652 512 100
652 555 100
652 767 100
653 96 100
653 144 100
653 166 100
653 517 100
653 977 100
654 389 100
654 764 100
655 280 100
655 282 100
656 441 100
657 475 100
657 988 100
658 905 100
659 50 100
659 119 100
660 31 100
660 409 100
660 458 100
660 469 100
660 482 100
660 960 100
661 135 100
661 581 100
662 447 100
662 482 100
662 647 100
662 658 100
662 714 100
662 734 100
663 39 100
663 201 100
663 546 100
664 185 100
664 250 100
664 310 100
664 389 100
664 575 100
664 830 100
665 74 100
665 804 100
666 945 100
667 478 100
667 976 100
668 32 100
668 352 100
668 564 100
669 99 100
669 134 100
669 143 100
669 396 100
669 446 100
669 562 100
670 584 100
670 838 100
671 65 100
671 559 100
671 605 100
673 39 100
673 239 100
673 334 100
673 563 100
673 615 100
673 969 100
674 87 100
674 139 100
674 387 100
674 687 100
675 192 100
675 252 100
675 573 100
675 844 100
676 41 100
676 52 100
676 318 100
676 343 100
677 406 100
677 503 100
677 605 100
678 104 100
678 241 100
678 663 100
678 881 100
678 977 100
679 494 100
679 674 100
679 909 100
680 256 100
681 2 100
681 724 100
681 792 100
682 286 100
682 837 100
682 941 100
683 381 100
683 418 100
683 724 100
684 166 100
684 494 100
684 554 100
684 557 100
684 803 100
685 214 100
685 577 100
685 674 100
685 816 100
686 2 100
686 286 100
686 491 100
687 43 100
687 397 100
688 59 100
688 124 100
688 632 100
688 663 100
689 103 100
689 336 100
689 434 100
689 600 100
689 872 100
690 97 100
691 68 100
691 281 100
691 339 100
691 592 100
692 135 100
693 333 100
694 203 100
694 354 100
694 863 100
695 503 100
696 271 100
697 121 100
697 223 100
697 425 100
697 516 100
697 680 100
697 763 100
698 74 100
698 471 100
698 837 100
699 97 100
699 223 100
699 243 100
699 887 100
699 932 100
699 978 100
700 675 100
701 227 100
701 777 100
701 860 100
701 970 100
702 167 100
702 414 100
702 703 100
703 39 100
703 216 100
703 897 100
704 374 100
704 455 100
705 24 100
705 116 100
705 501 100
705 796 100
705 853 100
705 916 100
706 118 100
706 295 100
706 431 100
706 613 100
707 277 100
707 299 100
707 790 100
707 819 100
707 986 100
708 295 100
708 697 100
708 807 100
709 14 100
709 220 100
709 486 100
710 35 100
710 467 100
710 664 100
711 30 100
711 563 100
713 17 100
713 251 100
714 447 100
714 772 100
715 10 100
715 28 100
715 138 100
716 113 100
716 405 100
716 624 100
716 777 100
717 909 100
718 117 100
718 443 100
719 197 100
719 306 100
720 47 100
720 356 100
720 370 100
720 459 100
720 911 100
721 440 100
722 172 100
723 79 100
724 196 100
724 251 100
724 292 100
724 313 100
724 492 100
724 853 100
725 423 100
725 482 100
725 539 100
725 995 100
726 47 100
726 555 100
726 723 100
727 192 100
727 245 100
728 211 100
728 700 100
729 28 100
729 282 100
729 601 100
729 830 100
729 924 100
730 261 100
730 661 100
731 534 100
731 999 100
732 283 100
732 793 100
732 920 100
732 968 100
733 285 100
733 426 100
733 536 100
734 10 100
734 193 100
736 237 100
736 781 100
736 838 100
736 892 100
736 954 100
737 86 100
737 161 100
737 230 100
737 464 100
737 966 100
738 186 100
738 478 100
738 642 100
739 266 100
739 293 100
739 962 100
739 968 100
740 27 100
740 74 100
740 285 100
740 381 100
740 621 100
740 734 100
740 950 100
741 299 100
741 342 100
741 888 100
742 22 100
743 588 100
744 502 100
744 506 100
744 653 100
744 914 100
745 199 100
745 396 100
746 35 100
746 904 100
747 57 100
747 280 100
747 507 100
747 680 100
748 467 100
749 37 100
749 232 100
749 233 100
749 420 100
749 505 100
749 718 100
749 926 100
750 229 100
751 124 100
751 242 100
751 336 100
751 731 100
751 782 100
752 91 100
752 268 100
753 66 100
753 74 100
753 366 100
753 535 100
753 728 100
754 254 100
755 589 100
755 736 100
755 847 100
756 954 100
758 542 100
759 628 100
759 879 100
759 919 100
760 230 100
760 364 100
760 636 100
760 975 100
761 840 100
761 879 100
762 50 100
762 275 100
762 426 100
762 527 100
762 863 100
763 236 100
763 283 100
763 651 100
763 856 100
764 437 100
764 603 100
764 647 100
764 788 100
765 310 100
765 897 100
767 258 100
767 703 100
767 744 100
768 198 100
768 384 100
768 824 100
768 833 100
768 922 100
769 395 100
769 443 100
769 565 100
769 733 100
769 780 100
770 67 100
770 482 100
770 569 100
770 717 100
771 46 100
771 157 100
771 430 100
771 947 100
772 352 100
772 464 100
772 785 100
772 791 100
773 111 100
773 159 100
773 435 100
773 915 100
774 235 100
774 681 100
774 808 100
774 940 100
775 169 100
775 572 100
775 656 100
775 663 100
776 161 100
776 408 100
776 695 100
777 49 100
777 325 100
777 387 100
778 448 100
778 482 100
779 251 100
779 570 100
779 655 100
779 903 100
779 967 100
780 62 100
780 122 100
780 977 100
781 103 100
781 399 100
781 409 100
781 784 100
781 815 100
781 941 100
782 407 100
782 411 100
782 563 100
782 591 100
782 594 100
782 788 100
782 893 100
783 133 100
783 200 100
783 496 100
783 697 100
784 380 100
784 979 100
785 344 100
785 904 100
785 933 100
785 940 100
786 70 100
786 118 100
786 477 100
787 117 100
787 362 100
788 13 100
788 42 100
788 101 100
789 183 100
789 742 100
789 776 100
789 834 100
790 692 100
790 796 100
791 402 100
791 410 100
791 490 100
791 695 100
792 539 100
793 87 100
793 153 100
793 622 100
795 61 100
795 383 100
795 526 100
795 940 100
796 879 100
798 100 100
798 109 100
798 475 100
798 731 100
798 957 100
799 286 100
799 587 100
799 912 100
799 944 100
800 83 100
800 694 100
801 248 100
801 295 100
801 601 100
801 608 100
801 709 100
801 897 100
802 33 100
802 197 100
802 976 100
803 512 100
803 829 100
804 80 100
804 111 100
804 420 100
805 215 100
805 340 100
805 387 100
805 394 100
805 580 100
806 91 100
806 116 100
806 491 100
807 312 100
807 934 100
808 187 100
808 204 100
808 268 100
808 760 100
808 901 100
809 509 100
810 325 100
810 462 100
810 718 100
810 933 100
811 897 100
812 24 100
812 424 100
812 583 100
812 619 100
813 68 100
813 455 100
814 78 100
814 329 100
814 398 100
814 522 100
815 16 100
815 178 100
815 282 100
815 632 100
815 653 100
815 757 100
816 42 100
816 187 100
816 496 100
816 797 100
816 834 100
817 17 100
817 78 100
818 368 100
818 441 100
818 660 100
819 72 100
819 84 100
819 186 100
819 688 100
819 859 100
819 920 100
820 222 100
821 41 100
821 174 100
822 41 100
822 244 100
822 340 100
822 422 100
822 541 100
822 711 100
823 160 100
823 818 100
825 42 100
825 203 100
825 320 100
825 386 100
825 588 100
825 652 100
826 42 100
826 157 100
826 569 100
827 936 100
828 607 100
828 875 100
829 108 100
829 671 100
829 987 100
830 430 100
830 434 100
831 277 100
831 885 100
832 440 100
833 220 100
833 275 100
833 329 100
833 567 100
834 218 100
834 394 100
834 817 100
834 936 100
835 363 100
835 943 100
836 737 100
836 797 100
837 207 100
837 441 100
838 584 100
839 273 100
839 420 100
839 521 100
839 596 100
839 623 100
839 831 100
840 81 100
840 244 100
840 427 100
840 495 100
841 56 100
841 231 100
841 653 100
842 787 100
842 841 100
842 861 100
843 426 100
843 446 100
843 733 100
844 25 100
844 43 100
844 874 100
844 970 100
844 993 100
846 257 100
846 262 100
846 380 100
846 733 100
846 851 100
847 282 100
847 345 100
847 944 100
848 585 100
849 9 100
849 911 100
850 287 100
850 741 100
850 878 100
850 905 100
851 249 100
851 499 100
851 514 100
851 736 100
851 981 100
852 15 100
852 147 100
852 208 100
852 492 100
853 122 100
853 231 100
853 232 100
853 492 100
854 308 100
855 38 100
855 359 100
855 602 100
855 673 100
855 738 100
856 440 100
857 33 100
857 814 100
857 896 100
858 244 100
858 828 100
859 184 100
859 798 100
860 267 100
860 739 100
861 289 100
861 923 100
861 951 100
862 140 100
862 768 100
863 263 100
863 398 100
863 725 100
863 794 100
863 912 100
864 529 100
864 902 100
865 135 100
865 215 100
865 524 100
866 177 100
866 222 100
866 381 100
866 905 100
867 29 100
867 187 100
867 361 100
867 493 100
867 955 100
868 226 100
868 298 100
868 439 100
868 596 100
869 9 100
869 273 100
869 949 100
870 292 100
870 911 100
870 939 100
870 942 100
871 60 100
871 415 100
872 216 100
872 312 100
872 540 100
873 194 100
873 718 100
873 976 100
874 122 100
874 565 100
874 624 100
874 901 100
875 130 100
875 538 100
876 625 100
877 342 100
877 875 100
877 942 100
878 86 100
878 208 100
878 389 100
878 810 100
879 75 100
879 340 100
879 412 100
880 109 100
880 113 100
880 760 100
881 505 100
881 768 100
881 800 100
881 844 100
882 208 100
882 339 100
882 502 100
883 13 100
883 986 100
884 215 100
884 413 100
884 557 100
884 695 100
884 982 100
885 495 100
885 536 100
885 913 100
886 372 100
886 548 100
886 756 100
887 261 100
887 288 100
887 410 100
887 550 100
888 68 100
888 228 100
888 485 100
889 834 100
890 157 100
890 180 100
890 214 100
890 316 100
890 933 100
891 473 100
891 679 100
891 921 100
891 928 100
892 320 100
892 960 100
894 142 100
894 146 100
894 328 100
894 525 100
894 535 100
895 170 100
895 410 100
895 474 100
895 544 100
895 798 100
895 810 100
896 102 100
896 216 100
896 954 100
897 154 100
897 329 100
897 835 100
898 282 100
898 886 100
900 922 100
901 208 100
901 505 100
901 616 100
901 716 100
901 739 100
901 882 100
902 216 100
902 564 100
903 43 100
903 51 100
903 579 100
904 84 100
904 531 100
904 817 100
905 117 100
905 192 100
906 819 100
906 904 100
907 37 100
907 683 100
909 162 100
909 419 100
909 484 100
909 753 100
909 944 100
910 449 100
911 42 100
911 171 100
911 178 100
911 509 100
911 917 100
912 146 100
912 155 100
912 330 100
913 254 100
913 421 100
913 534 100
913 574 100
913 625 100
913 914 100
916 2 100
916 327 100
916 612 100
916 733 100
916 910 100
916 959 100
917 401 100
917 452 100
918 31 100
918 177 100
918 778 100
918 947 100
919 49 100
920 178 100
921 448 100
921 676 100
921 926 100
921 978 100
922 53 100
922 67 100
922 436 100
922 646 100
922 746 100
923 588 100
923 668 100
924 215 100
924 507 100
924 730 100
924 947 100
925 170 100
925 347 100
925 503 100
925 866 100
925 908 100
926 230 100
926 301 100
926 358 100
926 462 100
926 744 100
927 121 100
927 290 100
927 360 100
927 954 100
928 111 100
928 242 100
929 267 100
929 309 100
929 452 100
929 651 100
929 943 100
929 966 100
930 122 100
930 135 100
930 280 100
930 655 100
930 790 100
931 260 100
931 377 100
931 765 100
933 180 100
933 459 100
933 684 100
934 232 100
934 411 100
934 677 100
934 792 100
934 848 100
934 951 100
935 486 100
935 969 100
936 83 100
936 260 100
936 296 100
936 459 100
937 192 100
937 433 100
937 488 100
937 909 100
938 202 100
938 918 100
939 224 100
939 633 100
940 19 100
940 105 100
940 394 100
940 504 100
941 232 100
941 854 100
942 323 100
942 791 100
942 869 100
943 298 100
943 508 100
943 570 100
943 605 100
943 760 100
944 299 100
944 544 100
945 742 100
945 994 100
947 42 100
947 43 100
947 494 100
947 659 100
947 844 100
948 450 100
948 740 100
949 500 100
949 610 100
950 88 100
950 179 100
950 381 100
950 938 100
951 6 100
951 413 100
951 668 100
951 724 100
952 182 100
952 212 100
952 276 100
952 399 100
952 423 100
952 853 100
953 91 100
953 107 100
953 875 100
954 315 100
954 574 100
954 675 100
954 867 100
954 992 100
955 236 100
955 562 100
955 577 100
955 919 100
956 96 100
956 290 100
957 438 100
957 624 100
957 699 100
957 786 100
957 811 100
957 858 100
958 270 100
958 625 100
958 882 100
958 984 100
959 4 100
959 180 100
959 196 100
959 279 100
959 318 100
959 325 100
959 361 100
959 676 100
959 872 100
960 56 100
960 179 100
960 298 100
960 323 100
960 647 100
961 126 100
961 346 100
961 482 100
963 316 100
963 363 100
963 424 100
963 596 100
963 816 100
963 844 100
963 847 100
964 549 100
965 158 100
965 409 100
965 695 100
965 817 100
966 130 100
966 153 100
966 177 100
966 280 100
966 730 100
966 801 100
966 947 100
967 195 100
967 526 100
967 543 100
968 39 100
968 677 100
968 857 100
968 981 100
969 270 100
969 721 100
969 783 100
969 905 100
970 378 100
970 567 100
970 729 100
971 165 100
971 317 100
971 392 100
971 571 100
971 791 100
972 304 100
973 123 100
973 204 100
973 333 100
973 622 100
973 805 100
973 959 100
973 967 100
975 948 100
976 164 100
976 454 100
976 509 100
976 649 100
976 962 100
977 389 100
977 396 100
977 497 100
978 221 100
978 288 100
978 428 100
979 547 100
980 5 100
980 114 100
980 723 100
980 974 100
981 880 100
982 253 100
982 323 100
982 511 100
982 768 100
982 825 100
982 882 100
982 920 100
983 171 100
983 614 100
983 812 100
984 250 100
984 658 100
984 803 100
984 954 100
985 44 100
985 423 100
985 572 100
985 626 100
986 298 100
986 615 100
986 866 100
987 89 100
987 656 100
987 661 100
988 149 100
988 187 100
988 239 100
988 544 100
989 362 100
989 906 100
990 286 100
990 315 100
990 356 100
990 513 100
990 575 100
991 256 100
991 323 100
991 526 100
992 523 100
992 641 100
993 460 100
993 497 100
993 555 100
993 686 100
993 843 100
993 846 100
993 954 100
994 339 100
994 340 100
994 709 100
995 169 100
995 451 100
995 561 100
995 648 100
996 67 100
997 45 100
997 82 100
997 489 100
997 950 100
999 77 100
999 125 100
999 213 100
999 383 100
999 672 100
999 793 100
999 929 100
