638 807 100
232 527 100
180 275 100
452 95 100
403 929 100
569 764 100
108 530 100
961 655 100
824 504 100
960 888 100
323 654 100
15 16 100
760 809 100
974 893 100
412 531 100
205 222 100
399 153 100
684 238 100
648 97 100
279 889 100
725 719 100
563 728 100
625 646 100
492 843 100
919 405 100
772 692 100
223 934 100
220 710 100
639 585 100
480 564 100
813 250 100
613 662 100
524 24 100
592 255 100
864 620 100
44 684 100
336 121 100
849 622 100
337 10 100
147 186 100
879 187 100
809 748 100
187 413 100
409 810 100
267 208 100
323 471 100
315 5 100
704 754 100
83 858 100
227 913 100
977 920 100
563 768 100
116 649 100
534 866 100
933 8 100
120 968 100
766 680 100
767 160 100
418 8 100
747 608 100
283 992 100
276 332 100
484 592 100
196 613 100
224 274 100
75 776 100
694 676 99
620 836 99
79 275 99
875 283 99
311 688 99
330 834 99
188 605 99
529 777 99
965 94 99
74 801 99
508 419 99
376 2 99
330 174 99
318 331 99
314 900 99
31 344 99
94 206 99
543 329 99
264 927 99
834 431 99
842 890 99
375 320 99
52 469 99
216 985 99
413 980 99
291 261 99
19 282 99
771 497 99
217 507 99
406 542 99
475 308 99
683 149 99
546 322 99
691 516 99
249 375 99
757 196 99
589 210 99
236 825 99
704 12 99
957 446 99
48 875 99
959 869 99
816 142 99
344 834 99
964 330 99
182 485 99
746 941 99
2 644 99
292 922 99
960 49 99
658 552 99
131 686 99
648 315 99
439 280 98
204 393 98
673 188 98
929 674 98
598 871 98
593 168 98
57 970 98
559 716 98
810 453 98
579 158 98
801 702 98
391 644 98
871 862 98
687 722 98
210 579 98
459 682 98
630 485 98
521 18 98
845 940 98
708 811 98
242 784 98
938 927 98
941 228 98
606 351 98
407 525 98
575 722 98
130 300 98
694 924 98
385 747 98
850 559 98
871 231 98
343 144 98
724 829 98
816 621 98
453 836 98
273 514 98
8 941 98
561 638 98
105 158 98
539 528 98
709 242 98
280 155 98
773 623 98
543 283 98
648 668 98
513 500 98
232 622 98
869 704 98
610 852 98
156 409 98
555 626 97
847 179 97
293 835 97
702 966 97
853 345 97
242 383 97
258 152 97
380 607 97
846 389 97
40 603 97
337 761 97
171 716 97
457 662 97
683 766 97
807 809 97
528 657 97
578 107 97
946 58 97
257 761 97
269 214 97
369 744 97
652 874 97
107 968 97
957 309 97
354 137 97
280 479 97
776 488 97
466 371 97
327 207 97
847 749 97
620 374 97
801 297 97
137 183 97
206 284 97
154 368 97
489 763 97
891 215 97
519 85 97
350 99 97
627 618 97
194 294 97
423 429 97
970 301 97
177 853 97
687 698 97
634 879 97
509 39 97
805 953 97
425 906 97
347 412 97
59 927 97
414 891 97
251 374 97
947 371 97
236 477 97
573 394 97
612 649 97
57 833 97
822 583 96
129 589 96
992 264 96
144 507 96
926 823 96
994 890 96
321 352 96
909 306 96
425 755 96
11 233 96
783 843 96
938 130 96
724 289 96
722 700 96
183 302 96
455 392 96
399 306 96
163 3 96
630 848 96
545 475 96
822 750 96
772 729 96
316 484 96
857 36 96
490 930 96
880 523 96
326 614 96
700 297 96
821 335 96
376 860 96
313 825 96
479 132 96
33 75 96
873 117 96
934 782 96
425 683 96
120 149 96
382 177 96
60 789 96
588 875 96
840 141 96
161 600 96
104 8 96
46 647 96
166 125 96
88 841 96
79 584 96
947 302 96
160 827 96
714 233 96
784 650 96
257 411 96
71 879 96
926 984 96
719 835 96
262 149 96
139 875 96
294 113 96
7 231 96
417 447 96
250 836 96
413 765 96
737 252 96
115 231 96
257 791 96
967 634 96
969 339 96
202 644 96
559 343 96
636 18 96
96 397 95
344 262 95
647 529 95
605 309 95
338 845 95
176 427 95
975 296 95
8 503 95
534 553 95
420 732 95
361 629 95
626 637 95
489 780 95
69 460 95
609 598 95
623 534 95
127 846 95
508 350 95
373 58 95
697 88 95
564 19 95
445 45 95
439 273 95
876 559 95
31 846 95
621 990 95
606 734 95
111 948 95
354 657 95
445 883 95
601 40 95
929 764 95
82 222 95
181 54 95
813 299 95
386 847 95
873 594 95
809 538 95
413 977 95
20 49 94
543 429 94
125 867 94
694 839 94
952 803 94
731 312 94
155 62 94
305 748 94
915 729 94
26 17 94
422 194 94
191 373 94
650 720 94
348 733 94
516 614 94
758 424 94
577 938 94
402 34 94
978 17 94
629 698 94
435 976 94
831 593 94
266 741 94
648 115 94
81 797 94
51 825 94
253 987 94
856 934 94
401 94 94
64 92 94
583 376 94
151 652 94
250 284 94
986 246 94
257 220 94
398 369 94
567 843 94
409 21 94
820 77 94
856 230 94
660 151 94
109 302 94
884 975 94
36 696 94
217 939 94
222 388 94
686 279 94
590 635 94
967 94 94
719 971 94
653 650 94
362 786 94
837 760 94
622 798 94
748 352 94
967 794 94
265 437 94
72 986 94
115 672 94
997 936 94
163 672 94
905 937 94
466 525 94
843 322 94
862 390 94
688 389 94
950 418 94
50 346 94
359 564 94
780 918 94
11 629 94
409 341 94
429 915 94
98 913 94
719 257 94
849 590 94
943 784 94
591 417 94
505 451 94
35 872 94
65 690 94
492 478 94
697 553 94
412 973 94
232 309 94
166 278 94
73 346 94
506 129 94
132 545 94
579 814 94
205 504 93
652 694 93
652 848 93
159 800 93
968 358 93
498 469 93
177 951 93
661 887 93
945 655 93
958 105 93
651 932 93
800 988 93
788 285 93
134 900 93
124 787 93
339 809 93
888 934 93
973 20 93
227 544 93
939 277 93
254 483 93
550 474 93
577 114 93
771 722 93
805 819 93
954 34 93
33 112 93
773 625 93
101 718 93
470 656 93
972 896 93
490 797 93
521 692 93
323 812 93
452 219 93
864 704 93
475 90 93
501 243 93
117 634 93
4 414 93
798 551 93
439 272 93
666 502 93
591 191 93
82 695 93
601 702 93
130 394 93
9 911 93
856 688 93
595 356 93
962 776 93
340 399 93
862 28 93
983 919 93
975 811 93
893 322 93
960 309 93
957 947 93
430 508 93
136 518 93
108 214 93
155 267 93
469 256 93
827 397 93
894 899 93
965 368 93
505 687 93
122 387 92
267 478 92
477 12 92
945 842 92
73 943 92
801 414 92
595 880 92
857 874 92
475 559 92
809 887 92
96 554 92
669 769 92
274 341 92
884 334 92
968 449 92
264 384 92
106 927 92
406 37 92
879 102 92
339 51 92
369 143 92
65 404 92
155 287 92
339 42 92
753 809 92
317 176 92
985 252 92
837 800 92
25 796 92
201 133 92
836 905 92
403 690 92
175 676 92
220 536 92
122 793 92
541 710 92
782 920 92
506 121 92
85 466 92
154 15 92
924 58 92
694 45 92
340 995 92
281 603 92
247 365 92
172 554 92
264 545 92
694 593 92
314 556 92
542 422 92
367 147 92
604 259 92
368 453 91
172 862 91
604 401 91
186 39 91
986 697 91
185 812 91
961 171 91
134 455 91
704 561 91
862 168 91
187 147 91
695 163 91
507 455 91
839 394 91
844 343 91
457 401 91
312 796 91
76 156 91
82 81 91
513 771 91
26 7 91
451 390 91
912 0 91
623 567 91
710 491 91
861 870 91
253 336 91
507 295 91
232 827 91
653 675 91
519 969 91
281 9 91
743 447 91
620 951 91
821 737 91
259 353 91
886 982 91
830 812 91
845 783 91
681 803 91
257 896 91
638 946 91
103 437 91
602 333 91
524 59 91
563 233 91
887 586 91
873 429 91
613 571 91
537 677 91
108 498 91
981 920 91
663 388 91
921 283 91
947 935 91
847 883 91
249 152 91
974 789 91
316 228 91
354 930 91
412 683 91
953 761 91
668 717 91
954 88 91
483 125 91
645 579 91
873 773 91
271 668 91
355 824 91
544 372 91
281 532 91
596 16 91
959 668 91
325 453 91
520 896 91
687 672 91
115 812 91
760 723 91
982 696 91
859 704 91
728 504 91
12 772 91
382 417 90
13 394 90
57 293 90
645 741 90
298 945 90
279 135 90
64 516 90
839 580 90
480 902 90
840 600 90
284 943 90
618 186 90
329 668 90
555 24 90
425 88 90
6 718 90
532 322 90
37 41 90
30 833 90
767 449 90
529 961 90
23 508 90
621 798 90
229 963 90
723 168 90
341 978 90
123 924 90
925 60 90
450 463 90
860 136 90
339 748 90
684 713 90
439 665 90
418 274 90
54 436 90
113 892 90
978 77 90
542 831 90
326 638 90
856 352 90
914 755 90
645 544 90
482 741 90
81 363 90
848 621 90
912 486 90
388 671 90
334 648 90
601 862 90
252 407 90
52 501 90
347 652 90
356 182 90
495 549 90
664 779 90
633 100 90
465 939 90
648 232 90
672 81 90
816 10 90
843 389 90
559 509 90
211 335 89
792 722 89
634 164 89
940 873 89
96 611 89
689 640 89
523 836 89
416 484 89
504 369 89
125 224 89
889 362 89
84 295 89
638 289 89
603 648 89
701 346 89
934 331 89
206 979 89
167 849 89
762 701 89
934 955 89
43 82 89
76 63 89
979 246 89
507 653 89
701 307 89
468 618 89
769 456 89
470 936 89
713 812 89
746 972 89
361 193 89
775 434 89
769 426 89
610 815 89
438 389 89
276 113 89
356 128 89
791 176 89
675 420 89
297 60 89
620 129 89
236 458 89
213 347 89
534 763 89
569 91 89
78 605 89
361 860 89
112 425 89
61 230 89
241 275 89
170 752 89
988 817 89
545 155 89
508 201 89
459 788 89
636 783 89
338 633 89
691 285 89
95 286 89
882 321 89
775 639 89
962 959 89
327 603 89
92 571 89
468 173 89
288 667 89
400 193 88
996 882 88
762 350 88
606 224 88
177 419 88
936 127 88
228 530 88
951 183 88
643 427 88
915 946 88
742 596 88
463 738 88
394 740 88
102 162 88
529 109 88
674 757 88
74 681 88
837 3 88
244 750 88
102 455 88
542 419 88
895 568 88
167 459 88
92 540 88
416 45 88
464 963 88
226 647 88
178 716 88
478 499 88
761 113 88
37 82 88
24 348 88
930 728 88
372 618 88
48 542 88
144 250 88
722 955 88
991 21 88
37 647 88
186 564 88
959 613 88
647 544 88
71 851 88
644 143 88
912 27 88
544 374 88
191 270 88
789 40 88
881 228 88
340 133 88
55 90 88
201 455 88
178 594 88
326 627 88
443 574 88
728 711 88
584 743 88
95 637 88
498 490 88
673 33 87
415 930 87
60 935 87
581 656 87
272 392 87
907 181 87
170 598 87
458 304 87
743 490 87
818 416 87
152 793 87
935 431 87
207 62 87
592 262 87
410 540 87
787 908 87
876 593 87
314 723 87
824 758 87
324 584 87
978 967 87
76 292 87
447 645 87
37 378 87
138 446 87
304 332 87
592 668 87
729 67 87
208 231 87
986 54 87
151 347 87
926 586 87
313 562 87
126 762 87
796 137 87
895 639 87
944 762 87
860 23 87
885 700 87
434 828 87
97 874 87
515 692 87
797 837 87
403 997 87
755 355 87
113 621 87
895 617 87
589 178 87
514 63 87
141 258 87
357 303 87
955 717 87
86 754 87
264 280 87
945 228 87
143 570 87
586 529 87
864 237 87
974 884 87
773 914 87
295 350 86
746 827 86
397 202 86
606 148 86
50 988 86
795 798 86
866 648 86
672 884 86
695 419 86
803 612 86
863 395 86
833 562 86
647 886 86
610 205 86
86 693 86
82 88 86
959 398 86
704 100 86
577 889 86
959 386 86
710 419 86
461 46 86
346 61 86
686 339 86
506 49 86
826 935 86
932 56 86
69 978 86
287 298 86
62 406 86
100 598 86
410 503 86
35 697 86
487 902 86
527 614 86
359 75 86
642 946 86
0 290 86
351 617 86
898 331 86
654 125 86
732 717 86
681 188 86
86 219 86
731 62 86
458 444 86
993 279 86
830 968 86
678 369 86
282 246 86
87 96 86
71 576 86
177 420 86
34 872 86
526 330 86
71 695 86
265 856 86
362 578 86
287 77 86
888 716 86
99 243 86
120 23 86
743 28 86
106 647 86
13 35 86
410 585 86
718 677 85
398 516 85
617 769 85
115 522 85
314 764 85
607 143 85
543 25 85
38 869 85
30 91 85
139 305 85
220 297 85
594 178 85
96 924 85
56 183 85
81 859 85
133 89 85
192 560 85
494 545 85
869 201 85
622 770 85
839 71 85
224 616 85
319 302 85
664 585 85
139 226 85
555 874 85
838 360 85
46 465 85
208 965 85
795 85 85
844 178 85
330 210 85
176 13 85
112 265 85
336 33 85
780 151 85
215 738 85
373 228 85
530 217 85
527 154 85
945 523 85
402 314 85
704 587 85
453 191 85
447 648 85
112 342 85
230 115 85
152 698 85
900 942 85
481 821 85
99 15 85
452 528 85
388 742 85
211 606 85
567 20 85
451 712 85
372 969 85
98 879 85
509 143 85
93 128 85
763 58 85
550 345 85
833 465 85
338 969 85
831 668 85
190 905 85
480 330 84
858 470 84
787 42 84
956 492 84
862 608 84
306 43 84
414 562 84
510 431 84
723 483 84
611 230 84
541 274 84
398 276 84
428 267 84
666 205 84
539 359 84
635 425 84
586 534 84
688 717 84
227 109 84
182 36 84
658 436 84
793 684 84
989 502 84
970 132 84
338 437 84
836 310 84
226 524 84
758 113 84
993 402 84
354 314 84
412 19 84
933 632 84
378 510 84
753 780 84
588 812 84
908 103 84
662 844 84
921 774 84
671 78 84
302 977 84
6 454 84
370 847 84
563 490 84
486 530 84
224 737 84
496 566 84
167 254 84
215 414 84
533 255 84
111 256 84
523 547 84
842 580 84
621 429 84
931 230 84
195 193 84
295 77 84
945 817 84
862 649 84
628 951 83
792 402 83
505 345 83
723 641 83
730 648 83
483 415 83
875 694 83
640 591 83
463 926 83
566 399 83
787 702 83
965 954 83
742 907 83
690 585 83
347 355 83
32 728 83
300 458 83
202 397 83
576 380 83
335 322 83
392 25 83
287 352 83
350 462 83
906 39 83
789 116 83
648 376 83
292 756 83
701 302 83
892 878 83
911 877 83
976 310 83
43 640 83
178 562 83
562 257 83
960 277 83
494 261 83
326 972 83
863 305 83
383 35 83
298 844 83
206 330 83
151 258 83
795 897 83
382 193 83
25 112 83
447 853 83
664 834 83
740 713 83
862 819 83
618 460 83
965 561 83
655 121 83
869 86 83
220 665 83
715 457 83
106 803 83
152 945 83
290 356 83
790 48 83
320 687 83
889 558 83
574 164 83
943 975 83
131 301 83
71 65 82
841 791 82
185 386 82
294 404 82
957 668 82
763 550 82
203 179 82
367 2 82
267 175 82
353 433 82
537 591 82
488 990 82
60 129 82
85 485 82
437 767 82
233 113 82
473 145 82
753 2 82
330 386 82
598 391 82
399 214 82
808 594 82
202 686 82
305 78 82
702 754 82
783 209 82
512 491 82
196 40 82
543 892 82
615 233 82
553 151 82
541 977 82
904 308 82
78 409 82
661 195 82
728 3 82
83 243 82
785 479 82
685 612 82
184 294 82
110 301 82
814 439 82
805 670 82
950 401 82
817 376 82
721 933 82
24 719 82
180 888 82
903 237 82
824 626 82
706 107 82
996 136 82
190 300 82
617 21 82
414 538 82
532 549 82
822 301 82
265 505 82
855 752 82
803 529 82
495 918 82
488 604 82
477 51 82
321 721 82
483 894 81
481 38 81
215 955 81
524 190 81
635 532 81
112 349 81
980 929 81
104 859 81
99 547 81
219 370 81
43 741 81
642 723 81
383 833 81
270 618 81
662 461 81
485 281 81
275 301 81
462 516 81
674 598 81
92 699 81
5 287 81
237 526 81
750 100 81
150 633 81
555 726 81
137 312 81
661 857 81
32 985 81
79 908 81
920 688 81
321 706 81
630 741 81
190 686 81
563 128 81
661 711 81
249 448 81
515 985 81
962 33 81
755 42 81
274 379 81
164 416 81
161 983 81
348 305 81
191 201 81
759 767 81
173 605 81
172 491 81
924 910 81
875 734 80
133 309 80
292 408 80
438 895 80
26 821 80
740 867 80
408 44 80
341 621 80
243 636 80
581 29 80
723 742 80
206 446 80
474 238 80
323 41 80
970 692 80
9 979 80
541 998 80
658 300 80
635 291 80
509 844 80
484 838 80
133 438 80
994 411 80
523 622 80
749 178 80
682 762 80
15 528 80
74 122 80
96 756 80
921 54 80
396 310 80
536 703 80
563 564 80
769 437 80
106 52 80
953 175 80
945 510 80
48 53 80
298 117 80
783 944 80
586 829 80
693 370 80
471 832 80
830 681 80
31 224 80
639 56 80
636 862 80
12 408 80
755 238 80
211 731 80
379 340 80
648 893 80
316 302 80
335 526 80
734 646 80
873 510 80
561 823 80
120 974 80
741 752 80
908 79 80
117 776 80
759 893 80
334 639 80
147 505 80
19 303 80
199 604 79
402 383 79
864 661 79
668 41 79
646 353 79
268 313 79
283 509 79
962 269 79
589 259 79
706 795 79
535 653 79
137 230 79
265 981 79
10 408 79
578 683 79
541 900 79
565 270 79
547 760 79
235 322 79
223 95 79
686 96 79
254 748 79
436 654 79
280 620 79
384 160 79
456 244 79
486 942 79
462 713 79
774 490 79
803 622 79
553 527 79
962 655 79
846 889 79
629 945 79
625 474 79
55 900 79
110 218 79
730 574 79
763 993 79
164 947 79
61 501 79
567 370 79
717 402 79
884 560 79
476 745 79
294 968 79
38 415 79
659 216 79
113 283 79
816 72 79
460 92 79
896 526 79
67 228 79
660 566 79
739 809 79
100 391 79
729 446 79
427 95 78
52 452 78
508 427 78
405 740 78
296 621 78
521 109 78
4 91 78
723 195 78
811 9 78
942 2 78
891 688 78
863 590 78
606 780 78
790 590 78
667 87 78
98 567 78
743 266 78
791 855 78
202 11 78
879 4 78
616 840 78
925 647 78
514 371 78
371 92 78
955 124 78
845 685 78
91 371 78
177 844 78
850 604 78
642 26 78
543 247 78
545 81 78
714 213 78
650 588 78
921 178 78
207 755 78
383 911 78
673 88 78
886 999 78
350 656 78
559 464 78
71 328 78
765 701 78
194 279 78
781 259 78
869 834 78
91 923 78
404 356 78
554 286 78
494 538 78
612 271 78
334 926 78
515 991 78
450 988 78
422 378 78
381 800 78
748 582 78
372 124 78
317 546 78
370 990 78
928 904 78
269 304 78
809 810 77
177 285 77
75 361 77
810 591 77
310 579 77
320 71 77
655 878 77
667 693 77
825 499 77
722 698 77
791 906 77
975 423 77
664 561 77
919 325 77
286 806 77
510 870 77
595 732 77
480 209 77
598 287 77
357 652 77
78 927 77
354 758 77
650 997 77
325 589 77
599 516 77
575 287 77
349 13 77
269 113 77
313 743 77
965 548 77
112 724 77
817 944 77
470 822 77
709 472 77
631 523 77
120 173 77
217 482 77
173 806 77
266 34 77
784 420 77
978 490 77
681 677 77
598 115 77
761 128 77
499 979 77
325 642 77
945 9 77
978 985 77
975 602 77
621 767 77
436 383 77
266 526 77
319 226 77
394 910 77
503 227 76
222 605 76
302 324 76
819 209 76
78 529 76
157 617 76
653 358 76
275 114 76
291 263 76
631 704 76
44 229 76
743 812 76
75 710 76
145 253 76
730 810 76
374 740 76
208 215 76
242 116 76
944 46 76
476 259 76
848 387 76
860 759 76
846 181 76
561 861 76
286 864 76
52 312 76
983 453 76
547 933 76
438 614 76
829 945 76
444 716 76
854 26 76
196 763 76
179 936 76
848 73 76
480 585 76
945 35 76
45 880 76
473 688 76
685 379 76
453 23 76
159 711 76
773 1 76
926 882 76
755 936 76
47 90 76
252 266 76
401 584 76
270 897 76
266 684 76
998 82 76
323 436 76
58 805 76
948 950 76
866 125 76
915 846 76
334 824 76
306 470 76
6 681 76
813 619 76
77 948 76
783 538 76
449 326 75
32 200 75
351 581 75
979 974 75
319 349 75
385 438 75
975 469 75
91 890 75
226 821 75
93 716 75
470 591 75
926 619 75
428 133 75
390 309 75
486 91 75
934 221 75
57 470 75
182 91 75
359 258 75
38 453 75
347 85 75
809 615 75
737 876 75
356 260 75
520 278 75
676 862 75
165 611 75
655 709 75
328 737 75
471 812 75
695 0 75
919 77 75
436 489 75
226 738 75
93 245 75
215 979 75
748 940 75
468 795 75
905 519 75
911 693 75
386 27 75
248 601 75
622 28 75
419 714 75
724 230 75
263 295 75
291 83 75
444 359 75
172 117 75
978 849 75
200 261 75
731 633 75
987 341 75
694 130 75
894 903 75
846 788 75
167 386 75
566 258 75
530 950 75
484 657 75
223 797 75
762 950 75
309 149 75
727 701 75
802 233 75
671 684 75
992 559 74
548 265 74
412 27 74
624 79 74
979 678 74
739 916 74
138 587 74
152 999 74
936 882 74
518 635 74
436 614 74
873 994 74
49 365 74
415 76 74
801 934 74
847 116 74
818 264 74
563 555 74
578 808 74
709 972 74
638 329 74
173 632 74
629 823 74
748 291 74
452 463 74
617 411 74
17 473 74
27 846 74
988 14 74
820 653 74
954 558 74
866 860 74
299 859 74
860 471 74
639 386 74
343 624 74
530 709 74
203 242 74
967 196 74
968 762 74
930 632 74
132 930 74
774 373 73
390 94 73
476 202 73
310 191 73
276 953 73
837 765 73
137 975 73
763 47 73
600 928 73
151 350 73
211 869 73
982 935 73
35 904 73
693 453 73
198 40 73
792 170 73
938 684 73
692 291 73
459 983 73
528 792 73
734 420 73
392 547 73
764 428 73
280 17 73
918 338 73
900 252 73
851 689 73
558 517 73
378 891 73
846 492 73
381 945 73
804 777 73
258 782 73
566 12 73
598 591 73
304 818 73
124 507 73
548 397 73
417 637 73
693 292 73
738 553 73
64 952 73
189 93 73
335 54 73
18 661 73
486 198 73
541 355 73
597 67 73
376 298 73
260 202 73
216 828 73
842 541 73
964 951 73
954 145 73
599 78 73
487 23 73
65 531 73
495 523 73
900 748 73
468 483 73
603 88 73
297 457 73
507 774 73
415 614 73
460 773 73
855 151 72
442 195 72
243 686 72
386 217 72
846 219 72
660 912 72
205 235 72
557 688 72
772 493 72
516 726 72
169 84 72
770 45 72
107 121 72
517 487 72
353 558 72
346 862 72
432 856 72
913 659 72
437 661 72
407 14 72
103 391 72
613 675 72
245 248 72
979 614 72
370 597 72
892 633 72
144 334 72
55 704 72
612 241 72
49 570 72
960 916 72
970 465 72
282 161 72
761 660 72
985 988 72
19 719 72
664 988 72
290 99 72
890 655 72
787 733 72
986 921 72
295 486 72
410 566 72
669 198 72
137 953 72
694 686 72
578 185 72
56 219 72
465 249 72
190 198 72
828 88 72
653 105 72
173 660 72
758 801 72
532 229 72
346 934 72
601 592 72
128 603 72
759 136 72
183 652 72
328 28 72
641 407 72
850 396 72
392 421 72
373 573 72
290 396 72
787 38 71
560 229 71
751 157 71
206 428 71
306 105 71
840 864 71
409 408 71
779 996 71
287 634 71
522 216 71
412 855 71
776 133 71
784 947 71
837 423 71
842 201 71
570 85 71
536 661 71
268 727 71
911 85 71
15 249 71
682 549 71
364 841 71
75 597 71
973 736 71
865 327 71
524 213 71
951 487 71
927 259 71
421 531 71
571 796 71
686 318 71
753 633 71
397 676 71
599 813 71
886 687 71
739 578 71
693 101 71
988 628 71
646 451 71
331 977 71
512 270 71
350 717 71
479 408 71
550 967 71
486 133 71
742 164 71
633 107 71
559 169 71
151 146 71
402 264 71
478 42 71
287 450 71
274 934 71
179 160 71
346 749 71
66 762 71
322 920 71
277 457 71
990 151 71
319 756 71
464 102 71
379 702 71
867 635 71
881 196 71
985 425 71
266 405 71
518 147 71
162 374 71
286 923 70
498 340 70
959 101 70
444 919 70
261 604 70
463 251 70
308 272 70
150 746 70
958 261 70
533 99 70
620 882 70
907 387 70
698 967 70
693 525 70
291 754 70
673 241 70
815 258 70
180 965 70
911 615 70
436 96 70
965 232 70
530 645 70
768 367 70
471 687 70
464 153 70
494 146 70
250 377 70
69 751 70
189 502 70
667 31 70
869 560 70
923 928 70
483 299 70
828 2 70
271 692 70
753 628 70
472 274 70
464 948 70
332 847 70
613 921 70
489 527 70
656 167 70
970 534 70
858 484 70
755 556 70
270 721 70
762 621 70
209 585 70
436 492 70
950 259 70
691 559 70
562 508 70
562 631 70
564 586 70
723 269 70
610 813 70
254 492 70
50 591 70
593 374 70
434 895 70
309 795 70
485 345 70
222 663 70
960 229 70
936 351 70
597 911 70
39 815 70
179 321 70
818 845 69
306 972 69
186 860 69
696 861 69
610 929 69
356 892 69
209 190 69
58 340 69
732 84 69
857 851 69
469 40 69
465 940 69
716 651 69
86 824 69
423 670 69
335 957 69
415 740 69
258 187 69
134 663 69
587 38 69
560 803 69
729 539 69
84 531 69
302 703 69
243 832 69
747 104 69
951 169 69
636 421 69
166 799 69
906 360 69
347 74 69
950 487 69
778 907 69
574 526 69
291 37 69
688 495 69
133 983 69
961 152 69
691 867 69
601 29 69
275 583 69
891 502 69
172 48 69
260 309 69
292 630 69
214 17 69
992 207 69
849 582 69
553 184 69
548 568 69
425 938 69
895 747 69
723 736 69
577 173 69
270 511 69
552 467 69
943 696 69
104 492 68
496 783 68
761 208 68
743 875 68
123 745 68
537 45 68
343 3 68
579 713 68
500 474 68
442 635 68
335 59 68
131 406 68
732 623 68
788 883 68
78 829 68
139 118 68
344 784 68
400 172 68
614 773 68
667 918 68
92 505 68
301 584 68
160 278 68
41 696 68
905 208 68
327 623 68
135 790 68
34 784 68
761 440 68
998 6 68
485 223 68
222 544 68
723 275 68
643 115 68
544 344 68
47 404 68
955 630 68
630 253 68
556 596 68
712 441 68
769 850 68
150 97 68
897 919 68
242 904 68
346 232 68
923 72 68
235 32 68
271 634 68
727 91 68
269 19 68
729 688 68
641 508 68
887 849 68
562 859 68
280 828 68
354 610 68
690 57 68
694 384 68
850 988 68
234 112 68
837 181 68
193 386 68
246 542 68
775 547 68
77 14 67
785 257 67
856 519 67
923 952 67
769 928 67
585 915 67
199 975 67
499 176 67
150 747 67
176 445 67
895 62 67
0 455 67
817 265 67
536 643 67
776 947 67
493 195 67
913 751 67
52 280 67
680 645 67
497 962 67
310 470 67
376 132 67
416 540 67
185 545 67
368 880 67
911 881 67
214 970 67
668 942 67
800 647 67
581 32 67
303 894 67
495 343 67
146 530 67
309 870 67
663 450 67
669 53 67
544 956 67
227 446 67
721 351 67
520 409 67
764 584 67
218 683 67
103 51 67
34 324 67
945 289 67
829 191 67
833 116 67
285 658 67
726 195 67
997 334 67
417 530 67
340 690 67
582 363 67
163 576 67
864 816 67
900 1 67
687 59 67
497 95 67
219 697 66
750 195 66
107 977 66
291 809 66
198 282 66
251 817 66
607 126 66
83 327 66
635 122 66
678 58 66
983 705 66
171 920 66
882 34 66
383 159 66
765 835 66
238 304 66
478 223 66
705 587 66
93 839 66
660 342 66
55 586 66
336 170 66
976 543 66
128 368 66
591 466 66
437 138 66
811 357 66
886 87 66
102 889 66
509 64 66
569 611 66
456 467 66
585 50 66
831 859 66
622 761 66
801 150 66
672 474 66
37 631 66
209 755 66
362 872 66
869 897 66
360 258 66
257 928 66
223 558 66
838 385 66
158 429 66
724 572 66
696 455 66
654 50 66
697 592 66
196 582 66
475 759 66
491 916 66
600 826 66
738 937 66
319 983 66
605 869 66
991 513 66
30 965 66
387 110 66
519 677 66
394 198 65
656 995 65
431 180 65
446 643 65
720 3 65
318 8 65
632 505 65
216 64 65
986 271 65
39 386 65
625 129 65
320 150 65
722 302 65
759 626 65
538 779 65
393 640 65
820 442 65
864 14 65
938 710 65
269 43 65
893 546 65
178 945 65
203 72 65
318 978 65
148 787 65
557 1 65
776 819 65
171 891 65
214 404 65
871 951 65
582 233 65
164 481 65
496 35 65
551 510 65
550 800 65
537 699 65
994 631 65
288 230 65
12 466 65
103 686 65
963 570 65
576 902 65
342 655 65
125 769 65
592 770 65
49 557 65
676 574 65
598 261 65
194 134 65
420 189 65
310 50 65
659 432 65
301 168 65
495 32 65
502 743 65
39 933 65
748 283 65
566 414 65
30 927 65
259 143 65
31 110 64
658 666 64
603 283 64
99 267 64
951 330 64
445 908 64
507 351 64
417 318 64
168 971 64
809 41 64
978 331 64
287 642 64
895 464 64
393 530 64
501 544 64
78 811 64
803 832 64
540 71 64
106 22 64
363 62 64
388 369 64
988 164 64
603 240 64
180 780 64
206 41 64
497 61 64
650 927 64
952 413 64
187 792 64
939 222 64
809 370 64
0 646 64
609 33 64
751 756 64
24 34 64
609 104 64
813 211 64
421 183 64
917 533 64
387 69 64
778 768 64
694 348 64
29 586 64
381 27 64
975 995 64
599 221 64
472 991 63
17 239 63
222 785 63
99 962 63
598 740 63
85 548 63
894 642 63
209 229 63
619 349 63
954 914 63
704 842 63
876 252 63
720 237 63
315 218 63
542 948 63
311 220 63
0 864 63
850 872 63
572 241 63
891 273 63
856 767 63
458 787 63
824 199 63
237 934 63
253 65 63
803 990 63
651 338 63
744 370 63
220 564 63
200 795 63
845 257 63
518 220 63
356 350 63
941 452 63
123 764 63
213 306 63
721 862 63
881 324 63
126 961 63
562 845 63
505 173 63
346 965 63
215 64 63
58 523 63
246 357 63
361 656 63
494 721 63
186 481 63
162 285 63
565 153 63
577 589 63
103 693 63
906 210 63
673 676 63
802 230 63
510 971 63
694 764 63
513 528 63
697 232 63
280 662 63
802 250 63
297 596 63
539 457 62
214 91 62
404 454 62
593 903 62
415 675 62
588 574 62
626 967 62
978 752 62
612 145 62
637 841 62
614 758 62
752 956 62
133 55 62
467 838 62
471 199 62
566 520 62
726 470 62
652 192 62
403 712 62
117 359 62
953 297 62
583 651 62
341 258 62
512 158 62
24 64 62
487 758 62
826 457 62
840 602 62
41 704 62
113 129 62
164 384 62
694 838 62
346 709 62
223 662 62
405 36 62
471 595 62
775 664 62
546 469 62
197 656 62
172 611 62
965 576 62
946 328 62
464 499 62
269 91 62
245 575 62
428 724 62
845 759 62
602 537 62
718 802 62
671 9 62
572 619 62
46 167 62
513 843 62
333 324 62
466 964 62
909 32 62
862 788 62
673 234 62
940 785 62
997 754 62
143 461 62
173 347 62
961 509 62
633 951 62
95 687 62
720 6 62
353 700 62
898 890 62
755 570 62
745 379 61
77 640 61
621 623 61
833 81 61
105 14 61
566 292 61
114 477 61
445 9 61
501 119 61
232 564 61
100 318 61
712 358 61
521 515 61
548 279 61
515 441 61
989 245 61
561 992 61
841 329 61
731 855 61
851 294 61
566 911 61
750 468 61
231 323 61
824 920 61
763 372 61
899 835 61
372 514 61
282 604 61
723 352 61
163 348 61
263 904 61
482 455 61
162 799 61
840 861 61
298 999 61
672 890 61
459 764 61
170 245 61
329 966 61
439 401 61
739 530 61
966 669 61
63 190 61
637 61 61
199 382 61
475 345 61
135 818 61
486 586 61
215 17 61
298 979 61
470 550 61
312 164 61
851 652 61
487 639 61
517 789 61
935 941 60
467 470 60
659 994 60
788 924 60
635 557 60
79 400 60
90 885 60
567 148 60
894 959 60
574 148 60
607 684 60
632 748 60
138 774 60
353 751 60
409 859 60
47 462 60
800 984 60
103 280 60
976 61 60
122 405 60
216 971 60
952 610 60
181 807 60
473 786 60
265 761 60
845 350 60
85 748 60
388 196 60
558 825 60
31 722 60
905 224 60
197 487 60
880 707 60
985 756 60
836 580 60
378 95 60
686 266 60
961 709 60
865 265 60
636 473 60
226 52 60
690 706 60
32 551 60
949 174 60
358 714 60
536 137 60
516 591 60
517 159 60
553 101 60
697 802 60
276 738 60
755 243 60
730 267 60
225 531 60
703 821 60
554 940 60
900 51 60
707 683 60
164 626 59
473 216 59
852 692 59
969 146 59
818 60 59
66 534 59
380 280 59
419 882 59
770 980 59
444 353 59
97 133 59
281 334 59
450 638 59
814 560 59
21 747 59
416 909 59
308 629 59
616 605 59
317 554 59
791 406 59
831 764 59
788 410 59
750 809 59
805 334 59
502 799 59
527 583 59
393 115 59
28 197 59
555 996 59
768 124 59
468 453 59
139 610 59
489 725 59
445 805 59
650 601 59
571 250 59
301 279 59
292 84 59
838 261 59
381 666 59
633 36 59
900 462 59
274 427 59
660 554 59
503 583 59
998 607 59
513 193 59
138 519 59
885 862 59
359 44 59
903 999 59
789 34 59
619 791 59
950 439 59
287 417 59
817 456 59
191 593 59
350 220 59
50 306 59
705 135 59
997 747 59
772 802 59
566 73 59
251 464 59
62 964 59
479 330 59
57 766 59
942 807 59
780 42 59
213 717 59
945 446 59
463 36 59
889 165 59
160 167 59
856 334 59
204 92 59
396 333 59
269 152 59
758 369 59
797 28 59
935 643 58
225 734 58
199 908 58
596 665 58
865 150 58
741 97 58
484 486 58
945 425 58
74 548 58
581 375 58
817 45 58
59 161 58
82 360 58
63 935 58
392 861 58
61 216 58
62 89 58
946 277 58
422 726 58
420 717 58
263 439 58
307 46 58
820 804 58
901 429 58
867 199 58
912 19 58
42 855 58
418 82 58
478 511 58
313 781 58
88 546 58
341 816 58
125 14 58
94 49 58
428 531 58
511 780 58
505 37 58
398 321 58
647 221 58
885 886 58
590 37 58
770 323 58
228 81 58
641 715 58
594 656 58
253 482 58
311 503 58
669 720 58
928 963 58
732 844 58
868 257 58
589 866 58
504 202 58
61 774 57
271 721 57
716 314 57
596 79 57
499 364 57
260 434 57
608 537 57
29 134 57
132 489 57
139 801 57
895 366 57
441 889 57
357 828 57
793 579 57
877 222 57
389 491 57
899 45 57
347 438 57
279 31 57
766 212 57
303 538 57
713 42 57
107 797 57
11 800 57
655 25 57
76 18 57
2 42 57
314 636 57
858 653 57
605 262 57
108 97 57
995 674 57
681 400 57
598 814 57
942 226 57
664 15 57
671 914 57
235 135 57
14 301 57
96 648 57
425 911 57
662 911 57
883 382 57
614 515 57
769 508 57
885 244 57
385 632 57
19 359 57
520 446 57
541 868 57
875 502 57
2 29 57
487 465 57
565 728 57
171 243 57
602 706 57
639 702 57
169 95 57
524 172 57
313 25 57
390 444 57
331 767 57
991 914 57
953 439 57
154 195 56
86 433 56
407 69 56
70 392 56
695 62 56
772 780 56
922 762 56
491 982 56
435 387 56
970 30 56
60 304 56
916 41 56
382 989 56
541 918 56
666 197 56
72 50 56
842 282 56
259 521 56
160 186 56
440 744 56
500 241 56
613 644 56
731 408 56
660 352 56
387 888 56
776 554 56
812 631 56
400 351 56
486 23 56
808 81 56
836 190 56
676 505 56
759 38 56
551 438 56
40 951 56
609 723 56
724 523 56
337 293 56
408 987 56
971 661 56
892 20 56
4 866 56
17 335 56
644 875 56
734 66 56
351 119 56
820 686 56
33 414 56
489 112 56
624 467 56
580 964 56
736 673 56
473 896 56
227 138 56
39 125 56
546 678 56
199 532 56
796 639 56
139 874 56
808 338 56
634 608 56
619 220 56
763 603 55
361 832 55
509 925 55
845 891 55
519 547 55
554 467 55
269 606 55
996 848 55
379 859 55
769 158 55
508 314 55
577 213 55
703 281 55
133 697 55
259 614 55
440 10 55
281 346 55
137 333 55
652 523 55
475 550 55
506 569 55
75 946 55
46 419 55
998 447 55
460 798 55
654 631 55
141 13 55
692 239 55
518 885 55
370 398 55
185 643 55
914 448 55
163 900 55
731 93 55
682 996 55
908 805 55
929 257 55
919 535 55
253 226 55
513 53 55
353 916 55
126 38 55
897 265 55
783 553 55
736 933 55
796 525 55
524 988 55
191 725 55
363 212 55
691 394 55
394 739 55
668 523 55
418 586 55
453 227 55
367 678 55
764 605 55
38 588 55
716 663 55
195 439 55
456 547 55
210 164 55
499 750 55
441 469 55
604 129 54
200 463 54
729 590 54
986 220 54
893 256 54
881 641 54
173 771 54
317 193 54
366 618 54
54 422 54
49 418 54
230 608 54
102 241 54
69 360 54
169 390 54
851 39 54
975 562 54
578 685 54
312 551 54
365 411 54
399 191 54
419 247 54
878 126 54
807 698 54
708 762 54
388 342 54
277 596 54
95 971 54
148 637 54
124 960 54
278 949 54
166 439 54
361 461 54
585 37 54
126 121 54
251 705 54
990 270 54
621 569 54
832 277 54
200 427 54
762 422 54
412 473 54
864 840 54
415 32 54
850 754 54
130 662 54
9 841 54
236 894 54
130 979 54
415 496 54
811 697 54
383 344 54
793 296 54
340 282 54
296 64 54
669 193 54
933 686 54
502 73 54
477 266 54
863 158 54
762 296 54
721 668 54
46 930 54
848 287 54
804 62 54
386 530 53
882 171 53
907 279 53
260 130 53
237 7 53
208 513 53
643 352 53
686 589 53
796 371 53
376 211 53
432 326 53
921 810 53
34 761 53
535 824 53
174 237 53
298 276 53
200 425 53
967 782 53
294 877 53
539 268 53
386 861 53
350 88 53
273 920 53
8 577 53
693 613 53
85 881 53
372 986 53
547 356 53
903 85 53
652 365 53
774 991 53
513 336 53
646 155 53
376 844 53
907 410 53
557 340 53
896 101 53
576 378 53
916 158 53
287 190 53
509 17 53
261 808 53
101 633 53
523 418 53
644 451 53
934 234 53
685 956 53
569 385 53
924 74 53
339 227 53
763 484 53
370 270 53
401 632 53
49 343 53
280 245 53
162 341 53
152 446 53
2 328 53
950 331 53
882 580 53
301 660 53
280 385 53
374 635 53
20 591 53
192 765 53
868 195 53
109 765 53
542 771 52
553 122 52
192 398 52
984 843 52
368 88 52
312 570 52
32 525 52
825 326 52
917 764 52
696 567 52
105 62 52
586 992 52
3 387 52
784 23 52
477 778 52
223 809 52
155 741 52
836 591 52
596 585 52
12 157 52
233 848 52
784 757 52
298 241 52
613 732 52
195 633 52
214 916 52
531 978 52
142 381 52
797 959 52
479 340 52
744 647 52
195 557 52
975 246 52
3 258 52
646 967 52
739 883 52
230 149 52
796 480 52
471 447 52
404 876 52
133 60 52
682 353 52
392 875 52
351 697 52
274 761 52
382 122 52
120 281 52
459 879 52
533 627 52
219 781 52
524 707 52
284 743 52
938 447 52
807 679 52
980 830 51
117 879 51
964 650 51
531 406 51
74 724 51
893 142 51
700 701 51
933 169 51
232 357 51
340 241 51
501 178 51
50 850 51
746 925 51
949 742 51
787 608 51
475 778 51
355 573 51
996 762 51
156 651 51
963 565 51
865 15 51
648 645 51
374 335 51
184 529 51
211 613 51
755 937 51
929 232 51
293 47 51
27 860 51
165 249 51
515 736 51
941 33 51
419 164 51
101 133 51
540 162 51
828 760 51
303 882 51
223 521 51
263 130 51
27 985 51
855 394 51
130 876 51
938 526 51
95 356 51
618 982 51
923 962 51
592 415 51
767 305 51
580 626 51
124 448 51
287 49 51
895 760 51
87 309 51
500 593 51
56 747 51
841 765 51
350 233 51
331 516 51
200 68 51
13 583 51
184 431 51
606 885 51
188 632 51
930 606 51
175 929 50
5 812 50
224 565 50
478 581 50
939 899 50
274 708 50
33 889 50
235 61 50
938 358 50
230 145 50
107 149 50
93 709 50
526 828 50
153 631 50
189 842 50
49 482 50
749 382 50
327 253 50
501 801 50
69 815 50
277 638 50
13 903 50
872 533 50
875 182 50
295 771 50
451 185 50
884 122 50
969 295 50
233 638 50
444 360 50
34 629 50
777 913 50
28 777 50
803 396 50
522 326 50
447 162 50
153 804 50
332 749 50
92 190 50
322 907 50
945 602 50
223 157 50
35 337 50
86 35 50
51 947 50
407 135 50
591 284 50
797 867 50
502 339 50
848 411 50
342 57 50
919 761 50
142 181 50
66 678 50
631 462 50
966 483 50
331 820 50
954 499 50
401 284 50
799 950 50
458 813 50
2 51 49
235 663 49
644 998 49
208 223 49
261 78 49
866 898 49
491 644 49
496 772 49
869 964 49
499 119 49
863 985 49
333 743 49
198 82 49
167 84 49
85 989 49
897 301 49
44 991 49
140 66 49
443 425 49
636 874 49
656 187 49
451 513 49
794 487 49
157 401 49
154 549 49
506 445 49
0 987 49
60 44 49
843 417 49
117 932 49
261 835 49
822 517 49
965 91 49
455 608 49
834 546 49
177 216 49
325 704 49
84 990 49
783 27 49
177 867 49
3 474 49
617 726 49
498 34 49
446 273 49
151 480 49
935 528 49
575 907 49
203 69 49
232 101 49
798 829 49
78 405 49
715 375 49
954 825 49
621 24 49
228 310 49
722 664 49
560 942 49
697 222 49
189 632 49
441 80 49
293 672 49
306 240 49
633 920 49
967 97 48
310 326 48
771 418 48
909 134 48
505 350 48
979 409 48
236 806 48
20 834 48
779 569 48
577 8 48
833 843 48
664 50 48
293 392 48
478 847 48
623 912 48
71 838 48
171 924 48
537 112 48
787 577 48
231 848 48
50 966 48
656 932 48
297 289 48
289 138 48
599 183 48
124 684 48
557 988 48
324 571 48
580 623 48
230 741 48
869 129 48
722 39 48
372 263 48
904 919 48
145 653 48
224 47 48
603 561 48
725 197 48
395 845 48
269 382 48
359 784 48
468 883 48
312 760 48
632 698 48
738 905 48
39 225 48
363 114 48
917 343 48
249 109 48
784 563 48
792 308 48
45 855 48
494 613 48
358 808 48
596 991 48
863 421 48
951 178 47
274 796 47
861 297 47
517 525 47
368 724 47
522 871 47
924 663 47
772 590 47
205 289 47
58 236 47
946 592 47
312 916 47
373 95 47
675 550 47
672 502 47
499 958 47
135 596 47
916 316 47
471 817 47
477 486 47
677 999 47
824 966 47
40 926 47
688 864 47
432 704 47
704 600 47
353 784 47
568 479 47
855 218 47
79 108 47
782 980 47
337 39 47
723 288 47
806 651 47
910 815 47
609 70 47
455 584 47
520 275 47
637 874 47
743 52 47
937 158 47
894 225 47
559 25 47
489 597 47
109 496 47
722 760 47
204 678 47
806 145 47
100 365 47
914 98 47
944 293 47
332 0 46
434 708 46
233 497 46
285 766 46
355 819 46
165 902 46
911 232 46
438 437 46
285 406 46
719 512 46
308 494 46
17 907 46
854 740 46
363 739 46
139 853 46
399 831 46
675 808 46
608 577 46
51 404 46
478 280 46
616 521 46
567 120 46
499 365 46
478 269 46
877 471 46
573 743 46
234 998 46
212 742 46
95 767 46
192 472 46
475 688 46
32 400 46
647 806 46
235 478 46
803 631 46
926 817 46
445 769 46
430 286 46
350 315 46
981 893 46
142 607 46
581 606 46
668 34 46
970 953 46
496 561 46
994 358 46
35 78 46
650 568 46
548 85 46
143 551 46
651 609 46
364 445 46
777 833 46
776 704 46
443 144 46
1 7 46
460 9 46
193 966 46
554 513 46
608 199 46
500 729 46
82 389 46
258 163 46
863 493 46
393 394 46
122 817 46
121 460 46
715 863 46
882 150 46
578 499 46
745 966 45
277 440 45
367 641 45
826 162 45
339 513 45
136 601 45
163 601 45
300 473 45
367 181 45
116 66 45
203 644 45
612 374 45
209 495 45
777 266 45
4 952 45
677 622 45
22 765 45
667 517 45
798 698 45
217 212 45
227 46 45
405 684 45
929 107 45
189 743 45
212 762 45
763 774 45
587 186 45
413 777 45
342 263 45
45 584 45
730 354 45
613 579 45
722 598 45
805 360 45
437 808 45
912 896 45
727 12 45
5 744 45
824 285 45
727 499 45
5 300 45
939 655 45
895 555 45
152 71 45
560 89 45
641 412 45
177 363 45
763 54 45
827 522 45
984 27 45
958 422 45
666 901 45
260 930 45
695 737 44
845 126 44
239 559 44
202 662 44
942 40 44
507 292 44
729 364 44
93 377 44
161 264 44
269 460 44
323 980 44
278 363 44
664 149 44
330 788 44
371 819 44
330 517 44
764 823 44
124 442 44
260 835 44
200 838 44
381 158 44
703 128 44
652 695 44
301 891 44
984 796 44
874 335 44
70 350 44
216 604 44
532 135 44
34 478 44
360 610 44
384 676 44
187 453 44
99 295 44
338 753 44
237 895 44
489 197 44
613 244 44
271 935 44
688 390 44
176 997 44
319 764 44
170 627 44
495 723 44
571 489 44
24 375 44
238 72 44
535 611 44
680 152 44
621 380 44
669 807 44
949 720 44
422 876 44
804 996 44
844 757 44
454 47 44
314 322 44
352 963 44
649 627 43
784 684 43
480 346 43
958 800 43
603 202 43
626 501 43
913 379 43
294 964 43
669 38 43
72 74 43
142 111 43
881 425 43
59 753 43
225 379 43
904 755 43
431 843 43
185 37 43
892 561 43
755 971 43
579 625 43
367 663 43
102 311 43
52 825 43
702 538 43
933 861 43
579 775 43
602 90 43
502 877 43
150 524 43
627 990 43
473 986 43
365 831 43
753 182 43
744 240 43
392 155 43
597 936 43
904 888 43
719 774 43
225 943 43
318 5 43
14 792 43
717 571 43
878 986 43
14 395 43
163 440 43
348 510 43
281 621 43
169 442 43
122 895 43
335 415 43
98 469 43
577 57 43
292 605 43
645 332 43
55 174 42
23 583 42
610 598 42
207 380 42
351 6 42
888 575 42
318 931 42
282 654 42
354 544 42
908 486 42
24 21 42
108 288 42
694 729 42
818 267 42
837 261 42
272 965 42
304 226 42
747 753 42
149 968 42
205 824 42
913 109 42
725 106 42
708 193 42
378 627 42
988 424 42
171 871 42
30 500 42
44 704 42
284 546 42
556 52 42
617 764 42
412 346 42
259 95 42
484 208 42
298 781 42
854 616 42
688 137 42
874 259 42
26 265 42
202 219 42
904 199 42
227 877 42
712 136 42
69 392 42
117 499 42
686 482 42
405 899 42
324 201 42
68 28 42
826 240 42
523 237 42
796 272 42
572 662 42
582 173 42
369 39 42
26 601 42
130 741 42
582 544 42
41 173 42
317 886 42
772 66 42
798 915 42
730 249 42
719 744 42
47 490 42
785 614 42
350 25 42
18 402 42
294 897 42
736 527 42
660 41 42
272 895 41
454 470 41
610 210 41
238 151 41
692 756 41
241 323 41
684 832 41
179 507 41
115 7 41
289 921 41
723 938 41
618 902 41
448 753 41
165 287 41
446 418 41
431 682 41
92 969 41
15 987 41
802 252 41
815 92 41
609 514 41
182 190 41
154 618 41
681 62 41
464 577 41
92 182 41
547 927 41
713 730 41
981 845 41
203 620 41
265 474 41
608 391 41
952 884 41
488 456 41
715 594 41
649 635 41
518 206 41
367 303 41
970 509 41
436 765 41
254 604 41
917 42 41
646 647 41
57 680 41
576 595 41
914 921 41
283 5 41
554 452 41
174 661 41
825 795 41
87 252 41
883 619 41
477 914 41
483 336 41
257 63 41
929 700 41
479 943 41
335 654 41
324 231 41
679 402 41
630 681 41
83 236 41
296 58 41
997 766 41
404 46 41
517 492 41
95 153 41
194 913 40
316 529 40
585 957 40
924 392 40
116 255 40
328 888 40
48 967 40
604 269 40
944 367 40
617 266 40
260 325 40
247 64 40
328 403 40
885 676 40
665 741 40
459 851 40
315 655 40
720 222 40
839 335 40
797 390 40
755 197 40
575 651 40
649 463 40
248 975 40
107 446 40
28 471 40
817 287 40
517 967 40
880 966 40
245 20 40
367 959 40
174 72 40
86 297 40
672 862 40
255 60 40
142 455 40
1 929 40
970 169 40
929 826 40
474 725 40
750 171 40
130 427 40
451 72 40
281 503 40
71 408 39
619 402 39
431 347 39
921 650 39
909 310 39
745 268 39
790 798 39
159 396 39
892 832 39
79 361 39
359 413 39
840 974 39
112 328 39
291 820 39
451 395 39
106 871 39
235 687 39
667 90 39
102 39 39
329 553 39
367 445 39
173 644 39
934 459 39
609 700 39
967 953 39
644 56 39
725 971 39
220 282 39
663 538 39
167 389 39
348 30 39
621 280 39
111 499 39
203 952 39
390 843 39
653 395 39
450 441 39
338 906 39
293 388 39
620 245 39
763 925 39
947 96 39
460 240 39
828 397 39
898 174 39
179 254 39
54 710 39
79 914 39
434 584 39
449 439 39
42 62 39
416 548 39
125 63 39
131 881 39
474 835 39
628 658 39
136 54 39
967 946 39
184 967 39
760 197 39
322 92 39
568 275 39
255 0 39
455 992 39
255 905 39
136 774 39
481 311 39
134 248 39
155 526 39
197 753 39
152 67 39
779 61 38
664 669 38
230 491 38
730 945 38
302 921 38
502 863 38
150 738 38
14 876 38
556 289 38
531 417 38
412 888 38
252 457 38
782 544 38
775 766 38
741 687 38
550 738 38
688 899 38
863 294 38
738 302 38
981 878 38
205 166 38
368 768 38
901 496 38
527 960 38
883 644 38
156 867 38
460 440 38
901 269 38
969 743 38
434 200 38
297 142 38
881 365 38
274 510 38
833 574 38
310 188 38
124 90 38
293 26 38
165 445 38
220 114 38
235 418 38
526 822 38
524 601 38
723 726 38
497 571 38
145 131 38
743 211 38
304 392 38
753 995 38
791 55 38
608 876 38
939 467 38
818 533 38
246 754 38
509 765 38
287 475 38
452 765 38
180 805 38
964 445 38
24 414 38
108 742 38
440 583 38
331 269 38
695 851 38
286 305 38
503 518 38
846 768 38
756 791 38
630 794 38
664 360 38
183 674 37
856 893 37
157 445 37
135 422 37
428 212 37
115 874 37
939 884 37
779 691 37
13 942 37
852 744 37
912 396 37
484 62 37
77 289 37
359 578 37
81 830 37
21 986 37
846 834 37
891 279 37
755 133 37
807 39 37
954 144 37
561 17 37
217 838 37
791 389 37
795 861 37
241 337 37
355 439 37
278 527 37
800 265 37
843 252 37
242 427 37
501 285 37
533 446 37
846 804 37
447 523 37
478 118 37
910 169 37
94 889 37
953 610 37
301 870 37
742 298 37
113 611 37
850 438 37
840 176 37
922 79 37
583 321 37
646 496 37
531 411 37
326 544 37
813 662 37
396 813 37
969 380 37
388 422 37
251 765 37
437 333 37
451 477 37
820 648 37
55 426 36
361 718 36
492 705 36
919 641 36
453 422 36
61 983 36
743 989 36
126 704 36
742 432 36
120 368 36
660 328 36
585 675 36
807 225 36
54 504 36
278 132 36
155 8 36
169 985 36
262 833 36
102 484 36
885 400 36
853 88 36
21 336 36
996 723 36
796 445 36
842 164 36
744 105 36
599 708 36
592 118 36
756 369 36
30 802 36
429 946 36
564 57 36
503 655 36
779 668 36
913 655 36
477 831 36
465 569 36
479 705 36
452 682 36
638 469 36
207 65 36
310 207 36
946 300 36
809 593 36
752 649 36
414 855 36
489 788 36
103 661 36
963 339 36
967 144 36
408 224 36
245 605 36
351 106 36
404 682 36
695 719 36
198 272 36
545 377 36
950 818 36
616 338 36
277 546 36
699 307 36
338 393 36
683 323 36
314 538 35
361 776 35
340 421 35
20 667 35
530 693 35
256 261 35
543 939 35
97 301 35
990 233 35
447 387 35
350 603 35
483 637 35
938 795 35
748 761 35
506 904 35
937 805 35
265 928 35
212 63 35
65 350 35
684 920 35
676 618 35
38 870 35
60 747 35
65 965 35
749 309 35
529 82 35
925 740 35
932 375 35
606 170 35
880 359 35
977 322 35
941 463 35
176 263 35
501 699 35
579 551 35
822 375 35
784 740 35
954 714 35
658 858 35
712 33 35
716 403 35
225 774 35
132 642 35
681 240 35
543 879 35
771 322 35
27 379 35
910 856 35
756 870 35
497 491 35
749 490 35
709 208 35
610 471 35
257 577 35
644 462 35
455 553 35
891 240 35
639 949 35
947 978 35
347 375 34
75 394 34
455 97 34
121 273 34
562 31 34
932 581 34
986 853 34
108 526 34
178 364 34
67 94 34
50 551 34
251 556 34
215 326 34
218 770 34
760 656 34
834 943 34
15 728 34
164 257 34
17 317 34
558 365 34
13 705 34
167 152 34
932 232 34
375 762 34
250 308 34
870 726 34
250 538 34
768 977 34
461 446 34
898 835 34
311 70 34
185 744 34
113 663 34
46 896 34
598 825 34
585 704 34
950 825 34
878 863 34
562 129 34
697 605 34
453 682 34
86 360 34
834 161 34
410 367 34
795 357 34
566 447 34
117 426 34
745 460 34
727 198 34
882 334 34
637 616 34
360 433 34
844 285 34
320 433 34
387 664 34
534 253 34
813 364 34
486 197 34
894 914 33
130 191 33
370 532 33
132 893 33
231 140 33
552 220 33
934 32 33
503 321 33
697 494 33
464 655 33
434 45 33
276 230 33
733 580 33
38 513 33
14 766 33
998 324 33
475 124 33
920 870 33
727 3 33
909 704 33
899 917 33
467 769 33
935 389 33
197 424 33
203 92 33
370 386 33
396 31 33
646 189 33
630 149 33
939 881 33
955 386 33
979 311 33
747 668 33
321 713 33
107 317 33
677 232 33
571 358 33
794 251 33
264 686 33
750 81 33
382 701 33
529 164 33
249 948 33
499 726 33
25 27 33
224 906 33
352 98 33
53 847 33
661 273 33
970 144 33
90 864 33
114 554 33
334 920 33
25 763 33
483 982 33
518 821 33
603 128 33
286 905 33
572 860 32
992 374 32
453 527 32
453 480 32
134 109 32
840 520 32
427 933 32
920 290 32
243 694 32
618 371 32
872 915 32
361 769 32
267 22 32
8 363 32
560 331 32
340 6 32
296 108 32
641 790 32
777 249 32
762 361 32
629 884 32
719 872 32
807 164 32
41 998 32
409 633 32
18 635 32
784 117 32
973 457 32
159 262 32
510 753 32
331 619 32
33 31 32
544 105 32
634 241 32
577 714 32
913 216 32
810 343 32
676 950 32
260 764 32
461 942 32
147 494 32
330 431 32
790 343 32
942 78 32
275 338 32
90 737 32
976 847 32
475 160 32
438 189 32
387 797 32
781 221 32
676 994 32
289 997 31
638 633 31
53 645 31
780 108 31
46 630 31
630 940 31
322 642 31
765 26 31
601 274 31
442 663 31
537 486 31
222 176 31
602 464 31
476 518 31
76 816 31
161 946 31
425 85 31
451 437 31
579 618 31
924 474 31
535 81 31
988 65 31
559 177 31
184 507 31
558 247 31
422 811 31
319 294 31
69 667 31
834 262 31
109 617 31
199 454 31
819 701 31
142 67 31
713 472 31
440 859 31
422 744 31
295 204 31
211 294 31
827 994 31
657 581 31
626 106 31
697 797 31
563 694 31
654 713 31
681 647 31
954 814 31
308 915 30
347 169 30
531 165 30
64 391 30
463 82 30
322 194 30
414 56 30
772 631 30
487 873 30
962 26 30
939 12 30
629 313 30
438 890 30
746 603 30
129 83 30
489 709 30
147 119 30
379 297 30
988 89 30
712 94 30
714 995 30
554 39 30
427 785 30
299 618 30
399 630 30
312 658 30
837 515 30
634 540 30
78 194 30
831 930 30
785 496 30
747 374 30
912 761 30
107 364 30
6 14 30
950 803 30
817 98 30
699 904 30
566 939 30
994 955 30
613 446 30
555 300 30
264 225 30
276 254 30
683 989 30
791 686 30
837 130 30
551 831 30
985 541 30
536 322 30
17 114 30
904 288 30
73 103 30
600 232 30
212 459 30
686 399 30
104 107 30
410 949 30
277 651 30
558 96 30
565 578 30
773 559 30
538 985 30
462 846 30
264 634 30
395 160 30
795 773 30
377 939 30
254 821 30
161 769 29
741 825 29
760 60 29
383 879 29
539 745 29
213 394 29
261 490 29
262 754 29
461 753 29
850 605 29
305 677 29
471 600 29
236 191 29
92 286 29
902 8 29
255 959 29
740 363 29
608 567 29
917 505 29
259 307 29
912 490 29
652 188 29
620 98 29
50 561 29
378 171 29
516 775 29
837 596 29
412 406 29
950 943 29
638 900 29
931 189 29
888 72 29
168 419 29
812 600 29
34 655 29
381 781 29
458 65 29
506 838 29
861 535 29
244 140 29
265 12 29
458 470 29
528 677 29
375 813 29
175 698 29
463 878 29
333 366 29
635 769 29
129 89 29
684 416 29
587 81 29
376 400 29
652 10 29
124 292 29
57 552 29
72 855 29
688 555 29
305 432 29
268 98 29
254 39 29
745 740 29
147 681 29
118 368 29
150 307 29
873 154 29
632 859 29
972 780 29
422 709 29
309 643 29
815 392 28
695 196 28
609 508 28
373 798 28
663 588 28
693 667 28
539 102 28
370 434 28
205 13 28
113 355 28
747 446 28
147 933 28
867 600 28
78 425 28
298 390 28
714 307 28
276 838 28
531 519 28
879 55 28
393 192 28
835 759 28
786 477 28
917 293 28
925 468 28
351 678 28
561 479 28
951 975 28
364 923 28
944 39 28
618 546 28
694 39 28
833 576 28
900 677 28
442 159 28
964 697 28
644 213 28
231 336 28
388 867 28
41 19 28
148 515 28
775 244 28
350 91 28
743 756 28
521 598 28
590 169 28
571 706 28
755 16 28
726 904 28
95 719 28
964 729 27
737 350 27
464 981 27
616 910 27
158 747 27
979 874 27
45 618 27
798 576 27
749 984 27
920 30 27
714 767 27
472 354 27
180 287 27
822 768 27
931 455 27
695 897 27
474 471 27
874 856 27
115 27 27
84 276 27
77 980 27
859 376 27
701 935 27
319 568 27
565 542 27
48 733 27
552 712 27
284 8 27
310 769 27
804 447 27
761 825 27
304 319 27
220 178 27
553 608 27
586 985 27
887 689 27
824 573 27
633 950 27
690 995 27
808 554 27
618 934 27
577 576 27
129 671 27
494 870 27
609 650 27
837 878 27
976 733 27
490 671 27
627 981 27
154 585 27
532 261 27
754 609 27
608 473 27
704 969 27
44 827 27
950 93 27
370 746 27
624 448 27
546 671 27
795 424 27
466 80 27
25 619 26
655 626 26
253 643 26
132 718 26
284 297 26
804 88 26
319 608 26
675 487 26
925 78 26
443 155 26
801 890 26
966 405 26
196 963 26
37 998 26
515 378 26
832 298 26
313 912 26
872 369 26
881 776 26
311 197 26
384 163 26
386 275 26
395 527 26
659 683 26
747 754 26
359 469 26
835 480 26
22 380 26
877 543 26
91 148 26
473 248 26
98 770 26
984 634 26
122 989 26
987 422 26
670 491 26
128 910 26
963 104 26
697 313 26
518 543 26
314 202 26
249 641 26
608 623 26
988 27 26
374 489 26
677 271 26
355 397 26
148 623 26
97 339 26
92 610 26
913 503 26
414 469 26
501 340 26
680 626 26
475 637 25
437 254 25
593 962 25
776 406 25
576 303 25
225 212 25
267 902 25
482 860 25
418 500 25
196 693 25
944 310 25
793 181 25
170 75 25
903 641 25
355 585 25
591 584 25
555 656 25
623 825 25
467 930 25
427 135 25
546 84 25
341 751 25
944 946 25
565 125 25
848 433 25
798 578 25
594 607 25
233 869 25
216 648 25
591 580 25
148 758 25
249 530 25
702 314 25
980 751 25
347 979 25
942 27 25
338 402 25
418 885 25
381 871 25
687 593 25
758 697 25
244 305 25
177 922 25
251 124 25
427 545 25
97 979 25
261 387 25
831 603 25
656 164 25
188 68 25
978 147 25
61 877 25
21 605 25
850 127 25
421 839 25
83 786 25
940 942 25
353 160 25
498 308 25
597 417 25
848 740 25
113 385 25
663 464 25
807 135 25
305 782 24
220 7 24
861 113 24
27 942 24
880 95 24
627 587 24
842 789 24
226 114 24
733 994 24
591 991 24
846 989 24
90 178 24
519 283 24
206 36 24
303 276 24
465 751 24
852 720 24
470 722 24
15 388 24
126 202 24
623 702 24
669 622 24
731 746 24
619 375 24
831 336 24
31 629 24
930 233 24
246 636 24
838 81 24
957 365 24
914 675 24
840 679 24
38 829 24
730 134 24
552 212 24
14 935 24
918 572 24
431 340 24
168 522 24
801 509 24
836 494 24
631 17 24
834 210 24
816 926 24
499 149 24
629 128 24
510 973 24
110 344 24
302 109 24
781 158 24
339 151 24
412 791 24
47 613 24
608 348 24
967 936 24
771 269 24
340 253 24
232 565 24
806 722 24
459 688 24
805 898 24
548 589 24
317 71 24
489 809 24
48 693 24
616 106 24
33 227 24
640 570 24
730 33 24
748 55 24
766 632 24
853 477 24
383 438 24
476 951 24
599 783 24
332 917 24
871 352 24
192 440 24
272 605 23
171 513 23
295 39 23
17 50 23
938 738 23
154 363 23
132 901 23
252 749 23
686 840 23
648 448 23
213 100 23
604 962 23
436 10 23
199 144 23
408 882 23
115 490 23
640 371 23
411 449 23
265 749 23
217 338 23
463 339 23
491 533 23
348 641 23
449 426 23
944 23 23
659 928 23
293 793 23
655 43 23
764 108 23
882 237 23
103 151 23
976 370 23
673 434 23
285 587 23
292 353 23
732 963 23
48 127 23
994 966 23
745 704 23
555 281 23
867 52 23
39 315 23
484 358 23
799 556 23
62 325 23
475 824 23
892 385 23
71 862 23
689 408 23
792 218 23
938 117 23
369 366 23
54 586 23
339 240 23
806 870 23
848 358 23
169 915 23
599 601 23
825 751 23
847 701 23
736 846 23
181 822 23
879 203 23
852 266 22
218 98 22
415 263 22
446 359 22
775 365 22
50 479 22
459 748 22
54 350 22
224 99 22
634 54 22
888 997 22
516 255 22
472 172 22
852 978 22
537 69 22
736 779 22
464 226 22
782 841 22
142 851 22
301 717 22
987 771 22
22 979 22
954 85 22
207 554 22
199 514 22
269 394 22
621 121 22
681 529 22
218 352 22
725 756 22
377 585 22
159 157 22
998 612 22
25 160 22
999 425 22
114 448 22
797 938 22
308 783 22
367 125 22
235 785 22
14 133 22
743 523 22
972 268 22
518 490 22
262 572 22
266 632 22
507 930 22
738 384 22
697 482 22
558 584 22
966 911 22
681 437 22
995 192 22
933 191 22
688 625 22
401 312 22
701 965 22
434 186 22
224 243 22
279 899 22
330 679 22
756 494 22
533 535 21
782 848 21
295 20 21
200 922 21
827 765 21
577 316 21
985 614 21
936 766 21
386 500 21
887 13 21
368 163 21
882 964 21
744 146 21
65 988 21
151 352 21
370 608 21
751 682 21
591 298 21
103 970 21
830 45 21
731 278 21
423 324 21
956 193 21
975 643 21
241 669 21
170 623 21
114 24 21
664 139 21
880 230 21
670 952 21
303 409 21
178 904 21
90 576 21
248 370 21
6 749 21
550 970 21
358 863 21
569 950 21
228 397 21
160 508 21
529 419 21
532 622 21
55 308 21
372 860 21
36 653 21
892 495 21
295 458 21
7 476 21
883 267 21
868 665 21
294 121 21
557 976 20
761 461 20
611 435 20
426 60 20
219 353 20
523 349 20
519 501 20
273 545 20
288 472 20
364 829 20
150 559 20
943 20 20
834 821 20
345 224 20
506 336 20
907 93 20
970 394 20
145 291 20
444 797 20
800 885 20
106 356 20
550 870 20
272 378 20
779 990 20
832 126 20
413 452 20
782 203 20
715 649 20
721 790 20
455 463 20
325 936 20
325 694 20
395 55 20
200 550 20
391 756 20
532 684 20
987 95 20
812 449 20
919 993 20
948 270 20
977 223 20
612 622 20
23 766 20
232 247 20
731 425 20
566 371 20
469 531 20
425 690 20
917 7 20
576 752 20
725 200 20
214 449 20
716 219 20
269 603 19
772 325 19
996 532 19
459 946 19
464 782 19
825 535 19
757 473 19
717 379 19
153 514 19
425 716 19
940 924 19
979 870 19
121 234 19
663 782 19
916 822 19
241 234 19
644 171 19
477 884 19
841 952 19
815 134 19
327 81 19
294 657 19
937 720 19
149 189 19
14 679 19
699 700 19
939 513 19
180 573 19
355 286 19
216 387 19
971 606 19
451 612 19
289 197 19
816 663 19
607 298 19
947 592 19
369 61 19
641 682 19
104 676 19
566 459 19
707 282 19
489 141 19
957 978 19
573 564 19
52 502 19
768 93 19
31 158 19
489 927 19
381 959 19
742 430 19
534 144 19
741 956 19
139 25 19
381 772 19
313 585 19
769 480 19
627 531 19
593 407 19
834 272 19
819 316 19
651 72 19
760 718 19
375 832 19
590 257 18
785 423 18
974 95 18
792 896 18
362 148 18
558 77 18
70 291 18
946 142 18
67 78 18
73 207 18
268 480 18
433 547 18
17 358 18
469 185 18
315 951 18
968 431 18
381 623 18
190 417 18
791 318 18
344 725 18
96 685 18
66 524 18
662 81 18
19 690 18
902 408 18
280 731 18
873 559 18
330 893 18
590 570 18
828 20 18
308 818 18
829 476 18
780 657 18
370 411 18
253 211 18
315 268 18
589 899 18
475 364 18
254 113 18
343 187 18
43 512 18
155 924 18
840 16 18
900 703 18
306 847 18
249 170 18
29 372 18
430 173 18
540 343 18
263 785 18
82 894 18
86 581 18
563 244 18
737 167 18
234 707 17
173 518 17
513 329 17
363 686 17
569 420 17
632 306 17
453 853 17
962 435 17
957 439 17
530 240 17
21 948 17
599 621 17
738 805 17
352 93 17
481 443 17
214 572 17
989 426 17
746 845 17
563 929 17
492 48 17
215 366 17
767 789 17
709 309 17
843 191 17
964 201 17
340 749 17
714 950 17
348 756 17
611 143 17
952 324 17
875 213 17
964 309 17
571 345 17
283 564 17
609 166 17
189 271 17
217 200 17
267 829 17
539 647 17
958 570 17
979 855 17
456 515 17
834 68 17
242 631 17
435 663 17
44 456 17
455 113 17
688 367 17
909 809 17
703 72 17
234 869 17
627 869 17
793 968 17
739 696 17
858 974 17
594 961 17
184 340 17
606 407 17
442 785 17
127 508 17
628 148 16
487 698 16
372 18 16
116 702 16
176 96 16
159 20 16
954 139 16
76 515 16
147 516 16
72 463 16
818 113 16
664 240 16
118 943 16
621 361 16
29 41 16
826 187 16
177 991 16
759 418 16
811 856 16
810 788 16
402 107 16
924 870 16
146 760 16
704 28 16
989 763 16
803 946 16
911 436 16
269 869 16
980 367 16
163 39 16
131 450 16
783 975 16
927 889 16
624 511 16
25 273 16
317 712 16
699 883 16
413 786 16
36 186 16
109 539 16
132 557 16
588 69 16
614 621 16
339 168 16
453 977 16
976 953 16
74 823 16
786 15 16
199 162 16
648 665 16
88 323 16
102 612 16
296 382 16
96 818 16
23 896 16
45 895 16
646 298 16
840 958 16
59 911 16
657 921 16
351 781 16
594 533 16
631 742 15
681 919 15
810 767 15
75 996 15
954 312 15
115 825 15
798 557 15
267 556 15
776 924 15
474 583 15
19 545 15
496 302 15
256 449 15
40 723 15
815 288 15
74 271 15
782 241 15
759 631 15
199 695 15
527 478 15
906 302 15
684 982 15
286 948 15
983 340 15
211 827 15
142 100 15
71 24 15
528 332 15
81 932 15
836 959 15
858 334 15
475 508 15
279 271 15
971 949 15
309 317 15
624 148 15
452 216 15
707 563 15
843 550 15
703 288 15
770 929 15
169 828 15
242 271 15
699 373 15
294 145 15
287 720 15
588 331 15
640 296 14
925 311 14
375 975 14
788 831 14
233 66 14
496 944 14
145 317 14
785 809 14
226 49 14
712 936 14
96 684 14
567 93 14
481 553 14
800 702 14
13 539 14
560 73 14
678 553 14
345 596 14
300 822 14
575 51 14
817 500 14
887 400 14
83 40 14
180 42 14
106 20 14
308 80 14
633 484 14
169 193 14
535 588 14
176 583 14
491 955 14
988 834 14
379 580 14
382 136 14
801 248 14
91 866 14
436 418 14
781 627 14
673 396 14
456 720 14
624 776 14
447 486 14
438 675 14
766 706 14
655 470 14
218 85 14
183 186 14
128 259 14
70 567 14
948 196 14
75 925 14
920 56 14
812 167 14
875 103 14
985 522 14
952 299 14
77 34 14
823 793 14
856 662 14
32 950 14
413 569 13
381 22 13
586 850 13
589 686 13
261 229 13
296 635 13
437 58 13
898 591 13
716 80 13
43 77 13
207 886 13
271 918 13
701 470 13
863 931 13
108 327 13
199 319 13
851 611 13
766 483 13
775 605 13
585 997 13
273 441 13
843 524 13
190 594 13
861 486 13
134 957 13
828 739 13
112 710 13
841 375 13
438 267 13
25 680 13
524 837 13
307 149 13
768 0 13
425 324 13
935 247 13
810 821 13
88 889 13
609 113 13
966 799 13
799 359 13
967 881 13
644 595 13
293 105 13
36 103 13
123 340 13
811 103 13
294 969 13
623 280 13
274 384 13
279 880 13
161 998 13
892 683 13
601 198 13
339 873 13
190 231 13
835 914 13
972 410 13
246 983 12
647 145 12
329 423 12
745 650 12
261 230 12
364 84 12
519 48 12
678 541 12
499 225 12
463 469 12
547 175 12
756 692 12
447 164 12
427 256 12
59 260 12
551 961 12
834 278 12
129 766 12
286 279 12
689 193 12
144 261 12
537 749 12
892 329 12
716 700 12
887 292 12
563 456 12
385 160 12
86 439 12
976 96 12
564 398 12
271 61 12
615 114 12
508 983 12
455 68 12
2 783 12
611 426 12
819 544 12
194 669 12
851 289 12
302 492 12
749 120 12
662 854 12
74 811 12
197 447 12
939 70 12
406 520 12
198 390 12
711 35 12
135 600 12
220 76 12
146 912 12
244 271 12
54 635 12
986 658 12
793 390 12
435 967 12
345 500 12
446 137 12
307 667 12
448 420 12
284 316 12
243 416 11
396 904 11
88 449 11
767 529 11
765 369 11
954 246 11
491 33 11
160 35 11
187 108 11
621 390 11
716 974 11
180 471 11
592 887 11
373 852 11
387 960 11
596 683 11
863 763 11
183 792 11
606 472 11
396 110 11
975 899 11
170 991 11
755 581 11
375 448 11
291 515 11
840 760 11
517 434 11
836 784 11
63 350 11
524 369 11
186 335 11
154 242 11
704 982 11
956 100 11
385 356 11
21 126 11
939 450 11
557 716 11
193 804 11
164 933 11
501 109 11
267 626 11
743 230 11
382 636 11
76 454 11
809 561 11
351 564 11
781 358 11
584 849 11
794 758 11
781 90 11
215 605 11
190 781 10
311 527 10
695 980 10
930 818 10
950 631 10
285 29 10
812 135 10
400 711 10
719 195 10
827 249 10
28 972 10
730 744 10
792 774 10
440 944 10
73 415 10
528 706 10
775 743 10
326 995 10
406 576 10
385 420 10
757 629 10
474 974 10
496 286 10
874 297 10
732 676 10
657 134 10
974 166 10
642 404 10
525 238 10
739 138 10
862 458 10
705 753 10
460 682 10
331 21 10
358 242 10
97 399 10
210 278 10
396 733 10
596 408 10
628 298 10
362 198 10
539 1 10
277 451 10
287 783 10
541 957 9
96 790 9
141 221 9
151 905 9
974 898 9
203 156 9
696 406 9
486 868 9
269 794 9
278 718 9
245 876 9
927 674 9
883 827 9
973 843 9
815 361 9
45 74 9
658 901 9
881 88 9
743 368 9
458 490 9
389 401 9
394 331 9
639 154 9
54 84 9
509 439 9
38 698 9
906 658 9
239 493 9
545 808 9
378 940 9
40 636 9
181 596 9
45 211 9
379 39 9
81 672 9
426 688 9
708 382 9
802 514 9
898 717 9
403 409 9
917 8 9
76 969 9
187 997 9
784 252 9
113 544 9
661 475 9
402 816 9
787 302 9
942 771 9
126 901 9
441 685 9
625 12 9
158 191 9
698 481 9
363 873 9
246 433 9
396 964 9
89 869 9
620 588 8
213 31 8
443 10 8
953 750 8
157 558 8
302 714 8
111 698 8
898 390 8
306 942 8
593 912 8
923 16 8
430 944 8
428 48 8
455 62 8
551 403 8
480 566 8
992 733 8
154 673 8
314 861 8
41 645 8
469 519 8
2 31 8
414 59 8
175 982 8
280 965 8
642 228 8
989 331 8
61 389 8
772 622 8
36 349 8
406 589 8
188 951 8
512 271 8
974 229 8
109 576 8
400 279 8
265 388 8
618 512 8
614 97 8
3 136 8
803 352 8
73 473 8
318 344 8
368 633 8
39 201 8
125 130 8
687 107 8
345 252 8
37 400 8
215 911 8
398 469 8
173 946 7
438 853 7
150 749 7
723 73 7
572 869 7
585 707 7
795 660 7
992 777 7
601 307 7
646 596 7
670 179 7
612 619 7
584 843 7
631 994 7
535 636 7
724 48 7
232 384 7
676 487 7
753 805 7
401 425 7
488 667 7
737 129 7
219 725 7
326 862 7
881 210 7
490 178 7
413 87 7
387 697 7
898 512 7
659 544 7
230 601 7
465 770 7
554 646 7
304 234 7
246 609 7
247 538 7
860 373 7
239 80 7
227 136 7
645 807 7
229 279 7
443 146 7
188 382 7
648 461 7
215 909 7
488 603 7
858 645 7
366 202 7
591 782 7
654 849 7
226 371 7
12 853 7
813 7 7
130 550 6
632 75 6
499 557 6
279 986 6
781 460 6
891 864 6
805 864 6
769 568 6
390 818 6
649 797 6
206 993 6
946 99 6
159 833 6
622 190 6
465 493 6
341 147 6
603 986 6
195 833 6
451 275 6
710 850 6
168 175 6
871 261 6
720 204 6
499 360 6
178 784 6
196 161 6
385 992 6
575 860 6
857 14 6
812 516 6
936 442 6
750 492 6
95 577 6
768 365 6
597 319 6
123 355 6
500 496 6
481 173 6
909 626 6
269 759 6
880 12 6
483 917 6
719 80 6
864 438 6
314 166 6
432 568 6
154 171 6
850 977 6
279 204 6
775 759 6
826 289 6
503 449 6
345 856 6
122 918 6
220 199 6
120 336 6
396 290 6
76 946 6
232 754 6
835 612 6
544 444 6
21 658 6
571 435 6
488 463 6
981 94 6
42 430 5
973 4 5
580 725 5
58 542 5
493 58 5
479 786 5
181 199 5
520 29 5
649 775 5
920 154 5
649 828 5
776 445 5
126 675 5
575 617 5
111 15 5
169 952 5
402 261 5
428 936 5
802 156 5
595 210 5
611 284 5
43 323 5
828 460 5
787 904 5
50 378 5
340 392 5
758 671 5
118 886 5
767 113 5
467 725 5
920 710 5
607 66 5
637 105 5
455 636 5
90 899 5
344 625 5
334 61 5
15 894 5
984 648 5
15 918 5
379 640 5
812 594 5
960 988 5
628 920 5
366 530 5
228 33 5
462 451 5
962 354 4
383 515 4
16 855 4
827 622 4
863 871 4
585 528 4
757 695 4
605 233 4
689 836 4
277 825 4
78 485 4
764 414 4
779 198 4
810 849 4
667 178 4
246 843 4
696 409 4
257 985 4
683 169 4
442 681 4
762 104 4
733 376 4
502 689 4
470 29 4
505 531 4
629 815 4
856 602 4
104 946 4
588 712 4
960 614 4
250 940 4
544 584 4
211 38 4
146 792 4
169 728 4
778 775 4
585 229 4
856 404 4
202 587 4
608 602 4
777 293 4
259 813 4
129 282 4
884 593 4
460 81 4
898 14 4
782 727 4
365 487 4
672 886 4
568 782 4
523 22 4
154 500 4
573 31 4
544 327 4
976 648 4
901 579 4
252 930 4
410 889 4
240 628 4
962 987 3
631 302 3
928 382 3
939 549 3
705 291 3
299 740 3
167 391 3
822 372 3
18 497 3
914 909 3
681 173 3
411 13 3
513 913 3
285 329 3
704 287 3
106 911 3
403 187 3
595 265 3
74 897 3
827 889 3
792 178 3
761 597 3
198 908 3
408 88 3
261 83 3
35 903 3
392 234 3
568 690 3
869 303 3
672 400 3
981 102 3
740 218 3
402 944 3
135 328 3
602 182 3
401 78 3
272 246 3
598 262 3
370 152 3
855 299 3
416 359 3
656 993 3
134 62 3
605 524 3
613 866 3
256 293 3
117 44 3
970 270 3
719 475 3
755 278 3
391 329 3
511 653 3
299 814 3
239 269 3
756 137 3
177 307 3
26 92 3
121 409 3
768 583 3
209 104 3
269 559 3
520 112 2
502 874 2
216 720 2
29 169 2
76 176 2
381 318 2
10 503 2
574 291 2
999 97 2
340 910 2
683 610 2
608 676 2
954 175 2
659 281 2
238 997 2
648 389 2
371 158 2
122 805 2
715 39 2
381 131 2
849 468 2
427 610 2
889 785 2
699 315 2
273 963 2
63 831 2
799 714 2
738 912 2
84 543 2
837 533 2
811 332 2
721 249 2
230 364 2
107 451 2
388 9 2
607 767 2
115 830 2
714 609 2
842 402 2
851 670 2
83 978 2
665 949 2
314 296 2
668 708 2
964 855 2
214 800 2
930 766 2
845 555 2
218 74 2
575 531 2
232 114 2
651 572 2
471 906 2
879 754 1
684 248 1
789 939 1
777 620 1
658 169 1
217 92 1
550 991 1
959 436 1
414 187 1
89 882 1
357 946 1
66 329 1
871 280 1
806 991 1
81 765 1
207 533 1
864 158 1
495 424 1
50 426 1
880 450 1
257 242 1
876 266 1
222 417 1
222 700 1
680 845 1
983 690 1
672 885 1
743 910 1
42 548 1
258 14 1
659 176 1
373 848 1
586 110 1
933 426 1
192 636 1
896 424 1
904 835 1
850 880 1
337 163 1
686 14 1
767 211 1
375 676 1
806 680 1
150 878 1
204 945 1
672 558 1
216 32 1
280 269 1
982 293 1
687 271 1
181 5 1
355 147 1
834 77 1
318 72 1
376 118 1
720 390 1
942 677 1
133 869 1
944 294 1
651 858 1
369 430 1
390 242 1
