0 224 100
0 253 100
1 30 100
1 228 100
1 286 100
2 33 100
3 110 100
4 93 100
4 187 100
5 48 100
5 60 100
5 112 100
5 304 100
5 485 100
6 147 100
6 297 100
6 376 100
6 462 100
7 156 100
7 341 100
8 36 100
8 45 100
8 364 100
9 261 100
9 486 100
10 190 100
10 390 100
12 259 100
12 490 100
14 185 100
14 472 100
15 369 100
16 203 100
16 256 100
17 31 100
17 105 100
17 150 100
17 196 100
17 335 100
18 250 100
18 342 100
18 398 100
18 413 100
19 90 100
19 103 100
19 122 100
20 46 100
20 77 100
20 399 100
21 19 100
21 20 100
21 60 100
21 110 100
22 26 100
22 152 100
22 159 100
22 381 100
23 266 100
23 493 100
24 82 100
24 143 100
24 213 100
24 309 100
25 282 100
25 424 100
26 23 100
26 122 100
26 142 100
26 365 100
26 421 100
26 457 100
26 482 100
27 456 100
28 75 100
28 157 100
28 170 100
28 202 100
29 59 100
29 124 100
29 315 100
30 97 100
30 119 100
30 336 100
31 131 100
31 486 100
32 199 100
32 278 100
32 298 100
32 469 100
33 57 100
33 96 100
33 195 100
33 326 100
33 355 100
34 161 100
35 281 100
35 344 100
36 371 100
37 161 100
38 144 100
38 166 100
38 316 100
38 321 100
38 415 100
39 117 100
40 127 100
40 304 100
41 100 100
41 132 100
41 275 100
41 495 100
42 128 100
42 322 100
42 369 100
43 81 100
44 47 100
44 51 100
44 304 100
44 412 100
45 284 100
45 426 100
46 22 100
46 236 100
46 386 100
47 125 100
48 15 100
48 79 100
48 336 100
48 456 100
49 138 100
49 321 100
49 423 100
49 470 100
50 112 100
50 135 100
51 92 100
51 242 100
51 261 100
51 483 100
52 11 100
52 113 100
52 178 100
53 367 100
53 391 100
54 140 100
54 227 100
54 470 100
55 250 100
55 323 100
55 381 100
56 287 100
56 326 100
56 444 100
57 14 100
57 422 100
57 446 100
58 173 100
58 422 100
59 184 100
59 333 100
59 376 100
59 447 100
60 70 100
60 194 100
60 280 100
60 459 100
61 31 100
61 45 100
61 135 100
61 209 100
61 217 100
62 112 100
62 168 100
62 197 100
62 312 100
62 372 100
63 255 100
64 204 100
64 206 100
64 255 100
64 290 100
65 17 100
65 287 100
65 437 100
65 483 100
66 0 100
66 13 100
67 11 100
67 52 100
67 55 100
67 251 100
67 267 100
67 351 100
68 109 100
68 151 100
68 170 100
68 250 100
68 371 100
69 152 100
69 432 100
70 303 100
70 370 100
70 388 100
71 69 100
71 128 100
71 338 100
72 16 100
72 82 100
72 138 100
72 416 100
73 213 100
75 87 100
75 490 100
76 27 100
76 52 100
76 299 100
76 315 100
77 163 100
78 89 100
78 402 100
79 30 100
79 161 100
79 445 100
80 21 100
80 140 100
80 159 100
80 218 100
80 260 100
80 368 100
81 93 100
81 163 100
81 439 100
81 449 100
81 452 100
83 136 100
83 466 100
84 49 100
84 228 100
84 341 100
85 39 100
85 40 100
85 139 100
85 312 100
86 10 100
86 320 100
86 382 100
86 414 100
86 446 100
87 6 100
87 13 100
87 27 100
87 174 100
87 228 100
87 370 100
87 407 100
88 297 100
88 384 100
88 448 100
89 59 100
89 360 100
89 416 100
90 261 100
90 273 100
91 97 100
91 259 100
91 269 100
91 401 100
92 448 100
93 190 100
94 14 100
95 401 100
96 153 100
97 181 100
97 363 100
98 36 100
98 56 100
98 213 100
98 237 100
99 19 100
99 278 100
100 103 100
100 154 100
100 327 100
100 462 100
101 128 100
101 167 100
101 368 100
102 179 100
102 273 100
103 58 100
103 402 100
103 408 100
105 236 100
105 273 100
105 374 100
106 27 100
106 300 100
106 430 100
107 8 100
107 94 100
107 146 100
107 257 100
108 2 100
108 72 100
108 151 100
108 358 100
108 365 100
108 454 100
109 177 100
109 378 100
110 7 100
110 28 100
110 39 100
110 317 100
110 422 100
111 72 100
111 105 100
111 157 100
111 244 100
111 291 100
111 385 100
111 436 100
112 321 100
112 436 100
113 199 100
113 356 100
113 402 100
113 426 100
113 428 100
114 14 100
114 20 100
114 92 100
114 239 100
114 334 100
114 423 100
114 472 100
115 2 100
115 159 100
115 336 100
116 227 100
116 341 100
117 449 100
118 73 100
118 140 100
118 363 100
118 486 100
119 354 100
119 425 100
120 86 100
120 248 100
121 264 100
122 430 100
123 121 100
123 286 100
124 4 100
124 102 100
124 178 100
124 349 100
124 388 100
124 440 100
125 244 100
126 151 100
126 347 100
127 220 100
127 310 100
127 338 100
128 20 100
128 257 100
129 79 100
130 400 100
131 147 100
131 165 100
131 358 100
131 415 100
131 416 100
132 182 100
132 287 100
132 387 100
133 119 100
133 250 100
133 261 100
133 496 100
134 40 100
134 137 100
134 156 100
134 426 100
134 470 100
135 171 100
135 208 100
135 386 100
135 457 100
136 237 100
136 271 100
137 125 100
137 211 100
138 224 100
138 402 100
139 344 100
139 450 100
139 487 100
140 96 100
140 239 100
140 354 100
141 1 100
141 5 100
141 250 100
141 377 100
141 403 100
142 34 100
142 72 100
142 350 100
142 492 100
143 152 100
143 302 100
143 348 100
144 493 100
145 61 100
145 277 100
146 88 100
146 176 100
147 421 100
148 37 100
149 15 100
149 27 100
149 30 100
149 73 100
149 194 100
150 28 100
150 126 100
150 431 100
150 451 100
151 132 100
151 229 100
151 337 100
152 65 100
153 61 100
153 128 100
153 167 100
153 201 100
153 220 100
153 275 100
153 392 100
153 488 100
154 305 100
154 315 100
154 459 100
155 486 100
156 35 100
156 318 100
156 411 100
157 223 100
157 498 100
158 63 100
158 68 100
158 140 100
158 238 100
159 54 100
159 283 100
159 387 100
159 402 100
159 428 100
160 73 100
160 273 100
160 380 100
160 443 100
161 140 100
162 30 100
162 370 100
162 378 100
163 162 100
163 193 100
164 208 100
165 36 100
165 258 100
165 292 100
166 173 100
166 247 100
166 325 100
167 2 100
167 11 100
168 72 100
168 111 100
168 133 100
168 210 100
168 223 100
168 230 100
168 257 100
168 260 100
168 384 100
168 394 100
169 62 100
169 274 100
169 279 100
169 328 100
169 401 100
170 25 100
170 256 100
170 301 100
170 448 100
171 71 100
171 116 100
171 172 100
171 303 100
171 313 100
171 406 100
172 97 100
172 111 100
172 206 100
173 180 100
173 302 100
174 135 100
174 315 100
174 329 100
175 153 100
175 220 100
175 491 100
176 90 100
176 134 100
176 268 100
176 484 100
177 11 100
177 50 100
177 299 100
178 37 100
178 213 100
178 244 100
178 286 100
178 333 100
179 244 100
179 447 100
180 28 100
180 281 100
180 302 100
180 356 100
180 431 100
180 481 100
181 30 100
181 235 100
181 453 100
182 28 100
182 56 100
182 316 100
182 483 100
183 345 100
184 18 100
184 47 100
184 130 100
184 317 100
184 344 100
185 114 100
185 137 100
185 181 100
185 205 100
186 13 100
186 327 100
187 143 100
187 259 100
187 287 100
187 306 100
187 340 100
188 64 100
188 250 100
188 451 100
188 462 100
189 13 100
189 214 100
190 69 100
191 106 100
191 169 100
191 347 100
191 462 100
192 297 100
193 200 100
194 10 100
194 116 100
194 295 100
195 51 100
195 237 100
195 383 100
196 233 100
196 395 100
196 480 100
197 41 100
197 158 100
197 205 100
197 398 100
197 431 100
198 59 100
198 157 100
199 230 100
199 452 100
199 475 100
200 118 100
200 219 100
200 268 100
200 379 100
202 298 100
202 460 100
203 95 100
203 162 100
203 403 100
203 440 100
204 62 100
204 103 100
204 152 100
204 322 100
204 428 100
205 54 100
205 219 100
205 458 100
206 109 100
206 295 100
206 302 100
207 20 100
207 55 100
207 171 100
207 298 100
207 365 100
208 222 100
208 315 100
208 321 100
208 474 100
209 18 100
210 18 100
210 73 100
210 181 100
210 227 100
211 4 100
211 310 100
211 341 100
211 368 100
213 197 100
214 68 100
214 249 100
214 263 100
214 474 100
215 435 100
216 90 100
216 149 100
216 484 100
217 225 100
217 460 100
218 420 100
219 8 100
219 188 100
219 414 100
220 66 100
220 231 100
220 338 100
221 1 100
221 81 100
221 322 100
222 94 100
223 236 100
223 316 100
223 467 100
224 161 100
225 24 100
225 79 100
225 102 100
225 142 100
225 148 100
225 432 100
226 54 100
226 119 100
226 196 100
226 479 100
227 74 100
227 202 100
227 345 100
227 365 100
227 491 100
228 347 100
229 220 100
229 310 100
230 434 100
230 473 100
230 498 100
231 206 100
232 168 100
232 358 100
233 46 100
235 392 100
235 394 100
235 454 100
236 281 100
236 348 100
237 454 100
238 275 100
238 401 100
239 222 100
239 290 100
239 486 100
240 188 100
240 202 100
240 451 100
241 427 100
241 440 100
242 193 100
242 198 100
242 291 100
242 302 100
243 135 100
243 295 100
243 337 100
244 439 100
244 497 100
245 316 100
245 400 100
245 478 100
247 137 100
247 193 100
247 201 100
247 323 100
247 348 100
248 207 100
248 320 100
248 377 100
248 431 100
249 151 100
249 174 100
249 297 100
250 172 100
250 204 100
250 349 100
250 412 100
250 414 100
251 122 100
251 461 100
251 488 100
253 214 100
253 263 100
253 411 100
254 205 100
254 414 100
255 124 100
255 153 100
255 229 100
256 360 100
257 28 100
257 340 100
258 31 100
258 44 100
258 56 100
258 336 100
258 343 100
258 497 100
259 37 100
259 253 100
259 331 100
260 101 100
261 367 100
262 206 100
262 411 100
262 474 100
263 119 100
264 212 100
264 314 100
265 55 100
265 76 100
265 168 100
265 412 100
266 16 100
266 177 100
266 338 100
267 44 100
267 167 100
267 327 100
268 499 100
269 30 100
269 31 100
269 93 100
269 118 100
269 263 100
269 310 100
269 438 100
270 194 100
270 339 100
271 349 100
271 458 100
272 195 100
272 276 100
272 361 100
272 391 100
272 423 100
273 338 100
273 383 100
273 455 100
274 345 100
274 414 100
275 84 100
275 287 100
275 317 100
276 25 100
276 198 100
277 2 100
277 60 100
277 190 100
278 29 100
278 50 100
278 185 100
278 198 100
278 245 100
278 259 100
278 492 100
279 149 100
279 196 100
279 233 100
279 401 100
280 119 100
280 281 100
280 401 100
281 86 100
281 245 100
281 292 100
281 403 100
282 473 100
283 84 100
283 153 100
283 274 100
283 470 100
284 82 100
284 216 100
284 262 100
284 313 100
284 421 100
285 112 100
285 333 100
285 408 100
286 105 100
286 146 100
286 308 100
286 493 100
287 76 100
287 184 100
287 231 100
287 381 100
287 423 100
287 449 100
288 115 100
288 132 100
288 201 100
288 346 100
289 372 100
290 27 100
290 52 100
290 207 100
290 283 100
290 446 100
290 485 100
291 15 100
291 22 100
291 278 100
292 91 100
292 173 100
292 193 100
292 230 100
292 418 100
292 437 100
293 214 100
293 251 100
294 14 100
294 54 100
294 66 100
294 89 100
294 348 100
294 428 100
295 144 100
295 466 100
296 63 100
296 99 100
296 126 100
296 149 100
296 208 100
296 364 100
296 423 100
297 32 100
297 74 100
297 84 100
297 332 100
297 422 100
297 458 100
298 319 100
298 330 100
298 394 100
299 141 100
299 151 100
299 232 100
299 411 100
300 382 100
301 192 100
301 341 100
302 38 100
302 253 100
302 342 100
302 456 100
303 130 100
303 321 100
304 174 100
304 211 100
304 440 100
305 6 100
306 115 100
307 54 100
307 281 100
307 301 100
307 396 100
307 465 100
308 133 100
308 153 100
308 192 100
308 376 100
309 200 100
309 380 100
310 17 100
310 109 100
310 195 100
310 369 100
311 22 100
311 85 100
311 111 100
311 207 100
311 300 100
311 483 100
312 160 100
312 187 100
312 284 100
312 345 100
312 485 100
313 40 100
313 51 100
313 161 100
313 240 100
313 279 100
314 91 100
314 230 100
315 239 100
315 436 100
316 100 100
317 203 100
317 387 100
318 80 100
318 136 100
318 422 100
319 140 100
319 215 100
319 491 100
320 338 100
320 481 100
321 26 100
321 95 100
321 285 100
321 419 100
322 134 100
322 277 100
323 37 100
323 77 100
323 454 100
324 113 100
324 139 100
324 195 100
324 306 100
324 321 100
324 343 100
324 361 100
325 24 100
325 295 100
325 381 100
325 489 100
326 383 100
327 109 100
328 62 100
329 5 100
329 278 100
329 385 100
329 394 100
330 357 100
331 471 100
332 151 100
332 481 100
333 55 100
333 342 100
333 399 100
333 485 100
334 1 100
334 37 100
335 65 100
335 89 100
335 353 100
336 13 100
336 229 100
336 280 100
336 482 100
337 60 100
337 395 100
337 438 100
337 465 100
338 58 100
338 229 100
338 379 100
338 411 100
339 250 100
339 343 100
340 93 100
340 108 100
340 198 100
340 247 100
341 47 100
341 107 100
341 458 100
341 488 100
342 107 100
342 215 100
342 241 100
342 263 100
343 84 100
343 187 100
343 256 100
343 293 100
343 374 100
343 428 100
344 125 100
344 302 100
344 345 100
344 438 100
345 78 100
345 225 100
345 276 100
345 426 100
346 165 100
346 256 100
346 495 100
347 153 100
348 276 100
348 457 100
349 178 100
349 244 100
349 251 100
349 261 100
349 288 100
349 377 100
350 87 100
350 111 100
350 148 100
350 183 100
350 295 100
350 490 100
351 373 100
352 190 100
353 217 100
353 236 100
354 445 100
355 392 100
356 24 100
356 492 100
357 128 100
357 267 100
358 187 100
358 425 100
358 444 100
359 64 100
359 151 100
359 234 100
359 452 100
360 96 100
360 104 100
360 355 100
360 442 100
361 82 100
362 55 100
362 230 100
362 326 100
362 445 100
363 157 100
363 189 100
363 409 100
364 166 100
364 258 100
364 450 100
365 96 100
366 8 100
366 275 100
366 307 100
366 436 100
367 5 100
367 41 100
367 376 100
367 453 100
368 170 100
368 182 100
368 216 100
368 346 100
368 355 100
368 454 100
369 300 100
369 397 100
369 481 100
370 84 100
370 129 100
371 198 100
371 289 100
372 229 100
373 105 100
373 267 100
374 93 100
374 243 100
374 418 100
375 52 100
375 197 100
375 254 100
376 4 100
376 90 100
376 116 100
376 128 100
376 450 100
377 250 100
377 307 100
377 443 100
378 1 100
378 83 100
378 111 100
378 183 100
378 237 100
378 413 100
378 450 100
378 479 100
379 192 100
379 273 100
379 359 100
379 373 100
380 62 100
380 65 100
380 145 100
380 315 100
381 76 100
381 343 100
381 394 100
382 333 100
382 388 100
382 423 100
383 109 100
383 339 100
384 47 100
384 116 100
384 179 100
385 325 100
386 194 100
386 286 100
386 295 100
386 493 100
387 212 100
387 275 100
388 25 100
388 103 100
388 452 100
389 25 100
389 163 100
389 450 100
390 53 100
390 114 100
390 209 100
390 284 100
390 408 100
391 15 100
391 287 100
392 148 100
392 180 100
392 188 100
392 266 100
392 279 100
393 50 100
393 86 100
393 158 100
393 205 100
393 207 100
393 331 100
394 33 100
394 330 100
395 39 100
395 247 100
396 155 100
396 428 100
396 492 100
397 245 100
397 326 100
397 387 100
397 427 100
397 428 100
399 23 100
399 217 100
400 30 100
400 361 100
401 247 100
401 314 100
401 403 100
402 58 100
402 377 100
402 454 100
403 175 100
404 49 100
405 324 100
405 395 100
406 141 100
406 230 100
407 86 100
407 189 100
407 344 100
407 421 100
408 0 100
408 131 100
408 307 100
408 347 100
408 359 100
408 454 100
410 263 100
410 325 100
410 353 100
410 356 100
410 359 100
411 217 100
411 232 100
411 298 100
411 435 100
412 153 100
413 173 100
413 221 100
414 89 100
414 118 100
414 207 100
415 49 100
415 94 100
416 161 100
417 194 100
417 251 100
418 182 100
418 383 100
419 73 100
419 336 100
419 382 100
420 0 100
420 36 100
420 136 100
421 48 100
421 53 100
422 78 100
422 113 100
422 429 100
422 453 100
423 370 100
423 440 100
424 277 100
424 409 100
424 458 100
425 131 100
425 133 100
425 330 100
426 292 100
426 308 100
427 381 100
427 413 100
428 4 100
428 116 100
428 273 100
428 400 100
429 77 100
429 181 100
429 400 100
429 477 100
430 204 100
431 449 100
431 495 100
432 229 100
432 255 100
432 452 100
433 130 100
434 7 100
434 93 100
434 151 100
434 369 100
435 39 100
435 80 100
435 305 100
435 335 100
435 447 100
436 146 100
436 269 100
436 338 100
436 409 100
437 37 100
437 78 100
437 369 100
437 443 100
437 475 100
438 444 100
439 20 100
439 109 100
439 162 100
439 303 100
439 319 100
440 480 100
441 196 100
441 327 100
442 21 100
442 435 100
443 113 100
443 118 100
443 152 100
444 69 100
444 135 100
444 268 100
444 359 100
444 450 100
444 472 100
445 216 100
445 335 100
445 349 100
446 163 100
448 116 100
448 128 100
449 54 100
449 55 100
449 461 100
449 476 100
450 83 100
452 350 100
453 336 100
453 369 100
453 494 100
454 290 100
454 333 100
455 144 100
455 198 100
455 306 100
455 350 100
455 355 100
455 367 100
455 453 100
456 0 100
456 143 100
456 288 100
457 286 100
457 339 100
457 356 100
458 485 100
459 23 100
459 125 100
460 240 100
460 387 100
461 326 100
462 146 100
462 162 100
462 172 100
462 335 100
462 399 100
463 171 100
463 479 100
464 124 100
465 89 100
465 306 100
466 60 100
466 175 100
466 192 100
466 376 100
467 16 100
467 368 100
467 473 100
468 267 100
468 432 100
468 488 100
469 62 100
469 139 100
469 447 100
470 215 100
471 330 100
472 159 100
472 197 100
472 247 100
472 359 100
472 363 100
472 429 100
473 80 100
473 156 100
473 169 100
473 200 100
474 19 100
474 23 100
475 140 100
475 155 100
475 190 100
475 200 100
475 496 100
476 91 100
476 385 100
477 144 100
477 291 100
477 306 100
478 265 100
478 421 100
478 428 100
479 82 100
479 423 100
479 472 100
480 158 100
480 262 100
480 405 100
480 497 100
481 88 100
481 382 100
481 423 100
481 445 100
481 486 100
482 2 100
482 88 100
482 212 100
482 311 100
482 466 100
483 161 100
483 301 100
483 309 100
483 335 100
483 342 100
484 63 100
485 17 100
485 164 100
485 316 100
485 350 100
485 370 100
485 488 100
486 187 100
486 290 100
486 360 100
487 23 100
487 66 100
487 77 100
487 182 100
487 239 100
487 286 100
487 301 100
487 302 100
487 410 100
487 465 100
488 126 100
488 139 100
488 374 100
488 490 100
489 26 100
489 44 100
489 110 100
490 217 100
490 224 100
490 419 100
491 104 100
491 446 100
492 120 100
492 189 100
493 125 100
493 130 100
493 371 100
494 49 100
494 225 100
494 382 100
494 418 100
494 463 100
495 74 100
495 355 100
496 235 100
497 14 100
497 25 100
497 368 100
498 386 100
498 497 100
