142 139 100
165 426 100
110 257 100
210 486 100
446 96 100
153 139 100
144 245 100
301 128 100
389 379 100
140 100 100
393 94 100
407 353 100
464 417 100
374 483 100
83 42 100
155 141 100
469 139 100
8 393 100
311 249 100
299 210 100
254 455 100
86 391 100
412 173 99
354 239 99
269 426 99
128 3 99
327 44 99
192 156 99
92 44 99
82 7 99
218 316 99
146 322 99
125 304 99
329 47 99
18 205 99
289 280 99
490 317 99
305 225 99
334 467 99
443 266 99
465 374 99
459 94 99
478 338 99
15 373 99
199 474 99
379 492 99
420 385 99
239 292 99
370 410 99
476 372 99
119 31 99
462 166 99
240 148 99
182 144 99
22 447 99
281 374 98
495 255 98
117 377 98
169 436 98
318 288 98
109 28 98
74 340 98
241 357 98
238 461 98
53 71 98
192 154 98
0 94 98
46 82 98
141 164 98
58 241 98
242 342 98
177 147 98
298 376 98
416 359 98
146 79 98
238 299 98
250 383 98
414 319 98
317 53 98
54 461 98
418 434 97
358 376 97
210 462 97
119 211 97
56 333 97
116 264 97
428 145 97
187 182 97
411 402 97
213 364 97
38 234 97
42 282 97
462 430 97
223 413 97
431 29 97
39 208 97
335 12 97
162 308 97
431 133 97
40 162 97
188 274 97
455 260 97
411 16 97
376 113 97
300 444 97
307 138 97
293 88 96
322 403 96
338 181 96
315 42 96
433 9 96
161 324 96
361 123 96
188 422 96
238 468 96
319 198 96
486 48 96
296 37 96
197 236 96
19 483 96
234 304 96
230 224 96
175 303 96
389 45 96
416 193 96
445 414 96
325 385 96
162 199 96
401 123 96
261 81 96
248 381 96
115 309 96
477 489 96
97 213 96
61 99 96
64 210 96
324 134 95
84 217 95
292 390 95
216 82 95
285 224 95
489 130 95
353 86 95
109 439 95
350 191 95
254 488 95
481 10 95
6 143 95
445 46 95
437 77 95
421 104 95
477 433 95
242 211 94
129 449 94
199 204 94
131 164 94
132 189 94
491 34 94
122 67 94
103 284 94
209 52 94
308 408 94
457 481 94
219 377 94
359 358 94
150 476 94
354 418 94
308 344 94
413 430 94
173 433 94
470 241 94
83 221 94
207 306 94
147 33 94
62 86 94
79 373 94
483 269 94
443 79 94
300 463 94
316 437 94
491 386 94
25 285 94
138 118 94
97 205 94
265 167 94
300 438 94
93 227 94
218 83 94
306 451 94
211 445 94
399 145 94
94 263 94
241 105 94
65 361 94
31 17 94
20 467 94
341 118 94
403 337 94
276 388 94
296 299 94
30 346 93
89 354 93
61 121 93
290 293 93
89 288 93
446 142 93
465 289 93
491 363 93
303 5 93
474 46 93
15 19 93
1 128 93
354 68 93
384 389 93
152 181 93
361 134 93
137 408 93
451 19 93
292 491 93
280 268 93
265 144 93
38 232 93
416 306 93
169 396 93
370 492 93
142 328 93
436 316 93
454 85 93
163 207 93
221 338 93
99 476 93
488 247 93
7 240 92
331 132 92
264 492 92
107 412 92
317 197 92
286 229 92
32 183 92
270 335 92
375 203 92
191 62 92
208 328 92
45 114 92
451 446 92
222 182 92
259 208 92
366 216 92
264 453 92
283 209 92
93 238 92
61 486 92
10 391 92
495 459 92
411 59 92
225 281 92
174 356 92
118 342 92
93 410 92
307 182 92
262 183 92
170 305 92
43 190 92
15 396 91
321 346 91
468 242 91
66 19 91
44 111 91
4 420 91
365 383 91
33 48 91
448 322 91
161 153 91
153 485 91
242 387 91
41 171 91
443 220 91
386 156 91
23 295 91
418 39 91
327 469 91
34 259 91
193 412 91
426 417 91
439 124 91
257 203 91
495 59 91
95 321 91
76 130 91
23 195 91
115 57 91
62 105 91
257 58 91
24 136 91
124 35 91
292 207 91
493 426 91
340 196 91
480 221 91
163 156 91
99 400 91
160 199 91
371 488 91
411 205 91
416 197 91
228 494 90
116 153 90
133 329 90
313 259 90
195 86 90
54 294 90
116 70 90
160 271 90
127 402 90
15 424 90
209 59 90
466 36 90
256 454 90
167 102 90
461 399 90
177 280 90
138 53 90
461 322 90
444 207 90
213 91 90
68 271 90
406 358 90
147 161 90
372 239 90
206 231 90
382 247 90
88 58 90
383 164 90
457 117 90
127 329 90
27 401 90
458 469 90
162 464 90
304 74 90
311 328 90
297 163 90
229 159 90
198 428 89
392 201 89
446 102 89
328 484 89
393 421 89
243 400 89
110 133 89
92 115 89
453 22 89
181 35 89
276 405 89
350 459 89
146 45 89
251 85 89
87 418 89
40 372 89
423 254 89
416 270 89
94 377 89
223 76 89
349 280 89
197 292 89
240 37 89
52 136 89
88 189 89
229 230 89
487 134 89
33 125 89
482 120 89
314 362 89
320 491 89
486 98 88
218 42 88
381 420 88
19 128 88
299 192 88
320 397 88
452 196 88
81 55 88
433 118 88
345 466 88
448 164 88
25 23 88
149 365 88
451 459 88
305 32 88
6 248 88
470 150 88
205 436 88
317 82 88
384 298 88
243 42 88
100 380 88
251 220 88
16 456 88
83 210 88
366 311 88
260 132 88
135 445 88
285 164 88
268 133 88
373 456 88
431 24 88
228 258 88
58 201 88
136 265 88
369 17 87
187 142 87
299 111 87
52 62 87
475 472 87
382 450 87
363 95 87
131 345 87
302 443 87
314 306 87
76 128 87
222 493 87
322 53 87
364 138 87
348 141 87
364 0 87
318 140 87
99 396 87
317 268 87
387 175 87
47 135 87
63 20 87
139 5 87
488 44 87
348 31 87
344 134 87
77 417 87
352 306 87
41 248 87
102 22 87
174 129 86
23 243 86
227 230 86
1 54 86
90 375 86
210 375 86
182 377 86
264 298 86
213 81 86
3 90 86
171 236 86
114 447 86
248 142 86
167 153 86
378 440 86
296 373 86
210 170 86
247 71 86
491 180 86
22 226 86
82 449 86
138 369 86
341 180 86
449 163 86
73 59 86
104 433 86
490 350 86
380 262 86
414 176 86
462 143 86
163 221 86
125 427 86
18 441 86
52 449 86
30 142 85
11 492 85
331 435 85
31 432 85
300 302 85
373 232 85
465 230 85
408 54 85
494 238 85
350 347 85
293 50 85
114 200 85
28 242 85
393 51 85
219 126 85
167 247 85
336 208 85
302 454 85
243 359 85
458 1 85
429 91 85
462 324 85
422 312 85
346 3 85
64 345 85
331 139 85
270 187 85
100 47 84
348 433 84
268 477 84
28 247 84
483 226 84
152 21 84
120 103 84
340 11 84
461 320 84
27 166 84
477 357 84
95 379 84
437 16 84
479 158 84
451 315 84
167 428 84
266 388 84
430 5 84
77 61 84
319 484 84
223 170 84
334 356 84
41 101 84
64 398 84
191 426 84
256 398 84
157 67 84
36 37 84
222 197 83
129 465 83
218 30 83
209 231 83
390 90 83
341 2 83
147 438 83
212 210 83
489 29 83
198 52 83
460 362 83
447 253 83
430 70 83
82 175 83
323 404 83
268 29 83
215 50 83
478 362 83
310 230 83
76 397 83
380 85 83
471 445 83
144 26 83
378 168 83
318 466 83
403 2 83
288 34 83
373 241 82
77 184 82
406 55 82
28 236 82
285 181 82
2 239 82
325 98 82
185 367 82
211 36 82
157 216 82
418 423 82
179 452 82
72 171 82
314 481 82
149 334 82
109 141 82
469 266 82
181 307 82
410 288 82
163 233 82
58 327 82
421 446 82
170 83 82
379 304 82
156 220 82
398 67 82
125 173 82
209 269 82
249 315 82
194 431 82
227 136 82
467 218 82
125 185 82
124 272 82
279 345 82
157 207 82
460 412 82
405 42 82
241 174 81
71 217 81
283 94 81
340 266 81
460 92 81
365 160 81
16 69 81
51 392 81
168 209 81
472 91 81
210 115 81
121 386 81
357 327 81
232 123 81
64 459 81
433 53 81
117 361 81
462 316 81
437 282 81
475 117 81
282 404 81
78 418 81
489 422 81
184 340 80
322 327 80
203 44 80
291 385 80
350 15 80
96 340 80
174 150 80
282 270 80
193 267 80
488 342 80
44 235 80
249 303 80
256 24 80
307 268 80
413 380 80
0 395 80
341 240 80
269 248 80
258 206 80
416 355 80
290 110 80
38 50 80
412 125 80
106 190 80
475 331 80
181 331 80
397 162 80
28 71 80
150 186 80
215 15 79
462 482 79
494 31 79
128 414 79
89 409 79
129 294 79
218 410 79
188 455 79
377 498 79
219 341 79
384 121 79
354 162 79
467 166 79
245 40 79
150 369 79
121 357 79
446 333 79
232 363 79
324 91 79
445 394 79
468 147 79
444 312 79
359 302 79
2 264 79
295 365 79
36 45 79
158 393 79
385 450 79
410 87 79
9 194 79
270 91 79
384 496 79
54 487 79
118 230 79
90 365 79
311 144 79
455 350 78
147 413 78
106 172 78
308 144 78
313 273 78
207 463 78
199 222 78
472 245 78
336 167 78
190 61 78
483 329 78
195 436 78
298 408 78
150 187 78
110 239 78
341 410 78
493 36 78
215 142 78
393 376 78
482 309 78
318 6 78
271 247 78
129 326 78
158 321 78
233 378 78
259 98 78
115 12 78
278 282 78
9 254 78
443 309 78
199 378 78
358 173 78
43 323 78
234 83 77
403 481 77
492 399 77
381 419 77
462 470 77
487 393 77
6 359 77
178 124 77
307 400 77
308 421 77
91 142 77
135 471 77
408 352 77
403 456 77
165 73 77
444 223 77
455 305 77
189 18 77
231 210 77
402 408 77
18 31 77
239 42 77
480 170 77
166 147 77
479 318 77
133 197 77
40 457 77
481 98 77
311 109 77
438 210 76
201 456 76
460 56 76
200 271 76
482 288 76
340 352 76
410 241 76
483 432 76
50 214 76
102 140 76
489 391 76
264 309 76
69 152 76
150 323 76
365 309 76
450 384 76
190 54 76
239 414 76
203 155 76
214 431 76
258 384 76
26 260 76
214 345 76
157 105 76
34 7 76
379 81 76
250 46 76
322 395 76
212 340 76
355 305 76
174 63 76
74 357 75
186 292 75
468 437 75
71 367 75
54 270 75
43 446 75
81 387 75
154 93 75
498 348 75
325 282 75
416 17 75
226 304 75
355 125 75
221 49 75
29 87 75
93 177 75
58 488 75
343 346 75
263 359 75
344 129 75
81 49 75
28 361 75
370 289 75
43 295 75
273 456 75
278 112 75
466 100 75
365 269 75
65 85 75
114 369 75
239 0 75
468 495 75
351 281 75
499 459 75
406 200 75
238 146 75
404 386 74
85 156 74
368 446 74
241 433 74
110 455 74
174 263 74
213 43 74
214 305 74
285 311 74
57 23 74
131 456 74
157 403 74
5 328 74
240 26 74
131 242 74
311 76 74
318 387 74
273 357 74
243 45 74
281 11 74
467 242 74
51 126 74
83 31 74
418 249 74
183 421 74
9 109 73
276 328 73
280 424 73
304 393 73
170 181 73
30 201 73
62 91 73
472 3 73
470 83 73
475 496 73
144 106 73
24 287 73
219 7 73
33 484 73
408 486 73
255 325 73
269 467 73
455 400 73
244 487 73
183 42 73
82 195 73
347 202 73
134 57 73
485 19 73
293 117 73
336 486 73
15 286 73
46 121 73
137 14 73
185 213 73
458 138 73
282 8 73
465 72 73
47 100 73
463 335 73
86 31 73
377 411 72
13 467 72
422 60 72
487 23 72
83 69 72
218 0 72
115 69 72
304 422 72
59 419 72
291 342 72
222 396 72
99 89 72
193 4 72
358 308 72
9 407 72
330 207 72
367 49 72
312 50 72
297 432 72
270 274 72
175 14 72
243 343 72
402 56 72
456 467 72
341 401 72
413 226 72
149 181 72
60 493 72
113 272 72
481 127 72
308 24 72
121 126 72
20 475 72
381 455 71
138 399 71
420 376 71
282 117 71
284 220 71
420 269 71
312 220 71
323 20 71
421 82 71
151 318 71
312 284 71
17 400 71
60 237 71
371 99 71
306 380 71
366 189 71
459 440 71
171 363 71
98 193 71
60 210 71
189 222 71
462 309 71
399 346 71
271 301 71
291 202 71
23 482 71
407 25 71
139 276 71
259 27 71
280 380 71
315 28 71
455 77 70
410 329 70
289 359 70
396 423 70
298 424 70
114 105 70
126 461 70
289 341 70
434 112 70
464 373 70
433 337 70
108 481 70
321 171 70
228 216 70
358 248 70
411 340 70
344 275 70
337 40 70
424 222 70
65 245 70
176 49 70
377 369 70
12 161 70
28 400 70
341 131 70
399 448 70
63 304 70
216 486 70
365 85 70
266 490 70
337 147 70
157 317 70
62 31 70
41 192 70
189 59 70
244 455 70
187 62 70
316 279 69
192 224 69
450 64 69
413 57 69
278 145 69
380 415 69
183 91 69
390 108 69
122 107 69
382 492 69
412 429 69
312 419 69
36 268 69
332 325 69
372 291 69
220 140 69
349 272 69
90 89 69
438 4 69
280 446 69
175 81 69
6 112 69
73 324 69
398 273 69
33 194 69
114 217 69
63 380 69
372 393 68
273 346 68
19 271 68
424 92 68
303 445 68
338 31 68
291 77 68
484 47 68
194 224 68
334 282 68
421 463 68
377 384 68
142 210 68
412 29 68
360 170 68
222 398 68
45 283 68
204 321 68
74 75 68
66 182 68
367 230 68
180 430 68
438 385 68
232 419 68
472 111 68
270 476 68
302 270 68
119 449 68
465 195 68
29 129 68
157 191 68
69 82 68
39 249 67
238 477 67
92 49 67
20 171 67
115 117 67
468 129 67
472 485 67
185 223 67
397 140 67
204 238 67
251 29 67
440 446 67
106 229 67
398 346 67
35 225 67
197 244 67
240 422 67
409 22 67
120 248 67
217 308 67
357 15 67
388 64 67
251 366 67
0 286 67
433 410 67
367 432 67
142 398 66
444 342 66
451 266 66
264 41 66
34 322 66
133 183 66
178 247 66
458 367 66
473 407 66
203 383 66
121 260 66
451 260 66
206 353 66
419 490 66
57 72 66
449 478 66
86 261 66
259 286 66
312 410 66
488 9 66
64 480 66
32 451 66
374 213 66
471 447 66
183 32 66
69 282 66
374 476 66
449 14 65
138 312 65
67 236 65
89 463 65
139 84 65
179 16 65
294 200 65
399 178 65
185 27 65
291 238 65
234 240 65
464 26 65
350 224 65
98 296 65
202 442 65
45 123 65
275 198 65
357 393 65
144 331 65
426 470 65
273 353 65
299 64 65
51 449 65
46 471 65
2 309 65
496 199 65
1 308 65
249 320 65
168 179 65
226 469 65
333 36 65
30 121 65
235 188 65
236 156 65
14 250 65
50 87 64
363 53 64
368 106 64
145 432 64
487 407 64
459 88 64
110 359 64
333 269 64
33 478 64
473 25 64
451 60 64
86 7 64
341 282 64
477 105 64
471 365 64
258 41 64
152 206 64
496 120 64
120 387 64
179 7 64
53 16 64
97 145 64
55 271 64
230 408 64
275 171 64
346 295 64
384 35 64
150 28 64
221 282 63
492 389 63
362 199 63
365 331 63
201 53 63
120 489 63
349 102 63
152 161 63
267 107 63
205 271 63
299 198 63
212 377 63
8 171 63
289 104 63
407 365 63
491 315 63
34 42 63
17 467 63
143 163 63
200 359 63
318 181 63
146 55 63
113 289 63
157 491 63
334 239 63
168 449 63
311 61 63
297 287 63
429 118 63
105 125 63
29 350 63
251 413 63
460 262 63
350 50 63
352 104 63
416 445 63
433 477 63
156 253 63
484 181 62
159 251 62
241 429 62
240 241 62
186 245 62
294 114 62
423 152 62
200 5 62
83 363 62
309 312 62
349 366 62
258 51 62
120 370 62
317 403 62
349 34 62
70 283 62
84 128 62
189 482 62
436 403 62
76 146 62
425 231 62
56 284 62
49 229 62
264 18 62
357 366 62
445 138 62
308 326 62
460 364 62
32 213 62
184 106 62
212 105 62
255 47 62
29 264 62
322 390 62
378 497 62
149 217 62
343 56 62
433 358 62
13 409 62
77 373 62
386 331 62
395 281 61
313 248 61
202 490 61
109 181 61
222 113 61
490 130 61
350 255 61
172 266 61
378 89 61
100 102 61
432 130 61
6 97 61
454 1 61
195 91 61
109 201 61
0 313 61
177 275 61
313 498 61
433 129 61
161 243 61
465 392 61
64 123 61
415 101 61
87 43 61
467 414 61
313 485 61
126 200 61
171 191 61
50 226 61
331 19 60
322 376 60
102 25 60
390 240 60
446 489 60
153 76 60
80 35 60
89 355 60
350 401 60
395 330 60
422 99 60
420 126 60
373 390 60
229 102 60
120 214 60
128 258 60
420 249 60
332 345 60
222 485 60
308 20 60
92 468 60
241 390 60
232 389 60
319 84 60
448 63 60
102 315 60
359 295 60
446 98 60
320 370 60
30 180 60
261 389 59
161 464 59
44 438 59
273 203 59
305 112 59
273 65 59
329 417 59
485 138 59
218 464 59
251 329 59
98 275 59
477 117 59
259 482 59
412 149 59
251 481 59
184 473 59
51 65 59
222 187 59
398 378 59
428 365 59
469 201 59
62 365 59
366 212 59
389 227 59
443 265 59
142 489 59
0 214 59
348 240 59
303 482 59
398 235 59
342 365 59
222 52 59
170 337 59
368 14 59
279 468 59
51 204 59
145 365 59
335 456 59
281 182 59
492 205 58
204 354 58
251 235 58
289 324 58
367 228 58
490 264 58
293 410 58
477 164 58
253 463 58
391 76 58
84 275 58
150 74 58
3 346 58
339 186 58
163 399 58
437 232 58
494 474 58
391 443 58
272 224 58
127 316 58
210 388 58
385 332 58
336 345 58
370 394 58
272 2 57
439 268 57
403 332 57
173 288 57
343 333 57
25 379 57
218 101 57
434 241 57
409 226 57
467 154 57
7 106 57
129 496 57
22 420 57
9 201 57
180 490 57
356 422 57
130 282 57
356 454 57
144 460 57
216 327 57
483 392 57
124 328 57
320 332 57
133 349 57
360 367 57
300 22 57
91 65 57
46 481 57
200 151 56
377 212 56
209 266 56
25 445 56
124 300 56
109 196 56
382 218 56
455 95 56
161 444 56
334 62 56
300 163 56
146 474 56
213 444 56
75 23 56
179 204 56
200 250 56
437 420 56
226 413 56
262 219 56
436 372 56
400 391 56
63 128 56
277 177 56
46 109 56
105 373 56
71 458 56
50 68 56
169 443 56
219 156 56
0 36 56
274 451 56
58 192 56
442 255 56
223 477 56
481 444 56
424 442 56
435 43 55
35 432 55
69 160 55
150 479 55
187 397 55
287 496 55
405 332 55
78 4 55
185 102 55
346 27 55
111 182 55
115 449 55
125 271 55
57 47 55
100 260 55
345 149 55
317 202 55
224 406 55
254 414 55
221 62 55
164 71 55
256 131 55
317 355 55
290 148 55
495 456 55
452 228 55
84 101 54
248 430 54
269 280 54
103 326 54
489 364 54
439 403 54
208 292 54
35 290 54
157 175 54
308 346 54
323 91 54
420 308 54
124 164 54
106 33 54
446 347 54
255 194 54
418 84 54
94 326 54
415 133 54
328 341 54
55 325 54
479 109 54
178 420 54
164 6 54
96 60 54
81 123 54
4 55 54
267 334 54
395 442 54
215 394 54
250 215 54
100 465 54
184 117 53
42 386 53
74 19 53
135 394 53
280 128 53
195 243 53
362 439 53
3 15 53
328 384 53
449 360 53
290 364 53
238 70 53
357 94 53
131 12 53
209 14 53
177 457 53
40 274 53
420 35 53
103 222 53
315 139 53
30 156 53
321 106 53
331 369 53
429 14 53
198 417 53
180 308 53
432 348 53
20 279 53
173 256 53
370 361 52
208 319 52
227 362 52
465 237 52
344 473 52
104 474 52
146 373 52
25 224 52
491 109 52
263 173 52
474 283 52
225 358 52
359 163 52
245 107 52
414 369 52
38 292 52
82 135 52
313 144 52
486 312 52
409 14 52
497 217 52
398 283 52
27 170 52
31 370 52
382 149 52
285 418 52
76 4 51
375 307 51
122 93 51
151 221 51
327 230 51
456 110 51
390 466 51
240 176 51
314 86 51
300 382 51
173 469 51
264 303 51
34 279 51
58 378 51
307 385 51
87 323 51
84 398 51
486 288 51
330 56 51
16 142 51
63 350 51
142 499 51
206 213 51
435 142 51
259 464 51
239 190 51
429 401 51
167 8 51
239 125 51
325 455 51
343 431 50
447 400 50
499 197 50
92 471 50
112 315 50
367 115 50
123 429 50
305 388 50
455 490 50
398 393 50
150 129 50
102 342 50
211 342 50
494 201 50
182 364 50
33 105 50
478 371 50
102 94 50
88 5 50
169 63 50
143 24 50
361 428 50
330 258 50
362 385 50
67 101 50
194 198 50
444 192 50
9 304 50
197 166 49
72 89 49
198 72 49
113 428 49
21 455 49
367 452 49
371 493 49
244 197 49
443 78 49
207 395 49
354 391 49
139 111 49
493 126 49
447 301 49
2 56 49
364 230 49
185 232 49
20 351 49
404 422 49
183 364 49
121 363 49
470 358 49
35 21 49
484 75 49
119 68 49
104 274 49
36 346 49
227 271 49
113 103 49
135 238 49
227 361 48
433 161 48
473 387 48
65 464 48
163 66 48
325 103 48
466 325 48
488 243 48
131 4 48
183 317 48
61 128 48
34 400 48
165 409 48
186 464 48
455 435 48
270 358 48
477 144 48
341 262 48
139 441 48
162 323 48
3 420 48
281 214 48
415 229 48
272 41 48
114 497 48
139 298 48
281 83 48
179 167 48
150 136 48
458 258 47
479 83 47
160 292 47
227 163 47
234 5 47
183 343 47
86 66 47
448 355 47
305 431 47
371 482 47
281 368 47
359 193 47
347 60 47
61 132 47
182 178 47
16 97 47
431 82 47
66 297 47
314 443 47
32 395 47
56 236 47
330 98 47
293 121 46
357 314 46
482 400 46
439 257 46
40 34 46
209 214 46
160 180 46
366 302 46
297 97 46
454 51 46
48 481 46
358 276 46
210 261 46
142 225 46
275 219 46
104 365 46
93 67 46
90 301 46
471 159 46
385 420 46
410 266 46
209 29 46
19 441 46
484 355 46
262 48 46
172 459 46
92 202 46
8 247 46
461 430 46
494 45 46
270 190 45
320 90 45
93 264 45
248 108 45
206 325 45
75 452 45
321 35 45
415 72 45
321 298 45
116 444 45
391 149 45
334 301 45
473 35 45
444 58 45
202 451 45
134 480 45
129 284 45
319 403 45
467 192 45
293 448 45
141 153 45
21 476 45
340 456 44
157 205 44
204 253 44
33 163 44
339 371 44
196 494 44
139 62 44
354 423 44
362 227 44
74 428 44
395 134 44
276 87 44
242 249 44
55 60 44
138 475 44
407 263 44
148 61 44
227 349 44
182 312 44
247 350 44
285 6 44
68 330 44
54 328 44
240 332 44
238 73 44
99 436 44
131 375 44
371 37 44
170 253 44
199 191 43
472 288 43
136 145 43
483 220 43
164 102 43
401 351 43
371 71 43
118 305 43
313 29 43
329 219 43
270 376 43
376 339 43
352 49 43
375 314 43
90 193 43
369 489 43
107 320 43
188 476 43
126 277 43
181 52 43
228 58 43
407 164 43
310 309 43
456 281 43
4 350 43
112 199 43
225 204 43
80 272 43
182 282 42
374 430 42
165 175 42
235 478 42
233 211 42
99 163 42
286 95 42
60 412 42
112 287 42
86 178 42
491 139 42
175 395 42
468 260 42
365 0 42
143 398 42
405 116 42
157 33 42
368 47 42
258 342 42
381 167 42
235 302 42
37 340 42
73 308 42
404 153 42
406 1 42
343 347 42
393 325 42
115 196 42
430 140 42
409 383 42
185 471 42
71 23 42
472 364 42
228 37 42
22 129 42
18 30 42
143 344 42
15 275 42
68 446 41
218 296 41
483 191 41
241 328 41
429 330 41
12 58 41
457 217 41
55 189 41
378 316 41
185 33 41
161 166 41
126 226 41
347 36 41
151 283 41
251 213 41
417 369 41
330 186 41
85 7 41
225 370 41
439 244 41
395 290 41
276 392 41
362 233 41
146 196 41
51 290 41
77 335 41
473 66 41
124 159 41
167 4 41
496 72 41
41 439 41
250 94 41
269 306 41
340 395 41
355 332 41
326 279 41
243 15 41
24 105 40
382 493 40
61 309 40
243 413 40
388 485 40
320 85 40
300 232 40
256 460 40
95 49 40
317 137 40
430 467 40
102 152 40
261 77 40
175 424 40
10 170 40
34 14 40
224 338 40
370 219 40
175 164 40
63 279 39
70 2 39
117 212 39
249 48 39
224 379 39
375 5 39
490 300 39
461 189 39
283 116 39
136 302 39
57 200 39
42 139 39
498 50 39
11 30 39
427 79 39
56 431 39
62 444 39
288 219 39
321 48 39
405 209 39
326 154 39
256 375 39
191 210 39
10 166 39
63 21 39
148 229 39
113 385 39
254 320 39
345 386 39
31 64 39
359 316 39
410 338 39
71 270 39
476 323 39
172 16 38
489 434 38
487 115 38
95 259 38
376 242 38
153 395 38
330 161 38
298 98 38
97 8 38
283 263 38
356 144 38
408 15 38
166 106 38
43 132 38
312 491 38
48 419 38
379 68 38
249 466 38
294 14 38
378 387 38
497 476 38
398 83 38
286 20 38
422 195 38
370 305 38
160 363 38
263 339 38
396 73 38
315 184 38
321 1 38
198 62 38
375 288 38
100 497 37
295 78 37
55 104 37
493 10 37
448 32 37
56 58 37
4 438 37
136 490 37
212 491 37
352 486 37
460 70 37
328 423 37
353 364 37
474 353 37
417 452 37
265 164 37
365 168 37
71 40 37
74 427 37
281 416 37
13 192 37
422 452 37
160 182 37
268 485 37
222 237 37
327 242 36
453 371 36
356 145 36
107 76 36
151 395 36
391 79 36
422 267 36
404 83 36
377 306 36
435 281 36
236 451 36
405 265 36
141 118 36
114 32 36
439 413 36
463 300 36
30 423 36
171 185 36
209 398 36
25 446 36
214 317 36
154 465 36
274 329 36
354 205 36
84 496 36
170 85 36
141 416 35
397 441 35
446 215 35
141 424 35
70 371 35
377 155 35
142 250 35
16 259 35
239 43 35
369 282 35
308 109 35
164 256 35
25 372 35
56 279 35
404 351 35
416 451 35
20 414 35
479 130 35
137 379 35
316 460 35
283 171 35
401 34 35
351 413 35
344 264 35
368 337 35
335 95 35
176 101 35
114 134 35
41 482 35
179 288 35
49 157 35
436 221 35
160 29 35
79 371 34
36 312 34
123 413 34
203 160 34
138 452 34
482 212 34
16 338 34
132 153 34
337 284 34
491 461 34
35 456 34
300 472 34
394 83 34
422 172 34
128 490 34
411 326 34
303 373 34
385 182 34
186 395 34
284 325 34
165 214 34
269 275 34
389 11 34
134 245 34
469 140 34
407 423 34
194 163 34
420 204 34
186 458 34
146 351 33
362 240 33
247 169 33
467 362 33
348 117 33
474 374 33
171 237 33
409 470 33
55 357 33
266 81 33
388 205 33
427 460 33
118 271 33
318 408 33
316 458 33
28 388 33
309 346 33
409 192 33
266 86 33
260 262 33
279 299 33
0 410 33
152 407 33
198 123 33
276 69 33
130 183 33
226 149 32
258 178 32
437 446 32
319 261 32
123 230 32
153 359 32
90 431 32
159 411 32
390 139 32
336 15 32
243 29 32
434 180 32
19 55 32
226 88 32
126 106 32
184 50 32
427 419 32
149 262 32
120 423 32
112 366 32
424 231 32
392 315 32
344 444 32
3 222 32
299 116 32
4 43 32
410 445 31
147 110 31
301 477 31
0 402 31
320 469 31
168 426 31
96 371 31
290 94 31
241 93 31
418 181 31
458 404 31
58 497 31
185 239 31
377 178 31
425 476 31
267 50 31
311 200 31
227 179 31
51 241 31
116 438 31
50 122 31
165 129 31
395 318 31
256 477 31
381 0 31
284 367 31
83 215 31
440 221 31
403 77 30
12 290 30
90 374 30
140 130 30
59 398 30
97 13 30
256 243 30
80 195 30
8 424 30
29 392 30
298 412 30
436 424 30
83 459 30
2 242 30
129 228 30
457 466 30
145 275 30
409 355 30
173 72 30
348 47 30
141 134 30
475 132 30
169 51 30
153 367 30
408 221 30
37 44 30
121 379 30
392 173 30
43 394 30
40 298 30
151 348 30
25 254 30
312 356 30
51 220 30
363 186 30
344 370 30
111 28 30
431 123 29
375 18 29
219 315 29
8 104 29
302 98 29
364 237 29
65 303 29
195 120 29
251 169 29
85 317 29
204 463 29
420 301 29
283 496 29
400 473 29
181 94 29
352 194 29
141 175 29
245 353 29
61 60 29
415 157 29
473 155 29
176 306 29
89 255 29
103 149 29
339 436 29
109 343 29
413 286 29
242 390 29
60 441 29
314 446 29
101 249 29
151 341 28
398 160 28
398 75 28
200 293 28
354 176 28
411 201 28
176 80 28
359 284 28
499 270 28
264 265 28
75 135 28
477 429 28
254 218 28
333 480 28
32 219 28
154 175 28
485 294 28
58 89 28
383 442 28
219 18 28
366 318 28
312 326 28
225 120 27
211 324 27
84 492 27
432 437 27
78 89 27
421 377 27
67 32 27
309 440 27
314 419 27
135 74 27
213 379 27
313 35 27
44 60 27
267 92 27
263 112 27
60 418 27
454 419 27
172 61 27
218 143 27
250 293 27
270 419 27
118 225 27
72 286 27
20 107 27
51 248 27
109 381 27
351 147 27
204 456 27
177 346 27
314 305 27
46 249 26
383 369 26
344 141 26
151 102 26
396 433 26
183 258 26
282 345 26
68 499 26
152 88 26
374 286 26
370 470 26
200 27 26
355 206 26
392 42 26
344 239 26
354 192 26
388 73 26
486 436 26
321 341 26
58 365 26
119 128 26
247 348 26
295 213 26
254 288 26
92 326 26
111 495 25
274 25 25
436 85 25
368 157 25
150 70 25
139 255 25
303 404 25
235 231 25
139 483 25
494 87 25
170 479 25
166 262 25
178 243 25
192 86 25
43 318 25
230 161 25
279 260 25
432 316 25
177 80 25
90 188 25
468 164 25
193 156 25
199 349 25
146 308 25
140 121 25
8 50 25
325 162 25
24 327 25
405 312 25
54 497 24
142 19 24
358 292 24
113 446 24
26 475 24
216 479 24
442 164 24
244 405 24
293 178 24
381 280 24
271 368 24
428 394 24
233 445 24
123 248 24
61 433 24
128 53 24
244 6 24
270 109 24
256 192 24
55 224 24
155 12 24
61 386 24
463 448 24
293 264 24
419 468 24
78 233 24
444 363 24
53 499 24
112 332 24
126 45 24
39 7 24
174 114 24
426 343 24
18 365 24
293 389 24
415 432 24
473 138 24
39 206 24
151 361 24
192 235 24
267 237 24
273 392 23
292 9 23
360 398 23
280 150 23
30 8 23
151 53 23
452 165 23
3 214 23
9 42 23
280 305 23
299 48 23
112 256 23
43 60 23
313 83 23
496 438 23
51 203 23
189 215 23
33 391 23
328 127 23
354 279 23
15 219 23
195 207 23
385 124 23
409 176 23
210 465 23
249 108 23
384 307 23
64 29 23
396 131 23
162 450 23
242 392 23
398 280 23
7 148 23
412 389 23
75 442 22
453 149 22
322 351 22
413 71 22
44 215 22
395 354 22
105 240 22
163 201 22
44 461 22
148 379 22
375 452 22
97 320 22
257 334 22
156 142 22
178 160 22
96 316 22
433 345 22
35 271 22
222 5 22
73 224 22
396 260 22
320 176 22
14 277 22
396 208 22
354 47 22
48 3 22
160 343 22
343 482 22
227 364 22
399 82 22
266 229 22
55 398 22
153 487 22
299 279 22
256 434 22
41 264 21
478 443 21
189 452 21
118 127 21
84 379 21
420 446 21
348 133 21
127 376 21
428 62 21
102 0 21
83 382 21
67 80 21
332 78 21
98 76 21
67 446 21
169 139 21
228 428 21
495 103 21
487 477 21
362 126 21
365 318 21
87 74 21
106 151 20
299 391 20
429 8 20
32 190 20
68 286 20
166 199 20
418 186 20
199 328 20
142 121 20
296 112 20
40 363 20
393 151 20
453 494 20
386 369 20
331 353 20
331 351 20
13 374 20
315 369 20
305 279 20
180 40 20
341 214 20
83 484 20
221 194 20
72 325 19
71 342 19
26 257 19
194 357 19
228 235 19
163 24 19
306 70 19
231 195 19
195 464 19
434 33 19
78 479 19
269 320 19
350 304 19
457 300 19
388 243 19
353 184 19
158 463 19
169 213 19
21 467 19
106 20 19
103 110 19
38 27 19
429 320 19
396 425 19
326 437 19
273 278 19
312 441 19
435 462 19
10 201 19
424 279 19
470 333 19
51 499 19
12 376 19
78 98 19
49 367 18
458 472 18
418 283 18
17 322 18
406 489 18
373 293 18
191 17 18
237 478 18
350 279 18
130 482 18
367 445 18
262 157 18
285 55 18
361 113 18
294 81 18
82 110 18
12 371 18
435 272 18
204 146 18
455 399 18
460 462 18
496 416 18
402 446 18
108 497 17
209 233 17
476 48 17
284 85 17
189 311 17
295 452 17
341 219 17
8 132 17
24 486 17
219 302 17
157 481 17
89 369 17
329 71 17
484 234 17
342 210 17
188 297 17
276 369 17
420 232 17
255 476 17
358 213 17
262 430 17
439 37 17
225 83 17
193 399 17
51 452 17
486 411 17
276 30 17
134 326 16
284 130 16
226 447 16
483 405 16
294 495 16
48 79 16
126 205 16
442 475 16
408 350 16
62 93 16
218 490 16
233 459 16
263 444 16
108 135 16
61 292 16
33 95 16
452 394 16
330 18 16
215 370 16
75 417 16
250 12 16
191 154 16
224 347 16
121 207 16
351 81 16
233 400 16
409 302 16
240 1 16
370 81 16
285 54 16
159 193 16
29 232 16
20 31 16
30 393 16
51 325 15
494 381 15
317 331 15
64 408 15
272 150 15
157 414 15
84 222 15
454 58 15
372 360 15
339 119 15
450 359 15
431 235 15
230 365 15
79 399 15
195 465 15
138 453 15
41 333 15
43 159 15
141 205 15
459 402 15
450 314 15
343 186 15
109 402 15
264 256 15
21 302 14
209 373 14
440 361 14
331 399 14
407 137 14
53 332 14
463 298 14
162 49 14
270 457 14
121 45 14
470 218 14
302 337 14
194 133 14
310 369 14
115 417 14
332 372 14
495 386 14
425 180 14
33 291 14
494 469 14
177 256 14
175 413 14
419 455 14
117 224 14
233 360 14
77 156 14
50 427 14
167 235 14
394 38 14
33 427 14
346 332 14
363 230 13
27 48 13
476 80 13
307 346 13
368 2 13
377 304 13
223 244 13
208 371 13
243 290 13
380 210 13
29 166 13
374 25 13
95 58 13
119 283 13
264 175 13
147 207 13
317 409 13
185 94 13
318 192 13
265 26 13
204 261 13
130 29 13
442 364 13
10 49 13
430 211 13
87 334 13
487 333 13
8 287 12
210 292 12
499 190 12
322 272 12
236 498 12
425 94 12
299 106 12
39 92 12
460 37 12
391 269 12
470 135 12
164 110 12
345 448 12
209 23 12
36 21 12
304 491 12
50 210 12
232 368 12
50 63 12
101 236 12
203 54 12
435 379 12
50 109 12
186 198 12
259 311 12
322 419 12
431 479 12
232 314 12
16 364 12
299 182 11
35 239 11
131 319 11
374 372 11
451 294 11
48 456 11
69 231 11
82 126 11
326 117 11
434 456 11
67 210 11
455 148 11
393 104 11
207 311 11
339 233 11
143 468 11
99 365 11
204 291 11
337 322 11
339 275 11
11 300 11
221 321 11
56 381 11
431 68 11
170 332 11
374 400 11
460 130 11
455 459 11
6 0 10
376 451 10
117 229 10
275 92 10
365 204 10
211 343 10
186 173 10
95 55 10
446 229 10
262 391 10
86 458 10
185 191 10
417 379 10
395 346 10
47 297 10
22 256 10
60 87 10
251 397 10
474 435 10
299 206 10
211 367 10
365 123 10
385 289 10
236 387 10
362 323 10
376 25 9
471 448 9
396 397 9
293 45 9
4 481 9
108 28 9
120 98 9
33 289 9
125 408 9
8 113 9
32 28 9
82 192 9
401 84 9
395 432 9
198 412 9
66 445 9
75 118 9
234 282 9
350 256 9
396 58 9
299 278 9
302 291 9
186 65 9
363 124 9
248 189 9
211 411 9
444 365 9
433 203 9
262 303 9
180 121 9
327 271 9
434 22 9
328 214 9
257 5 9
141 479 8
220 306 8
147 469 8
409 12 8
46 28 8
25 421 8
198 162 8
232 157 8
237 23 8
57 71 8
50 110 8
48 355 8
466 465 8
376 485 8
420 362 8
37 183 8
268 87 8
287 381 8
14 59 8
258 274 8
470 461 8
193 157 8
455 270 8
365 32 8
469 371 8
64 133 8
463 104 8
469 68 8
249 294 8
154 254 7
123 204 7
269 372 7
306 287 7
7 153 7
404 32 7
259 306 7
7 445 7
201 358 7
31 155 7
296 278 7
365 165 7
16 426 7
432 40 7
226 262 7
412 362 7
363 428 7
95 315 7
336 425 7
47 205 6
191 308 6
35 89 6
468 97 6
466 319 6
290 140 6
382 180 6
281 389 6
338 343 6
216 304 6
230 216 6
424 172 6
451 81 6
119 38 6
440 184 6
109 371 6
84 495 6
451 56 6
118 403 6
110 331 6
279 245 6
463 341 6
18 16 6
390 12 6
83 177 6
250 140 6
76 437 6
85 234 6
427 316 6
126 319 6
113 421 6
326 469 6
39 233 6
475 435 6
162 409 5
167 414 5
49 479 5
132 106 5
421 376 5
143 355 5
419 484 5
16 340 5
221 298 5
255 352 5
476 199 5
239 390 5
255 480 5
288 234 5
452 150 5
211 28 5
129 351 5
21 234 5
45 196 5
478 6 5
353 473 5
363 59 5
101 102 5
458 454 5
82 212 4
181 102 4
303 91 4
231 217 4
393 23 4
7 46 4
347 460 4
93 310 4
344 394 4
419 81 4
366 98 4
497 281 4
412 407 4
149 117 4
338 255 4
87 451 4
40 188 4
178 156 4
160 110 4
91 307 4
420 297 4
374 8 4
125 455 4
131 330 4
265 384 4
453 266 4
211 189 4
174 275 4
147 319 4
462 332 4
75 153 4
182 351 4
433 201 4
49 161 4
352 442 3
383 119 3
327 212 3
24 332 3
483 498 3
29 122 3
18 384 3
91 354 3
465 270 3
33 239 3
399 454 3
451 169 3
27 456 3
20 423 3
468 354 3
22 419 3
159 136 3
139 98 3
354 179 3
32 333 3
169 45 3
268 276 3
406 188 3
27 159 3
471 481 3
440 433 3
204 258 3
16 256 3
277 323 3
479 385 3
230 362 3
405 74 3
424 174 3
482 216 2
251 50 2
19 72 2
110 206 2
379 92 2
36 182 2
116 459 2
304 153 2
339 29 2
240 199 2
485 79 2
93 292 2
234 0 2
135 288 2
222 288 2
363 411 2
38 321 2
399 405 2
242 240 2
371 231 2
227 273 2
405 129 2
70 164 2
339 259 2
338 322 1
53 187 1
198 483 1
454 451 1
464 222 1
12 489 1
118 59 1
299 429 1
25 31 1
431 192 1
248 195 1
179 120 1
371 154 1
180 83 1
104 171 1
336 53 1
133 121 1
31 207 1
390 301 1
78 150 1
237 463 1
139 163 1
480 416 1
441 243 1
255 268 1
145 174 1
309 123 1
214 430 1
38 188 1
7 363 1
145 102 1
274 200 1
202 307 1
