1 0 96
0 1 96
2 1 100
1 2 91
3 2 100
2 3 100
4 3 95
3 4 100
5 4 100
4 5 100
1 5 94
5 1 94
2 5 100
5 2 100
4 5 96
5 4 90
1 6 100
6 1 100
3 6 100
6 3 97
0 6 100
6 0 97
1 7 100
7 1 100
7 7 100
7 7 100
1 7 90
7 1 93
0 8 96
8 0 92
3 8 95
8 3 92
1 8 93
8 1 93
1 9 100
9 1 98
7 9 83
9 7 95
0 9 90
9 0 97
0 10 100
10 0 100
0 10 94
10 0 100
6 10 96
10 6 85
3 11 97
11 3 95
7 11 93
11 7 91
10 11 97
11 10 96
5 12 100
12 5 100
2 12 96
12 2 100
5 12 95
12 5 81
6 13 100
13 6 100
5 13 95
13 5 97
1 13 99
13 1 88
12 14 100
14 12 100
8 14 98
14 8 96
12 14 98
14 12 89
13 15 100
15 13 100
13 15 93
15 13 87
15 15 100
15 15 100
10 16 97
16 10 99
11 16 95
16 11 100
15 16 92
16 15 91
0 17 98
17 0 96
3 17 92
17 3 100
12 17 100
17 12 100
1 18 99
18 1 100
0 18 98
18 0 76
5 18 99
18 5 97
0 19 98
19 0 100
3 19 95
19 3 100
10 19 93
19 10 90
0 20 95
20 0 96
6 20 95
20 6 100
12 20 87
20 12 90
5 21 100
21 5 100
0 21 100
21 0 95
5 21 86
21 5 98
9 22 93
22 9 100
4 22 100
22 4 98
19 22 94
22 19 100
1 23 98
23 1 100
23 23 100
23 23 100
0 23 93
23 0 89
12 24 93
24 12 98
15 24 100
24 15 100
0 24 97
24 0 95
8 25 94
25 8 93
21 25 99
25 21 98
1 25 94
25 1 97
7 26 100
26 7 98
5 26 95
26 5 100
21 26 96
26 21 100
5 27 100
27 5 100
25 27 100
27 25 100
5 27 88
27 5 96
0 28 100
28 0 92
10 28 100
28 10 98
11 28 97
28 11 95
28 29 95
29 28 100
5 29 97
29 5 98
1 29 100
29 1 91
15 30 100
30 15 100
26 30 100
30 26 100
0 30 96
30 0 98
1 31 95
31 1 97
23 31 100
31 23 100
7 31 94
31 7 95
7 32 100
32 7 100
27 32 96
32 27 100
30 32 96
32 30 98
5 33 90
33 5 87
25 33 87
33 25 95
27 33 100
33 27 94
1 34 100
34 1 91
4 34 98
34 4 93
7 34 94
34 7 100
34 35 100
35 34 91
12 35 93
35 12 97
13 35 92
35 13 100
1 36 90
36 1 95
23 36 95
36 23 96
31 36 100
36 31 99
0 37 100
37 0 96
1 37 100
37 1 99
36 37 100
37 36 100
9 38 100
38 9 100
12 38 100
38 12 93
28 38 97
38 28 100
3 39 92
39 3 96
5 39 92
39 5 94
35 39 91
39 35 97
8 40 98
40 8 96
17 40 95
40 17 100
32 40 98
40 32 96
22 41 97
41 22 100
5 41 97
41 5 98
8 41 100
41 8 95
20 42 97
42 20 93
27 42 96
42 27 100
6 42 91
42 6 100
36 43 90
43 36 95
22 43 97
43 22 98
5 43 98
43 5 93
8 44 95
44 8 96
10 44 97
44 10 100
32 44 96
44 32 97
1 45 96
45 1 95
20 45 96
45 20 97
3 45 100
45 3 99
4 46 96
46 4 99
28 46 100
46 28 99
9 46 97
46 9 97
7 47 89
47 7 100
40 47 97
47 40 100
6 47 98
47 6 93
15 48 91
48 15 95
24 48 96
48 24 100
5 48 97
48 5 88
27 49 100
49 27 95
33 49 89
49 33 98
11 49 88
49 11 85
5 50 98
50 5 91
1 50 85
50 1 97
9 50 92
50 9 100
0 51 87
51 0 99
20 51 100
51 20 100
10 51 93
51 10 100
10 52 94
52 10 96
15 52 87
52 15 95
1 52 100
52 1 100
1 53 95
53 1 100
46 53 100
53 46 96
8 53 100
53 8 100
1 54 96
54 1 90
9 54 94
54 9 97
15 54 95
54 15 82
15 55 100
55 15 97
8 55 87
55 8 100
5 55 98
55 5 90
9 56 100
56 9 90
10 56 96
56 10 94
12 56 92
56 12 93
18 57 99
57 18 100
52 57 88
57 52 96
42 57 96
57 42 88
15 58 89
58 15 89
45 58 97
58 45 97
21 58 96
58 21 93
32 59 100
59 32 99
57 59 89
59 57 95
47 59 95
59 47 94
5 60 98
60 5 100
11 60 95
60 11 99
52 60 99
60 52 90
8 61 97
61 8 95
5 61 96
61 5 89
12 61 100
61 12 100
15 62 83
62 15 91
19 62 100
62 19 100
18 62 95
62 18 91
5 63 88
63 5 98
15 63 100
63 15 93
19 63 100
63 19 95
5 64 73
64 5 97
2 64 100
64 2 100
0 64 96
64 0 85
57 65 96
65 57 100
9 65 97
65 9 96
54 65 99
65 54 90
46 66 90
66 46 96
6 66 100
66 6 99
15 66 95
66 15 93
43 67 93
67 43 95
58 67 100
67 58 100
58 67 100
67 58 96
20 68 96
68 20 96
31 68 94
68 31 100
1 68 97
68 1 90
6 69 100
69 6 95
15 69 94
69 15 93
48 69 97
69 48 99
1 70 98
70 1 100
3 70 92
70 3 92
0 70 92
70 0 91
46 71 100
71 46 95
0 71 85
71 0 99
18 71 99
71 18 92
1 72 100
72 1 100
5 72 98
72 5 100
18 72 100
72 18 93
51 73 96
73 51 100
41 73 97
73 41 100
10 73 99
73 10 97
3 74 96
74 3 91
33 74 93
74 33 85
67 74 100
74 67 88
56 75 100
75 56 96
36 75 93
75 36 100
26 75 99
75 26 100
5 76 100
76 5 97
7 76 100
76 7 97
11 76 100
76 11 97
1 77 97
77 1 96
0 77 89
77 0 98
24 77 96
77 24 96
35 78 100
78 35 100
35 78 96
78 35 99
7 78 94
78 7 87
57 79 96
79 57 87
61 79 93
79 61 100
12 79 97
79 12 88
15 80 84
80 15 97
7 80 100
80 7 88
28 80 96
80 28 97
79 81 95
81 79 94
8 81 91
81 8 95
64 81 100
81 64 95
1 82 86
82 1 100
6 82 95
82 6 100
43 82 100
82 43 95
15 83 98
83 15 86
47 83 87
83 47 98
5 83 100
83 5 93
40 84 89
84 40 100
68 84 99
84 68 91
13 84 95
84 13 89
60 85 100
85 60 100
5 85 100
85 5 100
5 85 96
85 5 95
7 86 100
86 7 93
8 86 96
86 8 90
80 86 97
86 80 100
8 87 99
87 8 96
34 87 95
87 34 94
57 87 100
87 57 98
9 88 100
88 9 100
23 88 95
88 23 100
9 88 93
88 9 92
4 89 97
89 4 95
9 89 100
89 9 100
9 89 87
89 9 99
22 90 96
90 22 100
13 90 95
90 13 95
79 90 98
90 79 95
15 91 95
91 15 87
36 91 92
91 36 100
5 91 93
91 5 92
91 92 99
92 91 100
9 92 100
92 9 97
36 92 100
92 36 95
3 93 98
93 3 91
46 93 95
93 46 98
67 93 87
93 67 97
6 94 99
94 6 94
7 94 95
94 7 96
39 94 100
94 39 100
33 95 96
95 33 96
69 95 99
95 69 100
35 95 100
95 35 95
95 96 100
96 95 98
15 96 96
96 15 87
62 96 100
96 62 95
61 97 100
97 61 99
43 97 100
97 43 100
8 97 100
97 8 94
3 98 95
98 3 95
34 98 95
98 34 100
5 98 96
98 5 82
3 99 95
99 3 100
15 99 95
99 15 96
93 99 100
99 93 99
