38 43 91
68 77 89
40 30 89
30 31 88
11 89 87
85 71 86
83 78 85
22 50 84
39 26 84
79 95 84
72 96 83
53 1 83
3 88 82
78 66 82
65 61 82
87 36 81
87 3 80
90 62 79
71 54 79
83 62 79
84 6 79
49 50 79
98 63 78
32 6 78
62 81 77
94 10 77
42 11 77
23 12 77
49 5 77
49 39 76
8 73 76
99 49 76
34 22 76
53 34 76
47 58 75
97 18 75
1 50 75
30 72 75
59 17 74
16 69 74
33 2 73
53 60 73
81 42 73
50 70 73
77 11 73
94 12 73
22 40 73
69 54 72
61 55 72
57 83 72
51 75 71
94 27 71
71 10 71
8 25 71
25 48 70
20 1 70
23 54 70
94 67 69
96 7 69
47 62 68
39 83 68
25 38 68
68 87 68
66 15 68
37 5 68
89 81 68
37 85 68
70 64 68
61 64 68
27 62 68
40 70 67
52 35 66
26 55 65
33 74 65
9 43 65
61 43 65
45 44 65
49 80 64
33 46 64
41 2 64
70 41 64
61 69 64
19 7 63
67 4 63
57 76 63
39 3 62
41 32 62
61 73 62
31 13 61
49 0 61
3 65 61
30 82 61
0 28 60
7 8 60
12 63 60
63 28 60
64 2 60
20 15 60
79 51 60
97 86 59
57 90 59
6 71 59
95 73 59
72 26 58
80 75 58
82 77 58
4 17 57
8 84 57
95 18 56
48 67 56
23 46 56
88 30 56
56 35 55
25 2 54
17 42 54
67 97 54
24 38 54
55 28 54
49 86 53
21 84 53
40 37 52
16 56 51
98 66 51
59 92 51
15 89 51
39 88 51
92 18 50
74 39 50
24 97 50
89 87 50
69 86 49
62 66 49
19 92 49
35 18 49
34 24 49
65 62 48
6 66 48
83 81 48
81 61 48
79 14 47
15 14 47
74 86 47
19 30 47
5 2 46
14 2 46
29 22 45
19 21 45
65 35 45
21 64 45
98 80 44
95 88 44
17 56 43
95 51 43
88 7 43
47 2 42
44 27 42
10 24 42
3 93 41
65 70 40
68 86 40
9 27 38
23 47 38
20 39 38
30 46 37
1 58 37
79 52 37
63 21 37
86 15 37
89 13 36
53 74 36
20 81 36
82 31 35
36 5 35
19 48 35
59 71 35
86 77 35
63 12 35
91 95 35
10 58 34
8 88 34
61 26 34
34 87 34
14 47 33
17 76 33
95 83 32
32 64 32
49 16 32
83 43 31
31 20 31
40 5 30
33 14 30
40 34 30
42 59 30
9 51 29
66 76 29
86 56 28
3 78 28
27 95 28
42 8 27
79 65 27
8 31 27
22 41 27
9 6 27
86 11 27
95 60 27
5 94 26
44 53 26
2 12 26
44 42 26
74 62 26
29 95 25
60 75 25
82 94 25
46 27 25
70 19 25
59 63 25
65 47 24
40 63 24
54 99 24
94 20 23
84 91 23
89 8 23
58 67 22
70 24 22
6 92 22
37 49 21
7 0 21
35 75 21
74 32 21
58 81 20
28 43 20
9 17 20
19 79 20
58 37 19
90 36 19
18 59 19
46 69 18
64 34 18
49 31 18
83 53 18
45 90 18
88 39 17
65 30 16
58 6 16
10 52 16
2 46 16
34 5 15
15 22 14
57 37 14
97 85 14
72 93 14
0 37 14
79 98 14
51 11 13
79 13 13
22 89 13
65 5 13
63 70 12
95 71 12
55 99 12
0 65 11
7 83 11
90 96 11
86 64 11
87 11 10
58 78 10
2 73 9
59 2 9
99 66 9
68 4 9
25 12 9
82 89 8
54 60 8
70 8 7
60 95 7
66 37 7
91 67 7
35 32 6
75 3 6
13 3 6
19 94 6
67 12 5
94 41 5
73 84 5
68 82 5
82 33 5
78 83 5
57 27 4
78 19 4
28 64 4
95 33 3
58 76 3
68 15 2
46 17 2
42 91 2
54 95 1
67 13 1
91 83 1
87 32 1
24 7 1
