0 1 100
1 2 100
2 3 100
3 4 100
4 5 100
5 2 100
5 4 100
5 5 100
6 2 100
6 4 100
6 4 100
7 0 100
7 2 100
7 5 100
8 3 100
8 3 100
8 5 100
9 7 100
9 5 100
9 2 100
10 2 100
10 5 100
10 0 100
11 2 100
11 9 100
11 6 100
12 2 100
12 5 100
12 6 100
13 4 100
13 12 100
13 1 100
14 1 100
14 2 100
14 9 100
15 9 100
15 3 100
15 2 100
16 3 100
16 4 100
16 2 100
17 2 100
17 10 100
17 11 100
18 1 100
18 2 100
18 3 100
19 1 100
19 2 100
19 8 100
20 4 100
20 9 100
20 10 100
21 0 100
21 14 100
21 16 100
22 3 100
22 0 100
22 1 100
23 22 100
23 12 100
23 4 100
24 10 100
24 2 100
24 4 100
25 1 100
25 9 100
25 16 100
26 3 100
26 2 100
26 16 100
27 14 100
27 6 100
27 27 100
28 12 100
28 2 100
28 19 100
29 2 100
29 12 100
29 27 100
30 2 100
30 4 100
30 1 100
31 0 100
31 2 100
31 9 100
32 16 100
32 22 100
32 19 100
33 4 100
33 5 100
33 12 100
34 2 100
34 29 100
34 2 100
35 25 100
35 9 100
35 6 100
36 29 100
36 3 100
36 2 100
37 20 100
37 9 100
37 22 100
38 1 100
38 6 100
38 15 100
39 4 100
39 29 100
39 21 100
40 12 100
40 14 100
40 0 100
41 9 100
41 3 100
41 32 100
42 14 100
42 18 100
42 2 100
43 27 100
43 38 100
43 1 100
44 36 100
44 44 100
44 6 100
45 30 100
45 45 100
45 9 100
46 2 100
46 34 100
46 42 100
47 39 100
47 12 100
47 31 100
48 5 100
48 42 100
48 8 100
49 37 100
49 9 100
49 5 100
50 11 100
50 29 100
50 14 100
51 2 100
51 16 100
51 49 100
52 22 100
52 6 100
52 37 100
53 2 100
53 19 100
53 2 100
54 2 100
54 29 100
54 30 100
55 6 100
55 9 100
55 12 100
56 12 100
56 35 100
56 41 100
57 2 100
57 40 100
57 38 100
58 13 100
58 18 100
58 43 100
59 12 100
59 16 100
59 35 100
60 52 100
60 3 100
60 35 100
61 3 100
61 26 100
61 30 100
62 6 100
62 2 100
62 19 100
63 7 100
63 20 100
63 61 100
64 45 100
64 41 100
64 3 100
65 35 100
65 32 100
65 10 100
66 42 100
66 55 100
66 23 100
67 9 100
67 2 100
67 11 100
68 7 100
68 61 100
68 2 100
69 5 100
69 4 100
69 36 100
70 39 100
70 3 100
70 2 100
71 9 100
71 2 100
71 19 100
72 5 100
72 2 100
72 2 100
73 11 100
73 5 100
73 12 100
74 5 100
74 15 100
74 42 100
75 44 100
75 3 100
75 18 100
76 17 100
76 21 100
76 28 100
77 12 100
77 39 100
77 5 100
78 66 100
78 65 100
78 3 100
79 2 100
79 15 100
79 36 100
80 45 100
80 11 100
80 29 100
81 47 100
81 39 100
81 5 100
82 18 100
82 49 100
82 2 100
83 2 100
83 39 100
83 18 100
84 32 100
84 45 100
84 10 100
85 1 100
85 14 100
85 47 100
86 44 100
86 75 100
86 78 100
87 5 100
87 85 100
87 22 100
88 48 100
88 86 100
88 33 100
89 6 100
89 41 100
89 28 100
90 30 100
90 62 100
90 5 100
91 2 100
91 54 100
91 3 100
92 60 100
92 12 100
92 25 100
93 73 100
93 83 100
93 34 100
94 63 100
94 77 100
94 12 100
95 70 100
95 20 100
95 2 100
96 2 100
96 5 100
96 19 100
97 20 100
97 81 100
97 2 100
98 4 100
98 7 100
98 11 100
99 30 100
99 64 100
99 9 100
100 36 100
100 49 100
100 63 100
101 2 100
101 52 100
101 2 100
102 57 100
102 72 100
102 80 100
103 1 100
103 88 100
103 46 100
104 1 100
104 2 100
104 77 100
105 2 100
105 3 100
105 14 100
106 5 100
106 0 100
106 85 100
107 1 100
107 14 100
107 53 100
108 39 100
108 86 100
108 1 100
109 107 100
109 2 100
109 1 100
110 6 100
110 29 100
110 37 100
111 88 100
111 2 100
111 14 100
112 20 100
112 49 100
112 63 100
113 18 100
113 103 100
113 0 100
114 101 100
114 5 100
114 7 100
115 32 100
115 2 100
115 3 100
116 12 100
116 80 100
116 14 100
117 14 100
117 87 100
117 2 100
118 80 100
118 11 100
118 95 100
119 2 100
119 22 100
119 36 100
120 42 100
120 1 100
120 86 100
121 2 100
121 3 100
121 10 100
122 3 100
122 21 100
122 22 100
123 38 100
123 14 100
123 1 100
124 35 100
124 113 100
124 1 100
125 17 100
125 85 100
125 83 100
126 6 100
126 30 100
126 90 100
127 54 100
127 0 100
127 73 100
128 0 100
128 4 100
128 2 100
129 81 100
129 94 100
129 3 100
130 19 100
130 53 100
130 2 100
131 89 100
131 96 100
131 70 100
132 117 100
132 2 100
132 7 100
133 18 100
133 8 100
133 2 100
134 0 100
134 36 100
134 71 100
135 0 100
135 84 100
135 117 100
136 63 100
136 10 100
136 6 100
137 2 100
137 126 100
137 5 100
138 1 100
138 28 100
138 102 100
139 38 100
139 124 100
139 19 100
140 56 100
140 63 100
140 25 100
141 114 100
141 1 100
141 1 100
142 132 100
142 0 100
142 141 100
143 24 100
143 4 100
143 30 100
144 10 100
144 78 100
144 0 100
145 102 100
145 17 100
145 68 100
146 23 100
146 41 100
146 12 100
147 34 100
147 78 100
147 89 100
148 142 100
148 146 100
148 19 100
149 30 100
149 6 100
149 16 100
150 16 100
150 2 100
150 147 100
151 125 100
151 2 100
151 7 100
152 6 100
152 75 100
152 80 100
153 151 100
153 0 100
153 2 100
154 2 100
154 9 100
154 97 100
155 27 100
155 76 100
155 9 100
156 46 100
156 104 100
156 105 100
157 18 100
157 46 100
157 140 100
158 5 100
158 60 100
158 138 100
159 0 100
159 14 100
159 24 100
160 1 100
160 23 100
160 26 100
161 1 100
161 3 100
161 2 100
162 89 100
162 42 100
162 97 100
163 36 100
163 41 100
163 1 100
164 2 100
164 71 100
164 2 100
165 42 100
165 6 100
165 84 100
166 27 100
166 57 100
166 41 100
167 5 100
167 95 100
167 15 100
168 103 100
168 5 100
168 6 100
169 45 100
169 38 100
169 41 100
170 38 100
170 22 100
170 81 100
171 2 100
171 45 100
171 8 100
172 89 100
172 10 100
172 53 100
173 30 100
173 13 100
173 148 100
174 132 100
174 21 100
174 23 100
175 0 100
175 2 100
175 14 100
176 1 100
176 2 100
176 10 100
177 5 100
177 23 100
177 47 100
178 6 100
178 2 100
178 126 100
179 41 100
179 78 100
179 101 100
180 9 100
180 14 100
180 5 100
181 4 100
181 5 100
181 1 100
182 137 100
182 5 100
182 116 100
183 74 100
183 104 100
183 2 100
184 7 100
184 22 100
184 89 100
185 4 100
185 75 100
185 74 100
186 141 100
186 68 100
186 85 100
187 180 100
187 11 100
187 9 100
188 151 100
188 5 100
188 89 100
189 86 100
189 162 100
189 20 100
190 181 100
190 53 100
190 119 100
191 16 100
191 11 100
191 60 100
192 63 100
192 162 100
192 187 100
193 2 100
193 41 100
193 48 100
194 2 100
194 103 100
194 99 100
195 137 100
195 35 100
195 114 100
196 188 100
196 18 100
196 39 100
197 2 100
197 47 100
197 165 100
198 0 100
198 12 100
198 152 100
199 49 100
199 2 100
199 11 100
200 89 100
200 46 100
200 23 100
201 52 100
201 188 100
201 81 100
202 25 100
202 46 100
202 52 100
203 28 100
203 187 100
203 111 100
204 11 100
204 16 100
204 42 100
205 9 100
205 79 100
205 203 100
206 188 100
206 166 100
206 184 100
207 4 100
207 43 100
207 12 100
208 2 100
208 46 100
208 134 100
209 2 100
209 66 100
209 3 100
210 3 100
210 25 100
210 41 100
211 42 100
211 109 100
211 132 100
212 34 100
212 1 100
212 48 100
213 5 100
213 139 100
213 142 100
214 8 100
214 46 100
214 14 100
215 110 100
215 2 100
215 18 100
216 19 100
216 42 100
216 43 100
217 2 100
217 7 100
217 7 100
218 22 100
218 131 100
218 166 100
219 136 100
219 2 100
219 4 100
220 2 100
220 52 100
220 143 100
221 86 100
221 76 100
221 80 100
222 209 100
222 7 100
222 25 100
223 171 100
223 2 100
223 81 100
224 12 100
224 5 100
224 18 100
225 42 100
225 188 100
225 16 100
226 5 100
226 17 100
226 179 100
227 106 100
227 4 100
227 13 100
228 2 100
228 133 100
228 54 100
229 157 100
229 215 100
229 24 100
230 8 100
230 68 100
230 27 100
231 162 100
231 222 100
231 22 100
232 84 100
232 89 100
232 2 100
233 124 100
233 135 100
233 5 100
234 147 100
234 2 100
234 12 100
235 36 100
235 107 100
235 133 100
236 35 100
236 120 100
236 2 100
237 71 100
237 113 100
237 0 100
238 227 100
238 36 100
238 136 100
239 2 100
239 9 100
239 2 100
240 2 100
240 107 100
240 11 100
241 33 100
241 145 100
241 204 100
242 5 100
242 122 100
242 81 100
243 23 100
243 36 100
243 55 100
244 87 100
244 207 100
244 215 100
245 25 100
245 12 100
245 39 100
246 124 100
246 233 100
246 207 100
247 44 100
247 150 100
247 157 100
248 3 100
248 124 100
248 49 100
249 115 100
249 146 100
249 225 100
250 6 100
250 7 100
250 3 100
251 64 100
251 66 100
251 83 100
252 42 100
252 208 100
252 47 100
253 24 100
253 210 100
253 23 100
254 2 100
254 89 100
254 2 100
255 57 100
255 250 100
255 81 100
256 10 100
256 74 100
256 9 100
257 25 100
257 207 100
257 53 100
258 14 100
258 221 100
258 0 100
259 2 100
259 4 100
259 186 100
260 19 100
260 53 100
260 39 100
261 2 100
261 132 100
261 171 100
262 9 100
262 10 100
262 5 100
263 11 100
263 2 100
263 39 100
264 47 100
264 4 100
264 134 100
265 225 100
265 9 100
265 9 100
266 101 100
266 18 100
266 3 100
267 0 100
267 3 100
267 63 100
268 53 100
268 67 100
268 62 100
269 95 100
269 75 100
269 36 100
270 157 100
270 219 100
270 38 100
271 7 100
271 181 100
271 6 100
272 45 100
272 144 100
272 34 100
273 16 100
273 169 100
273 18 100
274 70 100
274 166 100
274 85 100
275 3 100
275 39 100
275 251 100
276 94 100
276 110 100
276 159 100
277 160 100
277 26 100
277 42 100
278 14 100
278 35 100
278 66 100
279 0 100
279 223 100
279 117 100
280 9 100
280 45 100
280 36 100
281 169 100
281 1 100
281 154 100
282 126 100
282 181 100
282 63 100
283 12 100
283 96 100
283 2 100
284 35 100
284 2 100
284 103 100
285 259 100
285 253 100
285 130 100
286 12 100
286 212 100
286 2 100
287 156 100
287 249 100
287 7 100
288 233 100
288 7 100
288 17 100
289 2 100
289 43 100
289 54 100
290 50 100
290 134 100
290 286 100
291 109 100
291 165 100
291 79 100
292 3 100
292 261 100
292 264 100
293 203 100
293 42 100
293 83 100
294 97 100
294 170 100
294 151 100
295 134 100
295 1 100
295 111 100
296 7 100
296 119 100
296 3 100
297 0 100
297 10 100
297 104 100
298 7 100
298 9 100
298 94 100
299 8 100
299 4 100
299 10 100
300 162 100
300 53 100
300 5 100
301 34 100
301 107 100
301 136 100
302 170 100
302 149 100
302 6 100
303 24 100
303 169 100
303 6 100
304 118 100
304 251 100
304 265 100
305 177 100
305 74 100
305 153 100
306 62 100
306 5 100
306 104 100
307 248 100
307 73 100
307 23 100
308 232 100
308 163 100
308 7 100
309 50 100
309 9 100
309 158 100
310 0 100
310 212 100
310 2 100
311 131 100
311 26 100
311 77 100
312 115 100
312 6 100
312 117 100
313 306 100
313 103 100
313 54 100
314 81 100
314 74 100
314 153 100
315 6 100
315 9 100
315 146 100
316 140 100
316 220 100
316 85 100
317 135 100
317 201 100
317 39 100
318 279 100
318 67 100
318 142 100
319 122 100
319 2 100
319 76 100
320 260 100
320 18 100
320 25 100
321 259 100
321 50 100
321 2 100
322 233 100
322 175 100
322 254 100
323 8 100
323 157 100
323 140 100
324 114 100
324 75 100
324 320 100
325 6 100
325 12 100
325 28 100
326 107 100
326 63 100
326 125 100
327 68 100
327 202 100
327 0 100
328 5 100
328 41 100
328 279 100
329 35 100
329 46 100
329 14 100
330 14 100
330 66 100
330 159 100
331 225 100
331 138 100
331 31 100
332 281 100
332 86 100
332 48 100
333 9 100
333 28 100
333 48 100
334 216 100
334 238 100
334 71 100
335 10 100
335 29 100
335 4 100
336 146 100
336 18 100
336 226 100
337 102 100
337 135 100
337 260 100
338 204 100
338 113 100
338 163 100
339 64 100
339 104 100
339 22 100
340 73 100
340 148 100
340 159 100
341 2 100
341 26 100
341 247 100
342 3 100
342 6 100
342 2 100
343 187 100
343 2 100
343 6 100
344 331 100
344 18 100
344 0 100
345 15 100
345 86 100
345 7 100
346 309 100
346 42 100
346 166 100
347 42 100
347 168 100
347 74 100
348 3 100
348 125 100
348 2 100
349 14 100
349 128 100
349 264 100
350 23 100
350 86 100
350 8 100
351 110 100
351 323 100
351 12 100
352 287 100
352 22 100
352 103 100
353 2 100
353 63 100
353 316 100
354 123 100
354 41 100
354 80 100
355 7 100
355 142 100
355 2 100
356 344 100
356 286 100
356 289 100
357 36 100
357 25 100
357 147 100
358 2 100
358 48 100
358 62 100
359 5 100
359 79 100
359 296 100
360 2 100
360 176 100
360 225 100
361 344 100
361 7 100
361 42 100
362 6 100
362 39 100
362 64 100
363 211 100
363 6 100
363 68 100
364 3 100
364 49 100
364 11 100
365 50 100
365 2 100
365 103 100
366 150 100
366 187 100
366 262 100
367 2 100
367 343 100
367 2 100
368 170 100
368 67 100
368 6 100
369 36 100
369 214 100
369 9 100
370 25 100
370 102 100
370 209 100
371 346 100
371 290 100
371 165 100
372 336 100
372 86 100
372 146 100
373 10 100
373 42 100
373 2 100
374 3 100
374 269 100
374 23 100
375 6 100
375 77 100
375 250 100
376 11 100
376 209 100
376 110 100
377 251 100
377 6 100
377 67 100
378 29 100
378 215 100
378 342 100
379 207 100
379 213 100
379 208 100
380 9 100
380 371 100
380 112 100
381 76 100
381 36 100
381 246 100
382 270 100
382 316 100
382 142 100
383 32 100
383 2 100
383 106 100
384 345 100
384 23 100
384 85 100
385 95 100
385 184 100
385 369 100
386 251 100
386 3 100
386 6 100
387 91 100
387 38 100
387 339 100
388 22 100
388 98 100
388 49 100
389 7 100
389 160 100
389 163 100
390 23 100
390 142 100
390 276 100
391 34 100
391 4 100
391 11 100
392 8 100
392 32 100
392 179 100
393 73 100
393 111 100
393 390 100
394 227 100
394 68 100
394 2 100
395 5 100
395 181 100
395 351 100
396 78 100
396 68 100
396 95 100
397 36 100
397 101 100
397 34 100
398 23 100
398 163 100
398 7 100
399 173 100
399 3 100
399 27 100
400 325 100
400 344 100
400 378 100
401 18 100
401 6 100
401 22 100
402 17 100
402 83 100
402 5 100
403 2 100
403 280 100
403 2 100
404 100 100
404 206 100
404 272 100
405 158 100
405 14 100
405 52 100
406 58 100
406 103 100
406 45 100
407 34 100
407 94 100
407 109 100
408 79 100
408 2 100
408 23 100
409 166 100
409 174 100
409 133 100
410 366 100
410 390 100
410 11 100
411 240 100
411 4 100
411 356 100
412 2 100
412 395 100
412 151 100
413 19 100
413 367 100
413 87 100
414 281 100
414 187 100
414 27 100
415 215 100
415 18 100
415 59 100
416 57 100
416 245 100
416 35 100
417 151 100
417 135 100
417 43 100
418 91 100
418 326 100
418 22 100
419 160 100
419 254 100
419 125 100
420 2 100
420 237 100
420 406 100
421 235 100
421 343 100
421 153 100
422 7 100
422 91 100
422 2 100
423 122 100
423 4 100
423 357 100
424 45 100
424 83 100
424 347 100
425 237 100
425 309 100
425 5 100
426 2 100
426 148 100
426 209 100
427 2 100
427 186 100
427 49 100
428 153 100
428 73 100
428 12 100
429 184 100
429 42 100
429 309 100
430 28 100
430 307 100
430 344 100
431 204 100
431 113 100
431 316 100
432 3 100
432 84 100
432 143 100
433 18 100
433 120 100
433 338 100
434 96 100
434 4 100
434 375 100
435 291 100
435 2 100
435 95 100
436 58 100
436 156 100
436 352 100
437 349 100
437 94 100
437 342 100
438 14 100
438 259 100
438 140 100
439 140 100
439 171 100
439 12 100
440 42 100
440 232 100
440 285 100
441 394 100
441 404 100
441 89 100
442 2 100
442 402 100
442 54 100
443 23 100
443 3 100
443 18 100
444 271 100
444 79 100
444 215 100
445 5 100
445 13 100
445 4 100
446 2 100
446 110 100
446 343 100
447 2 100
447 132 100
447 22 100
448 53 100
448 330 100
448 210 100
449 159 100
449 382 100
449 114 100
450 221 100
450 446 100
450 81 100
451 81 100
451 373 100
451 268 100
452 55 100
452 95 100
452 392 100
453 52 100
453 53 100
453 139 100
454 75 100
454 19 100
454 106 100
455 329 100
455 81 100
455 146 100
456 17 100
456 18 100
456 375 100
457 5 100
457 259 100
457 29 100
458 42 100
458 215 100
458 7 100
459 255 100
459 38 100
459 168 100
460 52 100
460 213 100
460 309 100
461 213 100
461 458 100
461 398 100
462 20 100
462 104 100
462 247 100
463 388 100
463 42 100
463 259 100
464 35 100
464 113 100
464 251 100
465 109 100
465 443 100
465 398 100
466 149 100
466 354 100
466 4 100
467 11 100
467 83 100
467 242 100
468 2 100
468 5 100
468 63 100
469 389 100
469 95 100
469 279 100
470 28 100
470 98 100
470 301 100
471 438 100
471 336 100
471 27 100
472 237 100
472 74 100
472 386 100
473 105 100
473 327 100
473 224 100
474 34 100
474 339 100
474 390 100
475 109 100
475 188 100
475 448 100
476 250 100
476 6 100
476 9 100
477 14 100
477 343 100
477 18 100
478 16 100
478 348 100
478 297 100
479 88 100
479 123 100
479 9 100
480 91 100
480 73 100
480 216 100
481 66 100
481 77 100
481 11 100
482 64 100
482 79 100
482 10 100
483 11 100
483 32 100
483 125 100
484 76 100
484 113 100
484 472 100
485 68 100
485 78 100
485 9 100
486 154 100
486 197 100
486 284 100
487 45 100
487 146 100
487 404 100
488 2 100
488 1 100
488 37 100
489 340 100
489 39 100
489 135 100
490 28 100
490 151 100
490 6 100
491 122 100
491 411 100
491 164 100
492 201 100
492 342 100
492 402 100
493 94 100
493 66 100
493 53 100
494 330 100
494 1 100
494 69 100
495 331 100
495 146 100
495 41 100
496 15 100
496 18 100
496 99 100
497 234 100
497 4 100
497 191 100
498 14 100
498 95 100
498 250 100
499 333 100
499 2 100
499 142 100
