8 329 100
437 398 100
165 317 100
123 79 100
297 6 100
323 105 100
403 60 100
389 118 100
250 176 100
289 104 100
13 285 100
143 450 100
54 244 100
454 494 100
362 458 100
228 56 100
375 52 100
198 207 100
397 307 100
4 43 100
229 100 100
52 122 100
448 170 99
24 307 99
270 388 99
15 29 99
197 275 99
293 32 99
231 233 99
197 303 99
273 282 99
352 6 99
72 204 99
487 102 99
318 224 99
154 226 99
226 461 99
129 322 99
338 174 99
29 457 99
188 301 99
310 195 99
46 486 99
113 406 99
403 492 99
268 364 99
240 12 99
366 418 99
331 316 99
104 110 99
364 177 99
381 16 99
295 385 99
139 445 99
346 382 99
6 442 98
193 22 98
303 68 98
370 243 98
174 124 98
31 212 98
355 463 98
64 222 98
442 296 98
238 312 98
295 463 98
2 275 98
89 27 98
15 349 98
245 215 98
147 50 98
280 221 98
324 238 98
394 144 98
93 170 98
437 341 98
220 245 98
355 356 98
316 447 98
223 253 98
68 430 97
72 131 97
282 196 97
166 70 97
290 104 97
202 460 97
471 483 97
240 150 97
147 473 97
275 98 97
188 132 97
275 313 97
434 181 97
403 308 97
410 85 97
477 275 97
405 178 97
179 144 97
154 297 97
140 79 97
29 448 97
437 342 97
478 387 97
292 291 97
127 24 97
318 285 97
263 383 96
246 149 96
18 335 96
413 12 96
215 354 96
300 479 96
389 206 96
354 114 96
84 183 96
388 362 96
276 41 96
160 394 96
340 239 96
141 424 96
423 383 96
69 411 96
377 126 96
95 481 96
348 491 96
226 192 96
59 413 96
245 120 96
482 154 96
426 22 96
429 141 96
183 221 96
197 377 96
62 92 96
449 167 96
254 464 96
139 212 95
266 426 95
218 165 95
69 219 95
386 384 95
54 239 95
67 449 95
428 493 95
170 330 95
462 168 95
195 141 95
140 266 95
451 492 95
150 149 95
41 265 95
473 116 95
5 264 94
459 255 94
298 178 94
367 226 94
201 74 94
77 184 94
107 94 94
77 287 94
181 192 94
476 400 94
294 363 94
409 460 94
385 330 94
88 365 94
486 346 94
410 40 94
391 417 94
148 382 94
354 278 94
412 310 94
479 41 94
307 426 94
174 251 94
463 163 94
72 332 94
211 246 94
136 138 94
139 74 94
34 458 94
240 496 94
96 436 94
209 409 94
297 373 94
483 364 94
301 58 94
421 261 94
255 425 94
119 173 94
289 367 94
384 30 94
300 390 94
99 412 94
262 493 94
370 57 94
322 61 94
53 307 94
116 447 94
370 430 94
418 257 93
452 1 93
250 457 93
229 85 93
364 477 93
394 405 93
123 425 93
153 105 93
274 117 93
271 393 93
296 47 93
87 32 93
87 414 93
448 248 93
46 64 93
274 244 93
170 326 93
248 448 93
185 263 93
421 437 93
488 239 93
68 197 93
72 256 93
393 214 93
376 65 93
342 373 93
439 383 93
277 447 93
321 456 93
458 363 93
52 314 93
363 462 93
196 116 92
282 339 92
458 426 92
249 461 92
200 257 92
348 7 92
481 168 92
378 90 92
136 352 92
327 441 92
326 16 92
222 348 92
418 8 92
261 290 92
434 417 92
239 37 92
158 466 92
190 185 92
267 437 92
351 271 92
422 370 92
232 109 92
293 257 92
77 83 92
463 481 92
158 242 92
450 291 92
328 472 92
476 312 92
381 423 92
366 437 92
86 123 91
155 362 91
66 218 91
31 140 91
119 213 91
428 197 91
271 473 91
152 31 91
280 349 91
272 237 91
271 334 91
52 265 91
38 405 91
33 267 91
18 226 91
455 475 91
208 207 91
474 250 91
339 384 91
9 278 91
123 367 91
393 336 91
422 472 91
392 322 91
138 256 91
27 270 91
237 484 91
169 344 91
126 486 91
292 207 91
230 482 91
314 308 91
485 180 91
36 231 91
449 73 91
129 479 91
31 79 91
405 312 91
67 185 91
125 428 91
286 180 91
101 92 91
25 70 90
360 227 90
90 432 90
53 299 90
294 149 90
316 345 90
353 302 90
171 193 90
365 34 90
462 270 90
21 28 90
293 398 90
406 268 90
264 451 90
492 499 90
411 27 90
0 285 90
108 128 90
6 453 90
159 44 90
315 336 90
361 135 90
426 456 90
91 180 90
490 98 90
7 400 90
58 495 90
371 109 90
104 254 90
285 118 90
5 325 90
155 279 90
315 288 90
178 394 90
156 145 90
417 64 90
2 14 90
325 444 89
88 192 89
419 128 89
365 328 89
61 32 89
402 456 89
465 474 89
184 214 89
363 336 89
196 23 89
38 386 89
461 444 89
134 403 89
94 387 89
287 475 89
352 133 89
210 245 89
260 137 89
18 190 89
162 63 89
234 432 89
201 367 89
260 145 89
321 327 89
231 288 89
472 101 89
294 69 89
173 366 89
243 3 89
91 7 89
343 359 89
73 22 88
472 194 88
30 310 88
187 225 88
266 335 88
110 238 88
412 369 88
307 476 88
217 465 88
242 462 88
180 385 88
216 27 88
112 348 88
74 171 88
360 427 88
10 420 88
184 238 88
314 1 88
353 401 88
264 271 88
460 175 88
412 72 88
475 30 88
413 82 88
464 406 88
149 179 88
150 387 88
122 409 88
117 233 88
162 327 88
169 67 88
55 110 88
315 411 88
195 446 88
124 351 88
253 61 87
10 314 87
241 409 87
129 189 87
179 193 87
180 442 87
344 490 87
370 459 87
149 393 87
436 237 87
357 399 87
208 215 87
307 272 87
183 404 87
400 128 87
410 426 87
172 74 87
302 293 87
351 154 87
334 280 87
54 167 87
251 98 87
295 24 87
181 418 87
59 225 87
484 405 87
99 352 87
235 89 87
428 368 87
384 445 87
254 422 86
202 25 86
137 256 86
319 241 86
342 439 86
372 392 86
121 413 86
412 17 86
151 46 86
158 297 86
258 158 86
61 138 86
200 154 86
88 30 86
298 148 86
294 399 86
85 290 86
418 258 86
481 422 86
376 152 86
143 225 86
202 434 86
338 284 86
261 71 86
15 34 86
292 481 86
240 288 86
446 471 86
325 486 86
341 383 86
348 280 86
224 288 86
28 135 86
13 259 86
349 477 85
101 282 85
306 0 85
336 462 85
248 385 85
175 105 85
98 194 85
441 26 85
122 166 85
178 401 85
303 97 85
19 233 85
136 344 85
333 229 85
251 349 85
324 429 85
313 447 85
148 211 85
66 2 85
135 294 85
81 342 85
119 6 85
470 221 85
339 61 85
161 52 85
243 313 85
434 95 85
431 353 84
306 307 84
258 128 84
488 67 84
256 426 84
155 409 84
374 339 84
487 35 84
1 214 84
327 389 84
464 366 84
478 350 84
54 91 84
35 261 84
486 421 84
77 74 84
293 92 84
335 142 84
438 150 84
82 4 84
185 256 84
224 333 84
273 479 84
300 438 84
293 17 84
320 130 84
108 49 84
301 297 84
494 13 83
451 184 83
59 88 83
473 176 83
273 227 83
476 486 83
78 252 83
379 302 83
181 201 83
198 336 83
362 409 83
182 451 83
95 346 83
221 247 83
184 434 83
93 76 83
272 422 83
89 29 83
384 438 83
287 132 83
204 285 83
310 352 83
375 360 83
173 140 83
57 497 83
425 354 83
258 135 83
247 92 82
76 49 82
209 134 82
429 406 82
173 104 82
457 45 82
435 141 82
477 426 82
313 117 82
477 180 82
91 86 82
396 335 82
149 451 82
479 456 82
497 172 82
257 286 82
208 348 82
52 191 82
55 391 82
195 226 82
395 390 82
192 124 82
101 196 82
225 453 82
380 254 82
175 338 82
428 301 82
7 124 82
192 12 82
350 497 82
161 244 82
423 336 82
362 389 82
492 448 82
80 435 82
467 444 82
244 328 82
331 94 82
433 251 81
125 497 81
278 83 81
497 33 81
331 132 81
376 202 81
120 475 81
272 230 81
123 231 81
242 275 81
3 312 81
54 407 81
134 4 81
359 496 81
436 399 81
318 439 81
125 202 81
149 477 81
320 342 81
31 109 81
499 51 81
193 122 81
112 73 81
487 238 80
39 493 80
210 280 80
129 97 80
329 10 80
295 225 80
105 39 80
123 200 80
350 422 80
196 432 80
245 363 80
179 303 80
492 353 80
286 471 80
208 429 80
25 334 80
250 146 80
51 391 80
330 223 80
494 133 80
18 277 80
473 14 80
292 114 80
403 240 80
384 433 80
147 23 80
311 279 80
403 140 80
375 47 80
457 289 79
433 331 79
13 206 79
126 42 79
37 442 79
244 134 79
91 60 79
315 312 79
66 136 79
428 82 79
97 129 79
365 418 79
86 85 79
38 209 79
409 47 79
136 405 79
414 355 79
399 121 79
387 200 79
482 313 79
306 459 79
307 179 79
370 30 79
323 276 79
235 449 79
159 138 79
253 214 79
378 310 79
421 222 79
392 0 79
242 150 79
302 415 79
462 80 79
319 356 79
259 475 79
158 327 79
87 318 78
85 73 78
138 174 78
152 38 78
385 237 78
19 315 78
73 128 78
318 166 78
272 9 78
341 481 78
138 495 78
321 285 78
118 137 78
208 201 78
264 298 78
454 232 78
280 132 78
484 275 78
371 294 78
168 123 78
89 381 78
415 375 78
16 277 78
53 308 78
302 216 78
115 425 78
277 134 78
357 10 78
37 87 78
299 43 78
353 169 78
192 335 78
57 312 78
165 80 77
317 107 77
360 470 77
396 420 77
175 85 77
147 492 77
337 123 77
159 68 77
453 58 77
277 257 77
121 47 77
36 336 77
148 92 77
135 44 77
420 248 77
373 238 77
391 315 77
64 281 77
272 315 77
294 54 77
166 405 77
59 155 77
224 353 77
317 282 77
399 499 77
401 332 77
274 161 77
211 256 77
202 143 77
194 464 76
100 393 76
377 147 76
326 20 76
195 299 76
91 424 76
34 70 76
140 223 76
447 232 76
284 9 76
316 451 76
315 174 76
5 358 76
246 136 76
125 383 76
41 69 76
250 425 76
70 219 76
459 360 76
468 456 76
370 301 76
163 487 76
17 373 76
419 360 76
461 279 76
385 197 76
205 191 76
464 95 76
373 93 76
330 125 76
433 265 76
470 208 75
109 489 75
7 132 75
124 236 75
98 262 75
118 324 75
44 301 75
105 288 75
227 271 75
106 137 75
446 338 75
113 197 75
18 224 75
320 2 75
438 193 75
371 346 75
235 240 75
255 180 75
394 227 75
188 406 75
0 468 75
116 427 75
158 461 75
162 463 75
283 227 75
369 425 75
59 164 75
146 87 75
84 469 75
488 278 75
430 148 75
438 145 75
290 22 75
484 424 75
249 423 75
492 222 75
308 375 74
2 416 74
494 134 74
149 481 74
251 137 74
209 261 74
80 183 74
367 353 74
224 96 74
372 224 74
475 365 74
448 336 74
219 424 74
300 431 74
384 273 74
448 9 74
402 61 74
345 11 74
99 253 74
29 334 74
131 429 74
353 442 74
398 381 74
338 250 74
73 38 74
329 263 73
6 0 73
424 23 73
303 61 73
291 369 73
478 278 73
49 338 73
223 128 73
179 227 73
49 482 73
81 70 73
440 28 73
316 487 73
228 47 73
387 303 73
299 125 73
387 467 73
62 397 73
305 13 73
177 267 73
378 143 73
244 377 73
359 158 73
268 211 73
455 20 73
396 332 73
425 86 73
220 67 73
17 256 73
310 394 73
121 256 73
173 81 73
263 354 73
300 287 73
233 42 73
284 44 73
408 66 72
360 158 72
298 33 72
438 262 72
292 337 72
364 64 72
252 221 72
78 334 72
448 76 72
261 478 72
22 360 72
76 40 72
337 252 72
307 315 72
3 248 72
356 201 72
273 290 72
130 313 72
263 180 72
287 131 72
320 87 72
412 41 72
52 263 72
487 427 72
96 354 72
316 484 72
325 456 72
463 45 72
102 75 72
307 391 72
167 231 72
153 437 72
36 39 72
437 93 71
465 313 71
50 423 71
323 217 71
171 128 71
261 299 71
467 459 71
190 217 71
425 297 71
81 259 71
157 58 71
4 17 71
214 162 71
420 440 71
116 94 71
449 229 71
7 32 71
370 338 71
20 173 71
64 404 71
150 227 71
398 88 71
335 75 71
9 298 71
93 49 71
243 163 71
284 374 71
478 68 71
291 38 71
233 428 71
270 309 71
108 468 70
492 284 70
51 266 70
389 340 70
446 482 70
490 465 70
233 43 70
246 39 70
206 100 70
419 225 70
391 140 70
448 36 70
78 355 70
95 486 70
285 369 70
97 440 70
43 375 70
331 137 70
190 159 70
238 379 70
188 452 70
54 494 70
220 200 70
48 311 70
443 142 70
201 243 70
24 448 70
431 387 70
362 329 70
493 358 70
255 77 70
160 63 70
392 430 70
479 450 70
91 46 70
62 272 70
356 191 70
431 442 69
207 425 69
380 329 69
337 253 69
480 300 69
493 14 69
417 272 69
424 167 69
73 392 69
40 430 69
318 356 69
437 119 69
27 181 69
443 18 69
442 53 69
346 266 69
51 350 69
213 401 69
34 190 69
383 117 69
153 245 69
6 422 69
288 361 69
301 231 69
358 151 69
399 159 69
4 438 69
243 278 68
213 95 68
128 274 68
221 424 68
339 156 68
483 93 68
436 398 68
337 361 68
110 107 68
231 369 68
0 174 68
364 378 68
9 436 68
31 152 68
259 254 68
445 258 68
254 457 68
404 346 68
472 463 68
269 318 68
121 490 68
370 413 68
77 377 68
193 321 68
472 100 68
64 160 68
86 386 68
315 144 68
12 148 68
10 457 68
92 113 68
141 190 68
43 434 67
40 474 67
396 50 67
418 490 67
352 35 67
424 156 67
467 189 67
81 267 67
116 145 67
451 333 67
123 254 67
217 172 67
60 351 67
311 339 67
72 83 67
369 414 67
263 237 67
276 347 67
327 471 67
118 202 67
73 310 67
429 489 67
193 138 67
38 392 67
67 38 67
385 7 67
496 57 66
465 34 66
269 328 66
212 478 66
311 165 66
482 341 66
492 9 66
287 85 66
311 246 66
463 50 66
167 124 66
101 118 66
4 424 66
294 182 66
247 185 66
463 264 66
272 494 66
433 288 66
181 462 66
348 407 66
292 4 66
210 310 66
283 334 66
351 88 66
451 472 66
383 453 66
255 481 66
44 48 65
156 124 65
0 278 65
70 255 65
349 52 65
305 231 65
351 102 65
186 360 65
223 247 65
402 174 65
248 490 65
476 245 65
49 452 65
149 164 65
144 382 65
472 220 65
64 17 65
294 36 65
92 361 65
91 286 65
212 87 65
420 434 65
173 10 65
489 72 65
39 208 65
284 219 65
182 199 65
53 244 65
127 57 65
212 169 65
54 193 65
359 332 65
211 215 65
230 496 65
239 369 65
324 155 64
427 200 64
387 37 64
465 15 64
431 229 64
82 425 64
487 14 64
44 464 64
499 163 64
57 445 64
376 449 64
201 382 64
394 67 64
483 240 64
231 56 64
240 314 64
414 313 64
166 272 64
417 433 64
41 229 64
151 82 64
432 252 64
442 336 64
389 220 64
95 69 64
108 199 64
273 143 64
75 156 64
6 78 63
57 213 63
224 344 63
131 198 63
434 62 63
428 122 63
423 148 63
429 221 63
461 363 63
128 298 63
391 425 63
361 407 63
147 37 63
229 404 63
170 61 63
23 175 63
458 322 63
66 205 63
167 338 63
204 231 63
487 121 63
183 466 63
375 15 63
108 383 63
459 430 63
67 58 63
426 199 63
30 468 63
416 475 63
275 54 63
5 280 63
293 77 63
168 76 63
128 463 63
328 485 63
393 126 63
288 90 63
369 112 63
308 228 62
476 181 62
190 475 62
258 443 62
450 22 62
222 15 62
386 43 62
333 56 62
168 143 62
83 180 62
401 493 62
42 466 62
373 284 62
477 229 62
496 397 62
199 473 62
162 79 62
182 416 62
298 283 62
17 379 62
433 460 62
395 183 62
276 242 62
370 45 62
321 39 62
443 334 62
414 64 62
461 118 62
417 107 62
18 29 62
499 220 62
45 135 62
164 29 62
444 402 62
422 105 62
217 239 62
426 151 62
499 248 62
105 361 62
127 309 62
212 207 62
248 377 61
483 14 61
345 419 61
224 69 61
429 414 61
128 370 61
157 385 61
74 148 61
70 384 61
332 434 61
166 397 61
118 343 61
216 394 61
145 48 61
317 152 61
242 131 61
478 181 61
196 193 61
133 448 61
141 274 61
359 239 61
166 225 61
205 75 61
33 277 61
178 467 61
105 382 61
354 284 61
443 175 61
446 134 61
102 367 60
315 178 60
83 37 60
60 8 60
108 100 60
81 288 60
112 347 60
70 362 60
29 496 60
477 472 60
266 18 60
279 421 60
346 146 60
127 481 60
240 62 60
312 328 60
55 449 60
407 383 60
148 202 60
203 116 60
257 2 60
174 131 60
5 74 60
167 25 60
474 26 60
161 68 60
448 240 60
193 295 60
435 261 60
153 312 60
193 424 59
86 328 59
395 69 59
168 431 59
9 91 59
171 178 59
324 307 59
437 456 59
429 447 59
280 156 59
108 365 59
326 295 59
157 348 59
247 339 59
170 224 59
295 192 59
39 200 59
77 479 59
368 437 59
402 290 59
69 39 59
15 276 59
437 131 59
386 169 59
38 60 59
104 75 59
106 34 59
99 27 59
147 55 59
497 325 59
139 430 59
139 437 59
390 171 59
301 338 59
372 5 59
345 390 59
366 122 59
447 152 59
147 22 59
102 169 58
281 61 58
497 332 58
411 187 58
251 339 58
239 246 58
201 125 58
306 217 58
423 253 58
123 324 58
28 476 58
249 298 58
10 346 58
333 456 58
312 355 58
413 3 58
492 359 58
203 124 58
8 263 58
298 381 58
105 176 58
257 210 58
259 364 58
326 343 58
202 487 57
199 98 57
482 306 57
427 207 57
180 281 57
318 151 57
489 444 57
342 397 57
88 388 57
53 277 57
392 189 57
450 350 57
163 262 57
66 483 57
420 255 57
331 53 57
179 18 57
391 238 57
489 60 57
482 394 57
339 100 57
440 101 57
332 43 57
398 342 57
130 462 57
499 57 57
430 52 57
364 469 57
349 266 56
294 33 56
288 437 56
338 143 56
349 323 56
125 406 56
422 45 56
451 74 56
151 350 56
239 355 56
80 209 56
267 174 56
369 269 56
153 10 56
484 385 56
41 355 56
313 346 56
24 374 56
201 331 56
430 43 56
331 278 56
79 55 56
12 416 56
269 162 56
9 110 56
386 151 56
294 448 56
368 398 56
471 375 56
441 252 56
356 34 56
323 275 56
403 229 56
254 64 56
32 243 56
403 343 56
422 12 55
352 335 55
90 341 55
276 431 55
290 105 55
54 245 55
18 222 55
431 205 55
268 55 55
456 84 55
34 320 55
286 190 55
148 18 55
38 455 55
34 160 55
30 196 55
317 99 55
140 123 55
270 330 55
162 371 55
101 41 55
321 251 55
196 119 55
424 353 55
250 333 55
250 169 55
372 259 54
465 2 54
464 486 54
34 212 54
70 479 54
100 396 54
499 459 54
346 164 54
286 322 54
204 371 54
498 91 54
98 99 54
109 409 54
334 232 54
276 125 54
439 92 54
38 34 54
408 217 54
50 391 54
494 404 54
462 124 54
148 40 54
131 470 54
42 298 54
249 263 54
171 158 54
0 261 54
262 90 54
375 475 54
318 60 54
194 238 54
77 164 54
262 329 53
346 399 53
61 238 53
78 349 53
279 492 53
420 120 53
444 42 53
158 412 53
498 338 53
260 81 53
483 490 53
401 376 53
294 310 53
8 318 53
28 408 53
144 72 53
46 10 53
215 258 53
356 160 53
193 417 53
324 245 53
398 479 53
222 31 53
239 261 53
85 112 53
376 66 53
433 140 53
219 266 53
318 469 53
63 471 52
253 93 52
434 425 52
425 492 52
279 442 52
201 6 52
117 161 52
312 466 52
416 321 52
113 338 52
404 432 52
473 338 52
479 434 52
237 362 52
90 89 52
123 474 52
65 455 52
282 32 52
68 46 52
58 472 52
130 421 52
119 71 52
187 333 52
209 459 52
187 289 52
40 312 52
159 336 51
340 442 51
479 51 51
80 180 51
162 469 51
62 123 51
473 185 51
454 194 51
367 258 51
67 484 51
361 16 51
40 243 51
389 185 51
463 466 51
415 12 51
228 272 51
195 301 51
37 138 51
213 162 51
272 288 51
367 8 51
91 317 51
402 382 51
78 323 51
297 107 51
301 45 51
390 231 51
329 102 51
203 17 51
162 289 51
424 379 50
491 228 50
104 435 50
92 264 50
209 214 50
65 298 50
122 370 50
298 288 50
153 61 50
476 234 50
95 228 50
287 139 50
66 35 50
80 414 50
239 160 50
462 40 50
419 400 50
86 119 50
103 187 50
152 44 50
283 336 50
471 252 50
88 491 50
302 319 50
29 228 50
249 417 50
71 356 50
123 270 50
42 265 49
400 24 49
130 284 49
84 213 49
480 171 49
77 317 49
486 327 49
483 411 49
99 405 49
222 341 49
374 62 49
199 84 49
21 462 49
399 155 49
146 442 49
247 496 49
145 438 49
394 425 49
87 176 49
17 362 49
250 40 49
268 447 49
440 31 49
11 272 49
13 146 49
497 127 49
6 211 49
14 354 49
420 193 49
407 168 49
308 183 48
453 149 48
69 25 48
85 293 48
250 433 48
468 465 48
146 150 48
433 335 48
118 456 48
427 165 48
19 493 48
370 368 48
347 353 48
138 252 48
465 303 48
310 356 48
433 4 48
372 433 48
492 211 48
38 149 48
62 307 48
434 19 48
399 101 48
489 91 48
359 216 48
155 34 48
199 402 48
493 291 48
243 127 48
270 224 47
28 98 47
247 144 47
197 331 47
357 144 47
39 139 47
290 324 47
93 4 47
472 457 47
341 300 47
114 343 47
73 84 47
55 497 47
118 81 47
476 369 47
444 302 47
273 18 47
59 389 47
430 473 47
472 490 47
100 232 47
203 74 47
15 136 46
493 268 46
427 318 46
329 362 46
140 110 46
310 346 46
58 132 46
70 476 46
64 431 46
147 88 46
254 49 46
293 350 46
267 272 46
482 278 46
491 378 46
408 114 46
48 373 46
478 156 46
269 245 46
288 113 46
368 218 46
403 432 46
231 384 46
386 133 46
385 358 46
315 104 46
16 116 46
193 318 46
463 325 46
277 206 46
473 494 45
203 300 45
346 128 45
296 34 45
89 79 45
95 369 45
305 258 45
301 145 45
215 63 45
28 353 45
205 25 45
216 199 45
134 149 45
369 359 45
358 318 45
348 251 45
58 198 45
145 420 45
294 235 45
301 453 45
94 252 45
497 5 45
101 389 44
302 191 44
180 496 44
4 271 44
418 445 44
294 171 44
227 393 44
459 493 44
297 384 44
125 366 44
135 104 44
488 129 44
238 491 44
485 217 44
249 89 44
476 315 44
5 6 44
213 338 44
137 402 44
244 116 44
41 27 44
317 440 44
55 84 44
236 52 44
303 249 44
330 412 44
346 344 44
12 441 44
405 326 44
431 444 43
12 215 43
137 38 43
304 291 43
380 459 43
70 144 43
455 24 43
469 147 43
357 467 43
460 68 43
228 464 43
149 140 43
179 171 43
404 168 43
299 257 43
196 482 43
472 370 43
254 45 43
397 376 43
17 63 43
112 118 43
294 209 43
358 106 43
381 443 43
335 99 43
162 325 43
287 477 43
495 476 43
192 497 42
94 217 42
68 281 42
410 435 42
270 254 42
137 415 42
322 330 42
284 439 42
306 62 42
25 171 42
306 12 42
433 450 42
233 150 42
4 313 42
182 314 42
446 401 42
499 394 42
303 490 42
315 413 42
97 474 42
150 215 42
58 380 42
138 21 42
246 353 42
144 388 42
1 164 42
197 133 42
388 372 42
482 102 42
26 6 42
301 150 42
460 418 42
128 302 42
179 403 42
264 34 42
340 127 42
409 143 42
145 465 42
362 340 41
140 97 41
474 324 41
389 116 41
248 109 41
144 146 41
0 312 41
341 438 41
427 360 41
212 61 41
346 494 41
148 135 41
257 487 41
124 5 41
195 134 41
106 317 41
154 432 41
334 16 41
430 252 41
253 108 41
304 139 41
441 347 41
269 305 41
2 184 41
147 354 41
361 105 41
467 492 41
177 112 41
101 189 41
410 83 41
234 394 41
355 182 41
115 95 41
451 109 41
49 272 41
125 427 41
411 100 41
283 17 40
274 82 40
443 375 40
257 393 40
393 56 40
63 418 40
414 321 40
448 29 40
377 153 40
267 351 40
426 413 40
238 29 40
370 193 40
397 53 40
50 163 40
90 54 40
239 2 40
326 419 40
342 375 40
260 14 39
168 179 39
214 483 39
64 333 39
75 123 39
69 323 39
28 46 39
112 225 39
140 102 39
120 37 39
283 22 39
250 63 39
260 414 39
435 486 39
387 323 39
116 319 39
419 138 39
229 260 39
94 373 39
166 51 39
242 448 39
451 416 39
384 263 39
112 184 39
208 104 39
119 356 39
375 209 39
201 270 39
403 331 39
408 206 39
66 43 39
418 428 39
248 89 39
81 489 39
276 362 38
141 453 38
243 156 38
223 29 38
194 201 38
300 73 38
257 417 38
354 352 38
287 148 38
316 193 38
128 457 38
427 135 38
457 415 38
368 142 38
357 316 38
67 242 38
493 50 38
100 381 38
166 344 38
346 481 38
67 480 38
243 87 38
46 127 38
133 290 38
190 205 38
69 138 38
251 108 38
369 57 38
272 197 38
51 318 38
205 151 38
56 242 38
412 25 37
309 223 37
126 78 37
243 484 37
50 156 37
219 67 37
55 231 37
151 431 37
145 265 37
169 466 37
246 382 37
89 10 37
74 265 37
138 343 37
154 349 37
137 420 37
26 334 37
466 5 37
301 95 37
340 288 37
25 48 37
206 177 37
38 73 37
165 307 37
137 106 37
140 176 36
10 333 36
485 27 36
271 303 36
39 3 36
153 340 36
480 37 36
103 229 36
289 160 36
115 155 36
96 306 36
44 250 36
351 268 36
8 419 36
156 95 36
68 330 36
464 331 36
427 78 36
15 130 36
0 251 36
293 447 36
290 372 36
60 435 36
72 487 36
89 217 36
241 411 36
438 186 35
218 484 35
30 161 35
498 170 35
122 368 35
337 49 35
108 484 35
41 464 35
431 71 35
290 239 35
114 233 35
162 388 35
148 229 35
8 157 35
144 278 35
348 325 35
217 171 35
197 263 35
393 37 35
25 486 35
415 315 35
410 110 35
472 150 35
103 387 35
137 272 35
433 438 35
54 331 35
479 171 35
350 123 35
414 339 35
25 323 35
484 147 35
202 492 35
133 245 34
468 360 34
201 119 34
249 17 34
171 68 34
140 134 34
425 315 34
117 7 34
99 359 34
64 341 34
263 418 34
171 381 34
476 427 34
359 367 34
276 188 34
294 219 34
317 378 34
379 426 34
335 261 34
95 489 34
491 181 34
129 335 34
434 163 34
344 36 34
287 364 34
45 392 34
52 183 34
413 342 34
9 108 34
127 186 33
237 127 33
478 431 33
1 79 33
443 137 33
463 103 33
241 163 33
195 128 33
43 479 33
87 7 33
46 427 33
16 430 33
289 110 33
454 73 33
412 271 33
233 99 33
271 161 33
62 148 33
403 462 33
389 490 33
269 25 33
119 458 33
234 240 33
341 422 33
334 190 33
51 499 33
428 353 32
105 0 32
333 147 32
13 336 32
227 144 32
398 241 32
38 18 32
193 199 32
416 239 32
111 284 32
217 341 32
313 357 32
354 467 32
10 389 32
337 10 32
185 427 32
141 441 32
312 211 32
462 431 32
72 170 32
214 382 32
280 250 32
402 79 32
368 65 32
375 462 32
177 425 32
172 457 31
203 47 31
263 357 31
55 450 31
455 2 31
266 483 31
287 357 31
239 254 31
116 23 31
367 140 31
394 252 31
258 337 31
183 99 31
262 336 31
63 153 31
461 68 31
454 293 31
85 472 31
323 187 31
148 210 31
466 449 31
156 211 31
310 323 31
218 120 31
207 301 31
395 53 31
331 104 31
393 82 31
499 454 30
441 115 30
439 305 30
163 295 30
126 127 30
135 393 30
347 484 30
319 415 30
231 336 30
248 482 30
442 457 30
468 481 30
299 250 30
253 216 30
405 256 30
354 331 30
190 306 30
191 245 30
127 124 30
325 395 30
15 129 30
489 363 30
129 310 30
298 402 30
136 372 30
481 387 30
491 232 30
331 455 30
283 10 30
303 195 30
157 260 30
137 480 30
380 25 30
101 371 30
35 243 30
422 200 30
410 351 30
403 1 29
258 427 29
106 486 29
147 364 29
246 350 29
350 172 29
100 230 29
486 158 29
28 468 29
352 431 29
468 260 29
392 351 29
132 74 29
462 153 29
473 321 29
86 341 29
51 231 29
1 313 29
410 372 29
208 297 29
313 351 29
228 190 29
257 18 29
72 437 29
10 343 29
300 317 29
480 425 29
58 323 29
417 473 29
94 170 29
7 33 29
42 381 28
430 223 28
378 479 28
155 12 28
271 19 28
402 345 28
277 195 28
281 114 28
35 496 28
43 418 28
313 264 28
408 227 28
367 368 28
106 151 28
469 333 28
352 307 28
296 271 28
101 139 28
492 327 28
72 224 28
243 254 28
364 173 28
225 9 27
80 119 27
45 38 27
54 22 27
1 291 27
241 77 27
331 182 27
242 138 27
276 159 27
26 463 27
232 347 27
334 433 27
176 227 27
253 103 27
406 81 27
241 193 27
212 282 27
254 183 27
458 353 27
254 493 27
269 148 27
200 464 27
275 305 27
46 61 27
126 335 27
205 371 27
273 106 27
213 427 27
164 157 27
152 123 27
39 374 26
336 234 26
224 443 26
286 248 26
24 490 26
11 210 26
354 130 26
313 195 26
353 5 26
473 417 26
107 415 26
208 122 26
79 85 26
178 109 26
20 354 26
95 420 26
339 434 26
328 442 26
492 35 26
98 42 26
122 73 26
39 19 26
142 88 26
332 263 26
345 254 26
317 74 25
52 283 25
307 284 25
118 240 25
289 489 25
434 208 25
431 57 25
266 341 25
328 294 25
20 374 25
405 27 25
132 324 25
42 233 25
91 123 25
257 314 25
371 444 25
318 0 25
390 382 25
314 71 25
280 14 25
23 38 25
368 393 25
272 220 25
395 288 25
41 110 25
58 418 25
239 293 25
219 288 25
197 437 25
184 499 24
305 251 24
107 269 24
58 382 24
417 465 24
112 310 24
282 478 24
67 354 24
141 25 24
69 322 24
236 343 24
302 230 24
28 480 24
285 492 24
453 470 24
420 12 24
381 274 24
480 334 24
436 256 24
268 262 24
147 204 24
309 80 24
20 252 24
470 206 24
185 287 24
285 278 24
79 376 24
243 45 24
292 232 24
31 111 24
385 251 24
113 249 24
319 342 24
398 44 24
266 181 24
64 263 24
90 169 24
360 250 24
257 267 24
237 142 24
286 241 24
368 347 23
284 50 23
129 145 23
410 116 23
244 175 23
445 241 23
279 390 23
285 244 23
118 402 23
129 60 23
365 472 23
435 277 23
290 310 23
204 464 23
366 354 23
406 49 23
261 77 23
25 64 23
379 471 23
163 255 23
56 277 23
139 10 23
163 55 23
496 464 23
268 358 23
179 211 23
108 268 23
130 58 23
242 375 23
373 89 23
120 354 23
251 355 23
309 311 23
241 124 23
421 270 22
4 465 22
370 434 22
427 316 22
469 313 22
138 47 22
172 265 22
297 487 22
393 113 22
211 382 22
442 431 22
163 291 22
114 76 22
164 493 22
259 410 22
157 98 22
327 319 22
391 275 22
430 368 22
70 409 22
393 87 22
357 86 22
489 122 22
295 339 22
272 409 22
430 23 22
437 200 22
163 206 22
371 456 22
464 397 22
344 409 22
391 224 22
283 268 22
111 20 22
77 239 22
398 391 21
369 298 21
121 385 21
432 213 21
291 199 21
142 219 21
493 395 21
451 465 21
436 287 21
355 298 21
55 469 21
470 60 21
254 406 21
183 437 21
208 304 21
188 456 21
462 324 21
371 153 21
478 283 21
42 204 21
370 186 21
320 221 21
358 457 20
283 265 20
79 281 20
129 276 20
437 335 20
339 388 20
54 39 20
106 359 20
399 158 20
9 7 20
473 469 20
206 426 20
365 421 20
122 347 20
1 266 20
67 107 20
52 294 20
276 70 20
20 336 20
233 301 20
137 242 20
14 267 20
257 163 20
170 71 19
405 51 19
418 98 19
210 107 19
204 102 19
242 75 19
112 45 19
95 437 19
429 454 19
452 342 19
289 15 19
213 339 19
483 278 19
384 26 19
119 336 19
2 186 19
458 221 19
300 171 19
32 379 19
478 82 19
219 50 19
316 31 19
232 356 19
442 406 19
478 373 19
233 243 19
107 117 19
141 76 19
296 274 19
410 463 19
46 236 19
111 104 19
184 132 19
374 45 19
278 404 18
447 256 18
426 65 18
80 152 18
484 152 18
255 467 18
164 248 18
83 126 18
134 111 18
282 354 18
272 488 18
469 105 18
286 448 18
6 367 18
497 416 18
442 155 18
27 390 18
15 106 18
491 316 18
112 358 18
314 42 18
137 362 18
196 430 18
492 487 17
81 129 17
380 7 17
226 167 17
306 236 17
112 285 17
407 30 17
224 53 17
57 37 17
335 497 17
66 471 17
461 147 17
354 424 17
274 108 17
414 223 17
10 62 17
488 195 17
406 377 17
117 72 17
394 165 17
171 161 17
120 400 17
65 258 17
461 128 17
327 165 17
227 470 17
45 49 17
90 16 16
131 16 16
412 389 16
77 70 16
194 290 16
225 388 16
399 201 16
471 341 16
80 430 16
222 54 16
385 415 16
431 451 16
351 153 16
365 161 16
493 158 16
495 465 16
471 448 16
8 333 16
369 400 16
161 315 16
409 183 16
7 439 16
64 37 16
259 354 16
212 118 16
29 31 16
224 8 16
196 55 16
406 179 16
239 324 16
259 279 16
416 354 16
301 8 16
84 452 16
87 385 15
279 24 15
381 489 15
273 297 15
407 343 15
58 201 15
47 339 15
120 441 15
268 51 15
143 254 15
203 154 15
32 142 15
159 220 15
321 3 15
213 476 15
219 184 15
223 60 15
118 397 15
237 204 15
378 38 15
222 58 15
367 292 15
388 473 15
451 49 15
164 86 14
47 360 14
196 300 14
98 423 14
490 196 14
346 20 14
320 470 14
256 462 14
63 32 14
210 8 14
16 202 14
260 129 14
178 473 14
67 414 14
474 45 14
245 128 14
0 210 14
387 73 14
70 77 14
225 280 14
4 116 14
55 210 14
381 215 14
225 207 14
59 206 14
168 259 14
34 245 14
62 205 14
485 21 14
337 63 14
343 303 14
231 111 13
76 346 13
28 337 13
266 97 13
187 498 13
252 122 13
24 345 13
321 218 13
408 305 13
137 336 13
318 46 13
317 342 13
482 22 13
200 314 13
141 436 13
68 479 13
59 264 13
499 115 13
498 325 13
341 183 13
374 334 13
214 11 13
328 470 13
44 324 13
409 216 13
237 243 13
265 284 13
338 456 12
284 465 12
105 187 12
446 22 12
118 373 12
217 234 12
150 159 12
219 417 12
59 466 12
318 292 12
220 481 12
362 61 12
497 275 12
165 479 12
399 293 12
112 300 12
79 359 12
312 248 12
127 478 12
474 170 12
288 200 12
485 181 12
427 303 12
499 419 12
439 306 12
446 88 12
426 174 12
187 262 12
368 348 12
406 213 11
180 115 11
43 404 11
366 117 11
318 174 11
88 166 11
140 95 11
4 80 11
104 146 11
473 57 11
48 226 11
169 82 11
1 93 11
433 384 11
314 420 11
401 19 11
171 484 11
236 288 11
297 46 11
441 56 11
499 261 11
393 489 11
351 204 11
124 57 11
423 238 11
269 74 11
465 202 11
244 439 11
370 37 10
329 62 10
102 425 10
431 257 10
445 140 10
434 194 10
314 39 10
470 204 10
297 352 10
24 262 10
370 211 10
319 313 10
356 417 10
309 109 10
230 315 10
430 419 10
356 406 10
254 258 10
380 268 10
177 122 10
294 159 10
144 460 10
376 361 10
328 407 10
230 272 10
146 474 9
13 103 9
263 362 9
115 455 9
327 413 9
226 19 9
325 38 9
179 334 9
154 110 9
93 293 9
27 243 9
183 393 9
98 315 9
1 408 9
443 362 9
262 427 9
104 259 9
226 428 9
115 437 9
340 314 9
154 4 9
65 119 9
376 160 9
312 105 9
431 370 9
469 248 9
129 289 9
417 3 9
40 335 9
197 127 9
101 129 9
94 185 9
330 403 9
146 16 9
331 344 8
256 100 8
300 490 8
164 37 8
274 407 8
454 430 8
89 185 8
221 458 8
412 483 8
484 417 8
114 118 8
250 448 8
361 368 8
86 255 8
273 415 8
77 24 8
7 491 8
458 333 8
246 420 8
93 279 8
259 116 8
296 89 8
436 486 8
6 477 8
243 77 8
450 43 8
90 421 8
202 226 8
268 10 8
482 74 7
324 352 7
476 214 7
465 200 7
422 457 7
232 369 7
280 420 7
234 488 7
6 111 7
493 31 7
399 445 7
27 433 7
134 292 7
90 479 7
138 362 7
53 231 7
314 298 7
453 128 7
265 340 7
266 393 6
177 260 6
83 252 6
61 308 6
193 391 6
19 10 6
494 391 6
107 273 6
398 453 6
33 96 6
119 140 6
389 254 6
449 498 6
369 304 6
315 81 6
144 195 6
57 499 6
499 387 6
102 369 6
167 170 6
382 485 6
326 97 6
459 402 6
408 1 6
112 82 6
331 384 6
429 13 6
424 128 6
462 182 6
56 231 6
472 182 6
270 394 6
297 42 6
497 57 6
479 416 5
179 217 5
114 239 5
278 420 5
439 99 5
483 248 5
262 239 5
416 498 5
73 174 5
325 0 5
472 4 5
407 200 5
32 158 5
412 422 5
381 393 5
299 234 5
375 154 5
311 348 5
112 408 5
98 338 5
283 313 5
403 176 5
11 450 5
495 134 5
15 109 4
354 395 4
364 298 4
465 28 4
163 343 4
312 107 4
277 22 4
153 188 4
33 99 4
226 143 4
151 388 4
341 455 4
360 309 4
427 210 4
330 282 4
427 56 4
266 135 4
456 318 4
399 423 4
14 478 4
444 223 4
418 421 4
128 328 4
52 87 4
377 263 4
347 495 4
3 68 4
415 410 4
411 387 4
321 439 4
274 285 4
354 468 4
366 364 4
424 38 4
27 153 3
284 261 3
237 273 3
76 364 3
346 52 3
171 28 3
47 181 3
479 495 3
271 118 3
158 417 3
161 111 3
458 251 3
402 131 3
292 200 3
223 93 3
424 434 3
141 136 3
341 337 3
202 224 3
314 220 3
230 268 3
168 454 3
320 254 3
114 52 3
279 170 3
389 414 3
193 223 3
330 436 3
480 209 3
468 494 3
202 109 3
106 178 3
353 259 3
209 36 2
73 431 2
288 377 2
429 105 2
388 237 2
20 357 2
497 76 2
4 472 2
467 435 2
74 442 2
285 331 2
85 462 2
157 468 2
344 231 2
190 165 2
251 325 2
76 326 2
129 470 2
203 184 2
401 454 2
28 24 2
481 71 2
60 80 2
282 248 2
317 84 1
4 91 1
55 390 1
116 65 1
232 443 1
424 356 1
489 237 1
169 298 1
176 153 1
195 203 1
120 320 1
371 187 1
410 96 1
254 61 1
488 118 1
212 184 1
239 82 1
376 244 1
324 426 1
164 149 1
176 422 1
429 98 1
216 52 1
11 82 1
54 201 1
302 93 1
268 89 1
229 417 1
11 176 1
0 136 1
281 499 1
378 145 1
313 144 1
