1 0 97
0 1 99
2 1 95
1 2 91
3 2 97
2 3 100
4 3 96
3 4 93
5 4 100
4 5 100
2 5 100
5 2 100
2 5 100
5 2 100
3 5 100
5 3 100
2 6 100
6 2 100
3 6 100
6 3 96
4 6 98
6 4 95
2 7 100
7 2 100
6 7 96
7 6 100
2 7 100
7 2 100
3 8 96
8 3 95
7 8 95
8 7 100
2 8 96
8 2 99
5 9 95
9 5 100
3 9 95
9 3 98
7 9 93
9 7 95
9 10 96
10 9 100
2 10 100
10 2 100
3 10 96
10 3 86
4 11 98
11 4 100
7 11 88
11 7 88
3 11 95
11 3 88
7 12 98
12 7 91
6 12 93
12 6 93
10 12 95
12 10 93
5 13 100
13 5 100
5 13 100
13 5 100
5 13 96
13 5 95
3 14 91
14 3 100
7 14 97
14 7 95
2 14 98
14 2 98
2 15 97
15 2 96
4 15 100
15 4 100
4 15 100
15 4 91
2 16 99
16 2 100
12 16 96
16 12 96
5 16 99
16 5 100
3 17 98
17 3 96
12 17 100
17 12 93
0 17 95
17 0 95
8 18 95
18 8 100
16 18 94
18 16 99
1 18 100
18 1 87
5 19 100
19 5 96
8 19 100
19 8 100
3 19 96
19 3 98
7 20 100
20 7 100
4 20 98
20 4 100
7 20 91
20 7 90
13 21 91
21 13 90
3 21 91
21 3 100
7 21 74
21 7 91
4 22 100
22 4 99
21 22 84
22 21 89
0 22 85
22 0 100
5 23 87
23 5 88
17 23 100
23 17 93
22 23 86
23 22 97
5 24 100
24 5 100
8 24 100
24 8 100
21 24 95
24 21 97
2 25 100
25 2 100
6 25 100
25 6 100
5 25 93
25 5 93
2 26 97
26 2 100
4 26 90
26 4 100
11 26 97
26 11 87
2 27 100
27 2 98
14 27 100
27 14 99
13 27 95
27 13 94
5 28 97
28 5 100
16 28 94
28 16 94
3 28 100
28 3 96
14 29 98
29 14 96
19 29 100
29 19 100
19 29 100
29 19 94
3 30 95
30 3 97
12 30 89
30 12 100
24 30 100
30 24 92
5 31 92
31 5 100
7 31 99
31 7 97
8 31 100
31 8 94
5 32 100
32 5 99
17 32 98
32 17 100
7 32 86
32 7 93
3 33 97
33 3 95
7 33 100
33 7 96
8 33 94
33 8 100
21 34 88
34 21 100
2 34 95
34 2 99
13 34 96
34 13 95
5 35 97
35 5 83
17 35 89
35 17 96
21 35 98
35 21 92
10 36 96
36 10 100
1 36 94
36 1 94
7 36 92
36 7 87
7 37 100
37 7 93
8 37 96
37 8 95
29 37 100
37 29 97
27 38 93
38 27 100
3 38 96
38 3 100
7 38 93
38 7 91
20 39 100
39 20 100
20 39 100
39 20 100
33 39 100
39 33 92
20 40 98
40 20 100
5 40 100
40 5 98
36 40 97
40 36 95
14 41 92
41 14 100
8 41 98
41 8 95
34 41 98
41 34 97
7 42 92
42 7 97
24 42 94
42 24 97
29 42 100
42 29 91
7 43 100
43 7 100
2 43 99
43 2 100
7 43 93
43 7 98
29 44 99
44 29 100
7 44 95
44 7 89
21 44 96
44 21 98
7 45 85
45 7 100
43 45 100
45 43 98
5 45 96
45 5 89
35 46 95
46 35 94
7 46 97
46 7 84
28 46 96
46 28 96
11 47 96
47 11 92
40 47 96
47 40 100
5 47 86
47 5 100
44 48 98
48 44 98
46 48 100
48 46 95
12 48 96
48 12 94
8 49 96
49 8 93
5 49 100
49 5 94
47 49 93
49 47 100
