37 2 95
25 42 89
10 36 87
47 3 86
17 24 85
1 38 85
47 39 83
40 26 82
42 29 82
45 25 82
25 2 82
38 30 79
40 0 77
35 47 77
9 48 77
8 7 76
36 47 76
12 40 75
32 36 75
1 48 75
6 40 75
20 46 74
33 45 74
31 30 74
49 42 73
23 9 73
44 28 72
17 16 72
20 45 71
17 0 71
28 38 71
25 36 71
46 1 70
4 26 70
33 21 69
43 48 69
42 21 69
1 13 69
42 0 68
6 21 68
20 26 67
26 45 66
22 12 66
44 34 65
0 47 65
23 19 63
8 20 63
9 44 62
39 2 61
44 3 59
18 10 59
3 9 59
46 39 59
39 35 58
43 28 58
27 21 58
33 0 58
16 19 58
17 22 57
28 9 57
44 12 56
27 28 56
16 38 56
22 15 55
36 27 54
38 10 53
1 19 52
17 40 52
21 37 52
44 42 51
3 35 51
28 7 50
46 26 47
29 7 45
41 36 44
40 35 42
6 29 42
44 38 41
39 42 40
34 36 39
29 28 38
23 3 37
18 33 35
24 46 35
21 28 35
2 49 34
30 6 34
4 22 33
26 9 33
46 10 32
32 35 31
43 4 30
46 22 30
45 40 29
18 44 28
40 17 27
20 28 26
31 34 26
6 30 25
39 24 25
27 1 24
48 41 24
34 48 23
39 37 22
45 46 22
26 42 21
19 48 21
14 27 21
31 16 20
36 44 20
44 37 19
44 8 19
29 19 19
7 39 18
25 44 17
14 5 17
26 38 17
0 14 17
45 42 15
5 42 15
17 42 15
32 15 14
15 17 13
33 47 13
9 4 13
37 47 12
2 1 11
40 47 10
7 34 10
9 14 10
11 28 10
29 23 9
14 18 8
11 24 7
38 28 7
32 25 6
16 2 5
13 44 5
7 16 4
2 7 4
38 18 3
3 2 3
38 48 3
0 35 2
5 46 2
7 38 2
27 5 1
22 4 1
23 30 1
41 27 1
