24 0 100
0 24 88
42 0 90
0 42 100
62 0 100
0 62 95
84 0 97
0 84 87
142 0 95
0 142 100
155 0 88
0 155 100
160 0 94
0 160 100
28 1 100
1 28 98
57 1 98
1 57 92
128 1 99
1 128 95
15 3 93
3 15 96
60 3 96
3 60 99
79 3 98
3 79 85
130 4 97
4 130 98
139 4 100
4 139 90
173 4 96
4 173 100
1 5 100
5 1 95
71 5 100
5 71 99
90 6 98
6 90 94
198 6 98
6 198 95
51 7 89
7 51 91
176 7 98
7 176 91
31 8 95
8 31 100
57 8 100
8 57 100
98 8 89
8 98 94
99 8 95
8 99 100
108 8 100
8 108 95
105 9 93
9 105 93
159 9 96
9 159 96
197 9 96
9 197 95
49 10 96
10 49 96
53 10 98
10 53 95
72 10 98
10 72 100
100 10 93
10 100 100
108 10 94
10 108 100
116 10 98
10 116 95
119 10 95
10 119 95
124 10 100
10 124 87
27 11 100
11 27 96
68 11 95
11 68 100
145 11 99
11 145 100
172 11 94
11 172 92
33 12 100
12 33 96
86 12 93
12 86 100
47 13 100
13 47 100
102 13 100
13 102 95
126 13 95
13 126 100
153 13 100
13 153 91
8 14 96
14 8 96
22 14 91
14 22 84
79 14 93
14 79 100
107 14 100
14 107 95
156 14 90
14 156 93
39 15 91
15 39 96
72 15 97
15 72 100
96 15 81
15 96 96
108 15 100
15 108 95
177 15 96
15 177 92
19 16 95
16 19 97
29 17 97
17 29 100
88 17 100
17 88 96
190 17 100
17 190 100
76 18 100
18 76 100
80 18 100
18 80 97
1 19 91
19 1 86
79 19 86
19 79 94
118 19 98
19 118 93
138 19 83
19 138 99
162 19 100
19 162 95
195 19 100
19 195 89
24 22 100
22 24 90
62 22 84
22 62 100
121 22 87
22 121 93
130 22 98
22 130 94
75 23 100
23 75 95
11 24 99
24 11 97
16 24 100
24 16 100
187 24 97
24 187 90
186 25 95
25 186 96
55 26 100
26 55 93
126 26 94
26 126 98
51 27 99
27 51 88
83 27 100
27 83 100
86 27 100
27 86 100
161 27 90
27 161 100
199 27 89
27 199 96
111 29 100
29 111 100
116 29 97
29 116 100
161 29 99
29 161 99
48 31 97
31 48 100
178 31 100
31 178 96
74 32 100
32 74 95
93 32 92
32 93 91
113 32 91
32 113 95
128 32 98
32 128 92
135 32 89
32 135 93
166 33 96
33 166 94
172 33 100
33 172 90
52 34 100
34 52 100
181 34 90
34 181 100
32 35 96
35 32 95
69 35 98
35 69 100
47 36 82
36 47 94
53 36 97
36 53 92
105 36 99
36 105 89
122 36 97
36 122 90
150 36 100
36 150 99
194 36 99
36 194 91
82 37 100
37 82 100
156 37 93
37 156 91
187 37 100
37 187 95
50 38 96
38 50 95
116 38 100
38 116 100
151 39 100
39 151 88
171 39 95
39 171 95
26 40 89
40 26 100
107 40 100
40 107 100
109 40 100
40 109 97
131 40 100
40 131 86
139 40 98
40 139 98
36 41 100
41 36 91
113 41 100
41 113 100
119 41 95
41 119 97
4 42 95
42 4 96
66 42 100
42 66 96
27 43 98
43 27 97
102 43 97
43 102 100
23 44 95
44 23 95
74 44 92
44 74 91
171 44 100
44 171 90
195 44 100
44 195 100
79 45 92
45 79 99
8 46 89
46 8 98
123 46 93
46 123 85
133 46 100
46 133 98
177 46 99
46 177 97
83 47 96
47 83 99
98 47 96
47 98 84
117 47 89
47 117 97
197 47 100
47 197 95
168 48 84
48 168 93
70 49 96
49 70 100
140 49 95
49 140 98
141 49 96
49 141 98
148 49 100
49 148 96
188 49 100
49 188 97
4 50 100
50 4 100
61 50 96
50 61 98
81 50 100
50 81 100
166 50 88
50 166 100
132 51 97
51 132 100
133 51 100
51 133 95
180 51 96
51 180 88
83 52 92
52 83 93
184 52 95
52 184 100
0 53 89
53 0 95
28 53 100
53 28 98
31 53 96
53 31 94
33 53 97
53 33 88
39 53 95
53 39 92
45 53 96
53 45 99
23 54 100
54 23 93
27 54 90
54 27 99
114 54 95
54 114 99
163 55 100
55 163 92
32 56 95
56 32 90
67 56 100
56 67 100
70 57 86
57 70 94
88 57 100
57 88 90
175 57 100
57 175 94
124 58 92
58 124 95
149 58 96
58 149 82
39 59 96
59 39 89
107 59 100
59 107 97
146 59 98
59 146 93
23 60 96
60 23 100
36 60 100
60 36 90
85 60 97
60 85 97
104 61 98
61 104 97
26 62 100
62 26 98
142 62 95
62 142 97
164 62 91
62 164 100
30 63 100
63 30 98
116 64 93
64 116 98
125 64 100
64 125 98
156 64 96
64 156 100
168 64 98
64 168 89
54 65 99
65 54 99
132 65 99
65 132 95
68 66 95
66 68 89
82 66 93
66 82 91
152 66 89
66 152 100
155 66 96
66 155 87
54 67 90
67 54 100
121 67 92
67 121 94
127 67 100
67 127 99
146 67 95
67 146 85
183 67 96
67 183 89
111 68 95
68 111 95
145 68 95
68 145 92
157 68 95
68 157 91
11 69 86
69 11 99
39 69 100
69 39 96
42 69 97
69 42 96
43 69 96
69 43 94
127 69 100
69 127 99
133 69 89
69 133 95
141 69 100
69 141 96
145 69 94
69 145 100
169 69 83
69 169 89
98 70 98
70 98 95
114 70 100
70 114 97
30 71 95
71 30 100
69 71 97
71 69 100
84 71 100
71 84 95
121 71 100
71 121 92
36 72 85
72 36 94
41 72 94
72 41 100
90 72 100
72 90 86
132 72 95
72 132 100
26 73 100
73 26 88
88 73 100
73 88 99
162 73 97
73 162 98
175 73 93
73 175 94
5 74 96
74 5 88
42 74 95
74 42 97
89 75 92
75 89 93
103 75 97
75 103 100
151 75 95
75 151 100
12 76 100
76 12 100
111 76 97
76 111 95
169 76 96
76 169 95
61 77 88
77 61 98
100 77 95
77 100 92
179 77 97
77 179 100
75 78 81
78 75 97
137 78 100
78 137 95
21 79 97
79 21 92
84 79 97
79 84 99
133 79 81
79 133 93
159 79 92
79 159 90
183 79 96
79 183 100
66 80 87
80 66 86
93 80 100
80 93 98
138 80 89
80 138 84
154 80 95
80 154 93
49 82 95
82 49 98
58 82 100
82 58 86
56 83 99
83 56 100
74 83 88
83 74 92
88 83 96
83 88 100
171 83 94
83 171 94
34 84 91
84 34 98
174 84 97
84 174 95
7 85 87
85 7 92
41 85 91
85 41 91
55 85 92
85 55 94
70 85 93
85 70 95
138 85 91
85 138 86
149 85 98
85 149 91
186 85 83
85 186 92
105 86 92
86 105 97
127 86 99
86 127 100
135 86 89
86 135 93
26 87 83
87 26 96
59 87 100
87 59 93
81 87 95
87 81 95
144 87 94
87 144 98
197 87 97
87 197 93
38 89 94
89 38 97
178 89 91
89 178 100
193 89 96
89 193 95
13 90 96
90 13 95
92 90 100
90 92 90
105 90 100
90 105 92
35 92 100
92 35 100
54 92 100
92 54 98
105 92 96
92 105 90
142 92 95
92 142 100
103 93 95
93 103 96
174 93 97
93 174 94
155 95 93
95 155 95
30 96 99
96 30 98
57 96 100
96 57 100
121 96 95
96 121 91
140 96 93
96 140 100
169 96 87
96 169 99
188 96 95
96 188 100
10 97 100
97 10 95
85 97 95
97 85 93
30 98 93
98 30 97
121 98 98
98 121 91
126 98 82
98 126 87
141 98 98
98 141 86
165 98 95
98 165 97
2 99 100
99 2 92
81 99 90
99 81 92
100 99 90
99 100 95
152 99 90
99 152 94
182 99 96
99 182 100
189 99 100
99 189 95
21 100 86
100 21 100
35 100 98
100 35 92
50 100 79
100 50 99
58 100 95
100 58 89
32 101 94
101 32 92
116 101 96
101 116 94
127 101 100
101 127 95
15 102 97
102 15 100
83 102 95
102 83 100
90 103 96
103 90 100
111 103 93
103 111 92
107 104 94
104 107 93
131 104 95
104 131 99
159 104 97
104 159 91
38 105 93
105 38 98
149 105 99
105 149 90
140 106 94
106 140 96
18 107 93
107 18 100
35 107 92
107 35 91
53 107 94
107 53 93
158 107 95
107 158 96
2 108 100
108 2 97
186 108 97
108 186 94
4 109 83
109 4 91
63 109 93
109 63 85
90 109 93
109 90 86
119 109 98
109 119 100
156 109 88
109 156 92
162 109 98
109 162 97
181 109 100
109 181 97
199 109 77
109 199 86
41 110 93
110 41 98
161 110 100
110 161 100
55 111 97
111 55 100
170 111 96
111 170 87
24 112 95
112 24 95
46 113 95
113 46 100
77 113 95
113 77 100
162 113 100
113 162 95
94 114 96
114 94 100
107 114 90
114 107 95
165 114 96
114 165 98
169 114 97
114 169 93
12 115 97
115 12 100
22 115 98
115 22 97
144 115 100
115 144 96
78 116 100
116 78 88
112 116 88
116 112 98
162 116 91
116 162 100
24 117 98
117 24 97
39 117 100
117 39 100
140 117 100
117 140 97
163 117 90
117 163 99
185 117 94
117 185 95
197 117 99
117 197 98
57 118 100
118 57 100
64 118 97
118 64 94
94 118 94
118 94 98
171 118 98
118 171 95
181 118 100
118 181 92
17 119 91
119 17 95
50 119 92
119 50 92
56 119 82
119 56 100
74 119 94
119 74 94
79 119 90
119 79 86
190 119 94
119 190 96
124 120 97
120 124 97
147 120 100
120 147 100
168 120 95
120 168 99
55 121 98
121 55 89
84 121 90
121 84 95
182 121 97
121 182 85
9 122 100
122 9 99
39 122 96
122 39 99
57 122 87
122 57 100
73 122 96
122 73 92
145 122 97
122 145 81
192 122 96
122 192 100
19 123 86
123 19 90
125 123 95
123 125 95
155 123 94
123 155 85
134 124 100
124 134 91
199 124 94
124 199 96
66 125 94
125 66 97
78 126 72
126 78 92
82 126 100
126 82 96
156 126 99
126 156 84
192 126 100
126 192 95
22 127 98
127 22 93
58 127 98
127 58 95
62 127 99
127 62 97
47 128 100
128 47 96
126 128 96
128 126 75
131 129 97
129 131 98
86 130 97
130 86 99
128 131 97
131 128 81
46 132 100
132 46 90
110 132 90
132 110 100
45 134 100
134 45 100
93 134 100
134 93 93
35 135 97
135 35 100
44 135 100
135 44 100
134 135 100
135 134 91
161 135 95
135 161 94
171 135 88
135 171 91
0 136 92
136 0 100
199 136 100
136 199 100
19 137 100
137 19 100
33 137 100
137 33 94
160 137 97
137 160 95
70 138 97
138 70 86
61 139 100
139 61 99
87 140 86
140 87 94
94 140 93
140 94 99
73 141 97
141 73 93
100 141 88
141 100 87
120 141 100
141 120 95
134 141 100
141 134 96
1 142 94
142 1 97
35 142 94
142 35 97
22 143 93
143 22 100
47 143 100
143 47 93
64 143 100
143 64 94
82 143 100
143 82 96
166 143 93
143 166 87
4 144 100
144 4 99
93 144 89
144 93 95
111 145 100
145 111 100
171 145 99
145 171 96
198 145 98
145 198 92
19 146 95
146 19 88
35 146 94
146 35 94
159 146 99
146 159 97
189 146 100
146 189 100
97 147 94
147 97 96
148 147 99
147 148 100
199 147 86
147 199 81
154 148 97
148 154 99
183 148 94
148 183 93
20 149 100
149 20 90
64 149 100
149 64 92
103 149 97
149 103 90
119 149 84
149 119 100
150 149 100
149 150 84
189 149 92
149 189 95
15 150 100
150 15 96
109 150 100
150 109 95
68 151 100
151 68 87
125 151 97
151 125 96
185 151 100
151 185 95
14 152 100
152 14 100
136 152 99
152 136 100
118 153 100
153 118 96
195 153 90
153 195 95
6 154 100
154 6 100
11 155 93
155 11 99
38 155 100
155 38 95
193 155 98
155 193 99
33 156 92
156 33 100
41 156 100
156 41 82
173 157 92
157 173 100
196 157 97
157 196 96
69 158 91
158 69 95
100 158 88
158 100 96
108 158 100
158 108 97
129 158 97
158 129 96
137 158 91
158 137 92
44 159 100
159 44 93
135 159 98
159 135 96
5 160 100
160 5 100
171 160 86
160 171 100
82 161 100
161 82 98
151 161 96
161 151 97
8 162 93
162 8 99
18 162 94
162 18 97
169 162 100
162 169 85
22 163 89
163 22 85
47 163 100
163 47 97
66 163 94
163 66 90
77 163 84
163 77 86
56 164 100
164 56 91
67 164 98
164 67 96
81 164 83
164 81 88
157 164 87
164 157 100
13 165 96
165 13 96
27 165 91
165 27 90
83 165 94
165 83 98
107 165 89
165 107 100
152 165 100
165 152 96
186 165 80
165 186 92
188 165 91
165 188 94
154 166 91
166 154 90
164 166 88
166 164 92
69 167 88
167 69 96
119 167 90
167 119 94
135 167 95
167 135 87
168 167 92
167 168 86
88 168 97
168 88 92
96 168 94
168 96 96
190 168 98
168 190 100
192 168 96
168 192 88
40 169 90
169 40 87
65 169 98
169 65 95
101 169 95
169 101 89
77 170 90
170 77 92
106 170 91
170 106 96
120 170 95
170 120 97
126 170 92
170 126 79
177 170 91
170 177 91
170 172 98
172 170 98
177 172 94
172 177 100
28 173 96
173 28 95
8 175 97
175 8 88
59 175 90
175 59 92
103 175 92
175 103 96
161 175 99
175 161 100
199 175 89
175 199 89
15 176 90
176 15 96
29 176 97
176 29 97
52 176 95
176 52 98
58 176 95
176 58 91
123 176 95
176 123 97
186 176 97
176 186 80
21 177 100
177 21 94
92 177 100
177 92 86
8 178 89
178 8 100
57 178 96
178 57 86
130 179 93
179 130 100
156 179 91
179 156 90
0 180 96
180 0 89
69 180 95
180 69 92
92 180 78
180 92 99
173 180 99
180 173 82
19 181 91
181 19 93
159 181 94
181 159 95
191 181 99
181 191 96
52 182 99
182 52 97
70 182 98
182 70 95
97 182 97
182 97 100
12 183 100
183 12 100
3 184 95
184 3 99
171 184 97
184 171 92
182 184 97
184 182 98
28 185 100
185 28 96
45 185 100
185 45 100
65 185 95
185 65 90
154 185 100
185 154 94
0 186 83
186 0 89
2 186 87
186 2 100
16 186 91
186 16 93
194 186 100
186 194 96
84 187 97
187 84 90
40 188 95
188 40 92
148 188 97
188 148 99
105 189 92
189 105 96
144 189 99
189 144 95
199 191 95
191 199 85
148 192 94
192 148 99
169 192 96
192 169 96
17 193 100
193 17 97
186 193 87
193 186 94
97 194 100
194 97 93
122 195 94
195 122 88
156 195 86
195 156 95
164 196 89
196 164 93
168 196 94
196 168 91
57 197 98
197 57 93
186 197 94
197 186 95
0 198 98
198 0 92
55 199 96
199 55 88
66 199 81
199 66 86
74 199 87
199 74 82
142 199 96
199 142 90
183 199 87
199 183 98
