0 24 86
21 29 86
74 145 86
111 174 86
163 5 85
175 132 84
33 9 84
175 24 83
1 32 83
6 99 83
45 154 82
1 198 82
65 98 82
113 193 82
59 37 81
173 37 81
151 39 81
191 156 81
81 160 81
183 31 81
183 118 80
185 85 80
56 44 80
174 149 80
140 119 80
154 141 80
190 72 80
129 133 80
167 174 79
76 65 79
110 177 79
13 49 79
189 152 78
12 102 78
36 18 78
106 73 78
176 120 78
106 82 78
53 55 78
120 86 78
101 85 78
3 74 78
149 135 78
23 3 78
33 83 78
10 148 78
59 197 77
41 149 76
150 98 76
182 80 76
137 17 76
21 148 75
8 20 75
174 39 74
51 11 74
197 175 74
70 34 74
183 67 74
134 101 74
94 134 74
79 110 74
86 50 74
139 108 73
72 101 73
108 77 73
92 2 73
84 131 73
82 147 73
185 154 73
140 100 73
96 72 73
139 157 73
12 30 72
165 159 72
135 110 72
69 187 71
59 157 71
64 165 71
26 81 71
113 117 70
81 136 70
85 135 70
95 168 70
151 0 69
157 187 69
63 111 69
70 72 69
8 144 69
139 121 69
21 131 68
191 146 68
110 197 68
15 180 68
9 24 68
109 58 67
34 99 67
25 53 67
196 5 67
5 0 67
147 79 67
198 93 67
20 69 67
27 111 67
11 35 66
193 20 66
14 193 66
50 57 66
19 25 66
100 126 66
170 50 66
132 125 66
195 171 65
116 31 65
2 181 65
168 4 65
124 114 65
9 176 65
176 76 65
187 156 64
28 75 64
89 71 64
116 63 64
87 118 64
145 92 64
197 63 64
31 38 63
165 138 63
69 183 63
70 130 63
63 39 63
137 39 63
87 50 63
116 133 63
167 177 62
138 0 62
8 59 62
38 12 62
193 146 61
124 79 61
67 130 61
111 3 61
50 65 61
142 70 61
184 97 61
142 144 61
189 37 61
142 187 61
25 114 60
153 160 60
34 2 60
68 7 60
79 100 60
102 4 60
36 128 60
8 185 60
178 32 60
103 157 60
39 37 60
144 138 59
35 71 59
73 27 59
53 77 59
57 22 59
37 52 59
72 37 58
105 90 58
7 33 58
94 54 58
170 64 58
31 35 58
43 116 58
43 191 58
2 92 58
32 26 57
70 79 57
55 89 57
143 72 57
136 144 57
154 124 57
139 23 56
99 197 56
138 196 56
137 77 56
86 142 56
195 59 56
189 183 56
124 174 55
164 20 55
129 46 55
52 163 55
98 64 55
193 195 55
103 182 55
198 80 55
58 187 55
47 156 55
2 123 54
177 41 54
141 176 54
136 86 54
113 6 54
150 105 54
194 12 54
18 162 54
65 70 53
185 177 53
139 180 53
54 23 53
103 99 53
161 145 52
27 151 52
132 41 52
56 111 52
154 186 52
27 174 52
94 106 52
58 107 52
35 128 51
104 118 51
36 179 51
102 170 51
131 92 51
118 29 51
96 120 51
100 17 51
124 137 51
85 160 51
152 197 50
116 166 50
125 184 50
179 111 50
186 142 50
13 5 50
103 49 50
149 181 50
107 41 50
111 130 50
86 71 49
110 174 49
28 87 49
95 104 49
1 3 49
40 72 49
117 66 49
13 31 49
12 90 48
78 196 48
49 115 48
53 107 48
135 109 47
47 46 47
183 120 47
79 27 47
129 88 47
4 198 47
171 145 46
31 164 46
69 30 46
113 164 46
114 96 46
84 197 46
194 107 45
16 33 45
179 132 45
155 70 45
92 141 45
122 131 44
145 3 44
139 25 44
163 77 44
152 143 44
37 81 44
42 71 44
30 145 44
145 34 43
126 125 43
145 40 43
171 151 43
159 123 43
148 192 43
72 139 43
89 177 43
169 20 43
188 108 42
118 146 42
29 151 42
118 83 42
102 96 42
138 6 42
43 111 42
191 103 42
20 131 42
75 147 42
13 185 42
45 153 41
151 109 41
22 88 41
3 146 41
36 181 41
161 11 41
20 61 41
187 37 41
71 45 41
61 11 40
82 177 40
22 188 40
181 82 40
114 111 40
130 190 40
53 148 40
27 31 40
100 79 40
48 166 40
84 80 39
44 58 39
59 170 39
198 177 39
75 51 39
63 57 38
179 63 38
15 160 38
57 48 38
102 38 38
142 100 38
160 113 38
61 87 38
197 155 38
188 170 38
199 107 37
2 88 37
57 198 37
5 13 37
99 168 37
55 122 37
70 122 36
158 119 36
21 127 36
14 184 36
2 144 36
120 82 36
22 86 36
113 16 36
178 85 36
140 2 36
68 185 35
142 113 35
177 98 35
179 129 35
190 146 35
8 77 35
142 196 35
96 53 34
197 58 34
64 146 34
159 101 34
42 163 34
15 136 34
148 63 33
68 170 33
113 90 33
40 114 33
15 75 33
60 194 33
101 139 33
134 73 33
6 170 33
115 31 32
134 10 32
102 81 32
192 175 32
127 192 32
106 129 31
44 169 31
93 20 31
106 57 31
96 24 31
194 24 31
89 60 31
147 10 30
199 102 30
25 138 30
11 54 30
80 166 30
39 90 30
88 199 30
20 33 30
177 8 30
33 11 30
126 167 30
134 164 30
174 186 29
59 20 29
80 64 29
78 144 29
157 139 29
159 26 29
187 143 29
161 27 29
112 74 28
56 136 28
65 25 28
149 6 28
64 181 28
31 58 28
130 105 28
126 199 27
33 41 27
79 28 27
184 187 27
14 9 27
94 164 27
34 133 27
155 183 26
183 130 26
183 4 26
8 128 26
193 119 26
70 170 25
128 3 25
109 122 25
20 28 25
164 189 25
76 115 25
50 70 24
62 4 24
5 145 24
161 173 24
172 189 24
155 117 24
82 166 24
25 116 23
64 58 23
28 21 23
9 81 23
98 6 23
145 192 23
170 27 23
126 41 23
23 181 22
167 25 22
64 23 22
4 96 22
71 121 21
100 121 21
12 36 21
42 141 21
134 29 21
198 95 21
40 183 21
163 182 21
27 152 21
11 115 21
189 71 20
168 72 20
156 174 20
13 128 20
85 196 20
132 33 20
111 22 20
75 26 20
167 92 19
169 150 19
144 28 19
178 9 19
50 108 18
121 71 18
98 122 18
82 111 18
157 85 18
165 73 18
47 123 18
25 75 18
99 163 18
189 195 17
92 118 17
123 71 17
63 11 17
137 86 17
139 63 17
87 184 17
20 32 17
11 133 16
197 52 16
82 178 16
140 150 16
81 37 16
85 60 16
110 22 16
183 6 16
36 28 16
66 80 16
196 41 16
60 192 16
28 114 16
179 166 15
125 135 15
22 119 15
58 178 15
146 148 15
82 107 15
65 69 15
32 96 15
99 165 15
39 131 15
47 69 15
186 71 14
8 199 14
27 155 14
41 78 14
66 69 14
48 135 13
23 52 13
74 55 13
86 121 13
104 46 13
24 88 13
54 33 13
44 190 13
168 22 13
184 76 13
135 171 12
57 45 12
113 14 12
198 103 12
191 38 12
64 118 12
67 42 12
60 48 11
4 75 11
183 110 11
151 24 11
187 35 11
5 169 11
80 24 11
39 196 10
118 169 10
90 197 10
112 103 10
173 54 10
139 76 10
106 153 10
71 116 10
124 192 10
102 156 10
129 158 9
196 23 9
118 103 9
112 94 9
162 2 9
111 189 9
161 187 9
184 38 9
164 73 9
148 56 9
179 163 8
82 181 8
101 81 8
116 95 8
121 84 8
88 196 7
88 43 7
13 158 7
57 79 7
76 134 7
72 12 7
130 77 6
194 21 6
57 179 6
113 26 6
14 148 6
135 124 6
197 181 6
187 74 5
29 165 5
180 22 5
98 136 5
18 81 5
103 30 5
68 32 4
184 153 4
116 23 4
118 64 4
42 187 4
167 32 4
71 159 3
87 165 3
49 39 3
165 6 2
11 155 2
26 136 2
121 185 2
84 159 1
7 141 1
168 19 1
99 75 1
101 177 1
5 10 1
83 94 1
107 93 1
59 143 1
