0 32 100
1 21 100
2 6 100
2 37 100
2 38 100
3 23 100
3 36 100
3 38 100
3 39 100
4 11 100
4 12 100
4 14 100
4 22 100
4 25 100
4 46 100
5 11 100
5 25 100
5 29 100
6 1 100
6 19 100
6 24 100
6 49 100
7 30 100
8 3 100
8 7 100
8 40 100
9 2 100
9 3 100
9 5 100
9 8 100
9 30 100
9 32 100
9 35 100
9 36 100
10 0 100
10 5 100
10 34 100
10 37 100
10 42 100
11 9 100
11 43 100
12 0 100
12 23 100
12 27 100
12 40 100
12 45 100
12 46 100
13 0 100
14 3 100
14 27 100
14 41 100
15 29 100
16 14 100
16 28 100
16 44 100
16 45 100
16 48 100
17 4 100
17 15 100
17 29 100
18 31 100
18 42 100
18 47 100
18 49 100
19 9 100
21 8 100
21 22 100
21 25 100
22 0 100
22 17 100
24 47 100
25 19 100
25 33 100
25 37 100
27 2 100
27 19 100
27 22 100
27 23 100
27 31 100
27 34 100
27 44 100
27 45 100
28 18 100
29 19 100
29 32 100
30 33 100
31 25 100
31 42 100
32 2 100
32 8 100
32 14 100
32 21 100
32 39 100
33 6 100
33 23 100
33 36 100
34 12 100
34 42 100
34 44 100
34 48 100
35 2 100
35 19 100
35 24 100
35 25 100
35 37 100
36 7 100
36 8 100
36 25 100
36 37 100
36 42 100
37 5 100
37 11 100
37 12 100
37 27 100
38 1 100
38 8 100
38 23 100
39 0 100
39 5 100
39 36 100
39 38 100
39 48 100
42 9 100
42 35 100
42 39 100
42 40 100
43 31 100
43 45 100
44 0 100
44 3 100
44 10 100
44 24 100
44 32 100
44 33 100
44 46 100
45 4 100
45 8 100
45 13 100
45 14 100
45 22 100
45 33 100
45 39 100
46 30 100
46 48 100
47 4 100
47 39 100
48 20 100
48 32 100
49 11 100
49 21 100
49 32 100
49 44 100
