41 24 100
7 46 100
27 41 100
19 43 100
2 32 99
49 30 99
35 45 99
2 38 99
10 11 98
25 21 97
8 2 97
18 16 96
29 19 96
45 36 96
11 46 96
8 17 95
11 21 94
32 41 94
25 28 94
32 46 93
24 32 93
36 30 93
32 1 92
18 7 92
47 44 92
14 27 92
36 6 92
30 33 92
9 4 91
12 2 91
23 9 91
37 40 91
10 49 90
16 19 90
9 29 90
6 28 90
17 3 90
14 40 89
3 12 89
38 46 89
5 2 89
41 22 89
39 46 89
48 15 88
2 16 88
39 12 87
20 10 87
29 49 87
36 37 86
18 0 86
14 1 86
40 41 85
14 38 85
37 27 84
31 32 84
27 25 84
8 35 83
40 39 83
40 47 83
13 20 82
21 3 82
42 10 82
24 9 82
36 22 81
47 40 80
47 1 79
12 42 79
41 38 78
16 30 78
18 41 77
37 43 77
32 0 76
46 21 76
29 30 75
29 31 75
37 4 74
46 48 74
0 8 74
3 30 73
45 43 73
16 45 73
22 47 72
19 16 71
24 6 71
7 35 70
14 23 70
25 4 70
1 32 70
49 25 70
23 44 69
35 40 69
38 27 69
39 18 68
41 46 68
43 42 68
33 23 68
46 20 67
29 27 67
31 8 65
2 33 65
15 28 65
16 48 63
42 38 63
45 15 63
45 21 63
41 25 62
2 15 62
8 38 62
0 4 60
49 8 60
29 24 59
14 41 59
42 39 59
21 16 59
11 4 59
24 42 58
23 20 58
23 31 58
44 17 58
40 37 58
21 49 58
40 19 57
22 5 57
9 20 57
22 0 56
46 18 56
39 43 56
5 17 56
40 35 56
31 44 55
17 34 55
11 27 54
47 43 54
23 49 54
23 27 54
6 37 53
23 34 52
4 48 52
22 34 51
29 38 51
49 5 51
7 15 51
8 47 50
11 36 49
32 27 49
30 17 49
40 38 49
17 0 49
7 40 49
35 37 48
27 4 48
45 4 47
47 0 47
20 25 47
11 42 46
11 45 46
19 27 46
24 30 45
37 36 45
21 34 45
25 46 45
20 22 44
14 36 43
49 12 43
35 14 43
28 38 43
31 33 42
28 2 42
0 33 42
18 5 42
4 19 42
41 44 42
38 0 41
47 6 41
40 18 40
32 3 40
9 19 39
17 19 39
13 36 39
23 29 39
8 28 39
20 1 38
8 24 38
29 11 38
7 23 38
46 32 37
25 29 37
20 40 37
40 21 36
34 2 36
46 9 36
23 24 35
28 24 35
9 2 35
6 38 34
37 0 34
27 21 34
3 11 33
8 37 33
16 37 32
11 28 32
23 6 31
6 18 31
21 42 31
21 9 30
13 17 30
4 39 30
9 37 30
5 39 30
47 30 29
46 30 29
7 19 28
4 13 28
27 11 28
42 25 27
9 41 27
20 28 27
11 12 25
5 42 25
48 33 25
17 16 25
36 31 25
28 37 24
47 2 24
3 21 24
20 46 24
48 42 24
48 37 23
10 0 23
44 0 23
37 32 23
48 36 22
3 25 22
46 14 22
20 7 22
20 47 22
36 9 22
27 10 22
9 0 21
7 10 20
17 8 19
18 42 19
15 49 19
47 17 19
7 3 18
6 1 18
43 9 17
20 24 17
18 31 17
19 48 17
27 0 16
41 27 16
16 46 15
30 45 15
34 48 14
16 8 14
38 8 13
4 35 13
29 14 13
10 44 12
19 25 12
3 37 12
14 12 11
18 22 11
0 48 11
42 24 10
30 22 10
44 37 10
2 12 10
44 39 10
47 3 9
46 39 9
46 11 8
35 33 8
18 19 8
34 42 7
48 6 7
38 42 7
35 41 7
41 31 6
47 4 6
25 24 5
44 6 5
11 14 4
35 38 4
10 2 4
21 2 4
17 14 3
29 48 3
34 9 3
37 3 3
40 1 3
0 22 2
20 38 2
2 42 1
35 46 1
49 4 1
30 41 1
36 44 1
24 11 1
