0 1 100
1 2 100
2 3 100
3 4 100
4 5 100
5 2 100
5 3 100
5 3 100
6 3 100
6 1 100
6 3 100
7 6 100
7 5 100
7 6 100
8 5 100
8 1 100
8 7 100
9 3 100
9 5 100
9 7 100
10 3 100
10 3 100
10 5 100
11 1 100
11 5 100
11 11 100
12 3 100
12 1 100
12 7 100
13 4 100
13 8 100
13 11 100
14 4 100
14 13 100
14 5 100
15 2 100
15 1 100
15 3 100
16 2 100
16 9 100
16 11 100
17 7 100
17 7 100
17 7 100
18 10 100
18 16 100
18 3 100
19 13 100
19 5 100
19 10 100
20 3 100
20 4 100
20 8 100
21 3 100
21 6 100
21 3 100
22 11 100
22 2 100
22 7 100
23 21 100
23 3 100
23 11 100
24 2 100
24 10 100
24 19 100
25 16 100
25 1 100
25 14 100
26 7 100
26 16 100
26 6 100
27 11 100
27 19 100
27 5 100
28 6 100
28 8 100
28 8 100
29 18 100
29 7 100
29 4 100
30 1 100
30 12 100
30 24 100
31 3 100
31 5 100
31 10 100
32 5 100
32 17 100
32 5 100
33 15 100
33 17 100
33 6 100
34 7 100
34 15 100
34 11 100
35 9 100
35 22 100
35 28 100
36 1 100
36 2 100
36 7 100
37 3 100
37 10 100
37 31 100
38 4 100
38 35 100
38 4 100
39 26 100
39 6 100
39 21 100
40 31 100
40 15 100
40 10 100
41 10 100
41 19 100
41 2 100
42 35 100
42 5 100
42 3 100
43 35 100
43 6 100
43 12 100
44 5 100
44 7 100
44 2 100
45 26 100
45 20 100
45 27 100
46 39 100
46 25 100
46 1 100
47 3 100
47 36 100
47 7 100
48 8 100
48 2 100
48 4 100
49 1 100
49 19 100
49 6 100
50 16 100
50 28 100
50 22 100
51 7 100
51 11 100
51 13 100
52 2 100
52 23 100
52 37 100
53 26 100
53 14 100
53 20 100
54 11 100
54 21 100
54 16 100
55 30 100
55 4 100
55 14 100
56 9 100
56 24 100
56 21 100
57 3 100
57 2 100
57 35 100
58 2 100
58 10 100
58 9 100
59 14 100
59 14 100
59 55 100
60 3 100
60 13 100
60 54 100
61 8 100
61 3 100
61 15 100
62 6 100
62 15 100
62 26 100
63 5 100
63 27 100
63 39 100
64 10 100
64 21 100
64 35 100
65 2 100
65 31 100
65 40 100
66 40 100
66 8 100
66 48 100
67 11 100
67 6 100
67 62 100
68 1 100
68 25 100
68 2 100
69 3 100
69 11 100
69 21 100
70 13 100
70 53 100
70 5 100
71 8 100
71 9 100
71 35 100
72 1 100
72 8 100
72 11 100
73 48 100
73 73 100
73 7 100
74 16 100
74 10 100
74 73 100
75 15 100
75 38 100
75 2 100
76 41 100
76 11 100
76 23 100
77 2 100
77 3 100
77 3 100
78 21 100
78 2 100
78 40 100
79 6 100
79 77 100
79 16 100
80 68 100
80 27 100
80 52 100
81 24 100
81 26 100
81 27 100
82 35 100
82 3 100
82 42 100
83 35 100
83 10 100
83 68 100
84 3 100
84 15 100
84 42 100
85 9 100
85 7 100
85 43 100
86 9 100
86 73 100
86 16 100
87 8 100
87 6 100
87 21 100
88 2 100
88 35 100
88 82 100
89 8 100
89 42 100
89 55 100
90 10 100
90 24 100
90 1 100
91 29 100
91 55 100
91 15 100
92 7 100
92 48 100
92 53 100
93 31 100
93 5 100
93 4 100
94 4 100
94 30 100
94 31 100
95 30 100
95 39 100
95 86 100
96 34 100
96 82 100
96 94 100
97 37 100
97 1 100
97 42 100
98 1 100
98 53 100
98 86 100
99 69 100
99 13 100
99 59 100
100 2 100
100 95 100
100 16 100
101 2 100
101 14 100
101 84 100
102 31 100
102 44 100
102 53 100
103 2 100
103 82 100
103 5 100
104 1 100
104 5 100
104 63 100
105 5 100
105 10 100
105 3 100
106 35 100
106 30 100
106 8 100
107 8 100
107 5 100
107 28 100
108 15 100
108 73 100
108 14 100
109 68 100
109 35 100
109 67 100
110 4 100
110 10 100
110 16 100
111 56 100
111 69 100
111 29 100
112 15 100
112 41 100
112 34 100
113 10 100
113 23 100
113 16 100
114 5 100
114 58 100
114 21 100
115 49 100
115 112 100
115 85 100
116 48 100
116 16 100
116 47 100
117 16 100
117 75 100
117 9 100
118 5 100
118 29 100
118 31 100
119 67 100
119 116 100
119 25 100
120 2 100
120 10 100
120 53 100
121 5 100
121 77 100
121 63 100
122 82 100
122 9 100
122 82 100
123 112 100
123 5 100
123 90 100
124 48 100
124 49 100
124 1 100
125 85 100
125 107 100
125 2 100
126 5 100
126 31 100
126 7 100
127 16 100
127 54 100
127 97 100
128 93 100
128 88 100
128 20 100
129 4 100
129 7 100
129 86 100
130 102 100
130 34 100
130 95 100
131 46 100
131 53 100
131 68 100
132 24 100
132 93 100
132 126 100
133 31 100
133 3 100
133 7 100
134 58 100
134 15 100
134 5 100
135 7 100
135 19 100
135 2 100
136 7 100
136 23 100
136 78 100
137 119 100
137 106 100
137 27 100
138 73 100
138 133 100
138 33 100
139 60 100
139 2 100
139 27 100
140 77 100
140 99 100
140 107 100
141 15 100
141 53 100
141 80 100
142 13 100
142 113 100
142 61 100
143 71 100
143 2 100
143 1 100
144 40 100
144 17 100
144 5 100
145 1 100
145 6 100
145 26 100
146 145 100
146 29 100
146 34 100
147 6 100
147 25 100
147 140 100
148 2 100
148 10 100
148 40 100
149 115 100
149 39 100
149 21 100
150 4 100
150 74 100
150 3 100
151 21 100
151 27 100
151 113 100
152 3 100
152 82 100
152 2 100
153 3 100
153 14 100
153 42 100
154 91 100
154 106 100
154 9 100
155 142 100
155 19 100
155 119 100
156 3 100
156 51 100
156 67 100
157 25 100
157 125 100
157 1 100
158 15 100
158 15 100
158 10 100
159 14 100
159 75 100
159 82 100
160 118 100
160 51 100
160 138 100
161 3 100
161 148 100
161 7 100
162 24 100
162 77 100
162 7 100
163 94 100
163 7 100
163 145 100
164 69 100
164 87 100
164 51 100
165 2 100
165 125 100
165 15 100
166 109 100
166 5 100
166 45 100
167 130 100
167 25 100
167 125 100
168 140 100
168 69 100
168 35 100
169 89 100
169 124 100
169 61 100
170 11 100
170 95 100
170 169 100
171 14 100
171 33 100
171 3 100
172 3 100
172 34 100
172 86 100
173 137 100
173 16 100
173 107 100
174 33 100
174 10 100
174 17 100
175 56 100
175 124 100
175 5 100
176 10 100
176 58 100
176 3 100
177 118 100
177 14 100
177 73 100
178 170 100
178 7 100
178 102 100
179 119 100
179 54 100
179 21 100
180 3 100
180 51 100
180 75 100
181 1 100
181 131 100
181 11 100
182 67 100
182 68 100
182 3 100
183 77 100
183 130 100
183 114 100
184 17 100
184 43 100
184 110 100
185 37 100
185 20 100
185 27 100
186 8 100
186 7 100
186 93 100
187 10 100
187 26 100
187 93 100
188 31 100
188 59 100
188 77 100
189 187 100
189 2 100
189 110 100
190 28 100
190 48 100
190 96 100
191 34 100
191 136 100
191 37 100
192 10 100
192 88 100
192 8 100
193 170 100
193 27 100
193 58 100
194 2 100
194 31 100
194 161 100
195 7 100
195 21 100
195 76 100
196 35 100
196 157 100
196 16 100
197 63 100
197 51 100
197 106 100
198 59 100
198 29 100
198 1 100
199 151 100
199 175 100
199 195 100
200 9 100
200 27 100
200 37 100
201 13 100
201 42 100
201 131 100
202 42 100
202 6 100
202 84 100
203 69 100
203 60 100
203 142 100
204 15 100
204 38 100
204 182 100
205 8 100
205 15 100
205 174 100
206 21 100
206 21 100
206 7 100
207 15 100
207 69 100
207 2 100
208 17 100
208 139 100
208 176 100
209 94 100
209 1 100
209 16 100
210 4 100
210 23 100
210 151 100
211 10 100
211 164 100
211 191 100
212 111 100
212 126 100
212 34 100
213 8 100
213 171 100
213 2 100
214 7 100
214 213 100
214 138 100
215 13 100
215 101 100
215 10 100
216 167 100
216 83 100
216 171 100
217 9 100
217 186 100
217 42 100
218 189 100
218 34 100
218 19 100
219 37 100
219 84 100
219 67 100
220 70 100
220 150 100
220 3 100
221 10 100
221 35 100
221 79 100
222 161 100
222 10 100
222 177 100
223 2 100
223 4 100
223 4 100
224 209 100
224 76 100
224 14 100
225 167 100
225 30 100
225 3 100
226 127 100
226 124 100
226 27 100
227 10 100
227 92 100
227 16 100
228 7 100
228 160 100
228 188 100
229 7 100
229 27 100
229 11 100
230 75 100
230 3 100
230 4 100
231 160 100
231 205 100
231 90 100
232 7 100
232 23 100
232 76 100
233 21 100
233 1 100
233 7 100
234 232 100
234 51 100
234 95 100
235 7 100
235 21 100
235 172 100
236 9 100
236 227 100
236 5 100
237 9 100
237 57 100
237 4 100
238 135 100
238 167 100
238 26 100
239 15 100
239 5 100
239 173 100
240 5 100
240 8 100
240 4 100
241 35 100
241 219 100
241 1 100
242 16 100
242 16 100
242 60 100
243 101 100
243 21 100
243 100 100
244 3 100
244 7 100
244 23 100
245 35 100
245 1 100
245 3 100
246 188 100
246 16 100
246 187 100
247 23 100
247 119 100
247 110 100
248 5 100
248 130 100
248 1 100
249 9 100
249 32 100
249 43 100
250 107 100
250 64 100
250 123 100
251 77 100
251 109 100
251 19 100
252 2 100
252 88 100
252 88 100
253 5 100
253 251 100
253 30 100
254 15 100
254 188 100
254 240 100
255 2 100
255 184 100
255 173 100
256 73 100
256 7 100
256 124 100
257 57 100
257 4 100
257 130 100
258 30 100
258 174 100
258 93 100
259 43 100
259 94 100
259 63 100
260 82 100
260 3 100
260 112 100
261 40 100
261 149 100
261 2 100
262 14 100
262 42 100
262 90 100
263 235 100
263 204 100
263 3 100
264 145 100
264 43 100
264 1 100
265 2 100
265 251 100
265 68 100
266 7 100
266 2 100
266 48 100
267 2 100
267 124 100
267 248 100
268 13 100
268 11 100
268 132 100
269 136 100
269 93 100
269 148 100
270 6 100
270 205 100
270 260 100
271 5 100
271 105 100
271 36 100
272 2 100
272 88 100
272 9 100
273 3 100
273 10 100
273 1 100
274 4 100
274 182 100
274 22 100
275 247 100
275 1 100
275 106 100
276 59 100
276 211 100
276 1 100
277 209 100
277 216 100
277 238 100
278 10 100
278 64 100
278 250 100
279 30 100
279 63 100
279 9 100
280 1 100
280 217 100
280 259 100
281 228 100
281 79 100
281 267 100
282 44 100
282 227 100
282 263 100
283 130 100
283 1 100
283 93 100
284 21 100
284 24 100
284 164 100
285 119 100
285 157 100
285 13 100
286 2 100
286 34 100
286 49 100
287 7 100
287 23 100
287 148 100
288 169 100
288 176 100
288 257 100
289 35 100
289 165 100
289 2 100
290 50 100
290 288 100
290 136 100
291 3 100
291 52 100
291 1 100
292 86 100
292 48 100
292 244 100
293 33 100
293 90 100
293 159 100
294 35 100
294 3 100
294 5 100
295 160 100
295 7 100
295 13 100
296 31 100
296 120 100
296 109 100
297 172 100
297 7 100
297 90 100
298 39 100
298 21 100
298 253 100
299 7 100
299 254 100
299 255 100
300 21 100
300 5 100
300 239 100
301 5 100
301 15 100
301 42 100
302 3 100
302 301 100
302 122 100
303 233 100
303 31 100
303 7 100
304 48 100
304 1 100
304 69 100
305 9 100
305 219 100
305 15 100
306 2 100
306 111 100
306 45 100
307 10 100
307 90 100
307 10 100
308 5 100
308 68 100
308 95 100
309 15 100
309 193 100
309 94 100
310 300 100
310 7 100
310 270 100
311 263 100
311 137 100
311 35 100
312 4 100
312 97 100
312 192 100
313 27 100
313 133 100
313 60 100
314 93 100
314 163 100
314 60 100
315 34 100
315 97 100
315 77 100
316 16 100
316 237 100
316 5 100
317 35 100
317 1 100
317 48 100
318 5 100
318 2 100
318 4 100
319 2 100
319 3 100
319 40 100
320 35 100
320 39 100
320 269 100
321 6 100
321 99 100
321 303 100
322 138 100
322 21 100
322 132 100
323 5 100
323 6 100
323 23 100
324 4 100
324 9 100
324 35 100
325 188 100
325 48 100
325 56 100
326 71 100
326 221 100
326 3 100
327 2 100
327 107 100
327 1 100
328 162 100
328 255 100
328 59 100
329 2 100
329 44 100
329 67 100
330 30 100
330 88 100
330 9 100
331 170 100
331 213 100
331 230 100
332 314 100
332 26 100
332 2 100
333 16 100
333 37 100
333 127 100
334 181 100
334 110 100
334 66 100
335 5 100
335 48 100
335 57 100
336 75 100
336 156 100
336 5 100
337 25 100
337 40 100
337 5 100
338 188 100
338 90 100
338 162 100
339 23 100
339 202 100
339 288 100
340 7 100
340 5 100
340 35 100
341 124 100
341 168 100
341 2 100
342 159 100
342 175 100
342 236 100
343 338 100
343 3 100
343 5 100
344 305 100
344 6 100
344 151 100
345 10 100
345 16 100
345 342 100
346 1 100
346 21 100
346 233 100
347 47 100
347 2 100
347 99 100
348 214 100
348 64 100
348 16 100
349 337 100
349 3 100
349 162 100
350 92 100
350 16 100
350 52 100
351 21 100
351 45 100
351 233 100
352 86 100
352 145 100
352 124 100
353 1 100
353 4 100
353 8 100
354 40 100
354 11 100
354 75 100
355 31 100
355 234 100
355 1 100
356 24 100
356 152 100
356 198 100
357 1 100
357 112 100
357 147 100
358 8 100
358 288 100
358 93 100
359 248 100
359 73 100
359 179 100
360 23 100
360 38 100
360 151 100
361 308 100
361 192 100
361 215 100
362 4 100
362 31 100
362 209 100
363 1 100
363 27 100
363 124 100
364 133 100
364 127 100
364 263 100
365 35 100
365 113 100
365 111 100
366 6 100
366 10 100
366 217 100
367 60 100
367 110 100
367 346 100
368 112 100
368 7 100
368 129 100
369 231 100
369 362 100
369 112 100
370 30 100
370 117 100
370 230 100
371 5 100
371 97 100
371 260 100
372 4 100
372 112 100
372 1 100
373 14 100
373 246 100
373 5 100
374 35 100
374 336 100
374 9 100
375 3 100
375 17 100
375 97 100
376 264 100
376 267 100
376 31 100
377 329 100
377 38 100
377 69 100
378 280 100
378 137 100
378 172 100
379 100 100
379 15 100
379 2 100
380 4 100
380 28 100
380 266 100
381 7 100
381 350 100
381 7 100
382 2 100
382 125 100
382 168 100
383 11 100
383 41 100
383 152 100
384 118 100
384 121 100
384 54 100
385 3 100
385 332 100
385 360 100
386 181 100
386 40 100
386 90 100
387 35 100
387 35 100
387 3 100
388 7 100
388 10 100
388 326 100
389 148 100
389 304 100
389 102 100
390 26 100
390 255 100
390 271 100
391 3 100
391 64 100
391 84 100
392 9 100
392 89 100
392 42 100
393 250 100
393 131 100
393 8 100
394 146 100
394 3 100
394 21 100
395 195 100
395 310 100
395 64 100
396 287 100
396 207 100
396 383 100
397 3 100
397 7 100
397 10 100
398 85 100
398 381 100
398 258 100
399 58 100
399 378 100
399 317 100
400 3 100
400 39 100
400 254 100
401 10 100
401 10 100
401 247 100
402 2 100
402 5 100
402 205 100
403 1 100
403 4 100
403 79 100
404 22 100
404 113 100
404 287 100
405 107 100
405 179 100
405 52 100
406 2 100
406 10 100
406 38 100
407 3 100
407 167 100
407 75 100
408 7 100
408 148 100
408 17 100
409 2 100
409 84 100
409 212 100
410 1 100
410 140 100
410 132 100
411 232 100
411 9 100
411 17 100
412 398 100
412 245 100
412 5 100
413 35 100
413 147 100
413 6 100
414 31 100
414 231 100
414 5 100
415 35 100
415 53 100
415 248 100
416 87 100
416 2 100
416 188 100
417 281 100
417 3 100
417 74 100
418 93 100
418 209 100
418 331 100
419 1 100
419 171 100
419 378 100
420 314 100
420 93 100
420 17 100
421 9 100
421 16 100
421 107 100
422 64 100
422 382 100
422 386 100
423 1 100
423 10 100
423 35 100
424 76 100
424 2 100
424 27 100
425 68 100
425 180 100
425 4 100
426 85 100
426 99 100
426 8 100
427 21 100
427 31 100
427 76 100
428 159 100
428 333 100
428 127 100
429 82 100
429 125 100
429 10 100
430 261 100
430 16 100
430 405 100
431 328 100
431 162 100
431 24 100
432 104 100
432 10 100
432 2 100
433 5 100
433 188 100
433 192 100
434 5 100
434 48 100
434 5 100
435 93 100
435 5 100
435 161 100
436 286 100
436 4 100
436 14 100
437 280 100
437 390 100
437 114 100
438 53 100
438 188 100
438 191 100
439 192 100
439 232 100
439 3 100
440 73 100
440 68 100
440 27 100
441 15 100
441 40 100
441 2 100
442 112 100
442 94 100
442 66 100
443 16 100
443 168 100
443 180 100
444 147 100
444 8 100
444 70 100
445 252 100
445 413 100
445 15 100
446 288 100
446 39 100
446 346 100
447 5 100
447 286 100
447 302 100
448 215 100
448 141 100
448 15 100
449 61 100
449 6 100
449 69 100
450 161 100
450 260 100
450 63 100
451 40 100
451 173 100
451 371 100
452 21 100
452 53 100
452 333 100
453 250 100
453 5 100
453 150 100
454 17 100
454 86 100
454 100 100
455 215 100
455 235 100
455 3 100
456 385 100
456 4 100
456 54 100
457 4 100
457 51 100
457 251 100
458 118 100
458 418 100
458 27 100
459 332 100
459 360 100
459 16 100
460 2 100
460 17 100
460 51 100
461 229 100
461 331 100
461 34 100
462 153 100
462 3 100
462 39 100
463 1 100
463 7 100
463 107 100
464 210 100
464 35 100
464 152 100
465 17 100
465 3 100
465 62 100
466 1 100
466 15 100
466 91 100
467 10 100
467 68 100
467 406 100
468 71 100
468 208 100
468 14 100
469 221 100
469 16 100
469 35 100
470 15 100
470 258 100
470 460 100
471 88 100
471 37 100
471 5 100
472 15 100
472 52 100
472 266 100
473 114 100
473 7 100
473 38 100
474 113 100
474 24 100
474 48 100
475 288 100
475 262 100
475 245 100
476 461 100
476 23 100
476 37 100
477 136 100
477 317 100
477 19 100
478 3 100
478 151 100
478 192 100
479 146 100
479 460 100
479 443 100
480 8 100
480 73 100
480 217 100
481 281 100
481 274 100
481 53 100
482 127 100
482 129 100
482 139 100
483 86 100
483 32 100
483 169 100
484 7 100
484 28 100
484 47 100
485 138 100
485 37 100
485 186 100
486 377 100
486 256 100
486 413 100
487 211 100
487 381 100
487 118 100
488 14 100
488 105 100
488 207 100
489 6 100
489 263 100
489 479 100
490 1 100
490 22 100
490 3 100
491 75 100
491 259 100
491 67 100
492 119 100
492 52 100
492 54 100
493 358 100
493 207 100
493 15 100
494 215 100
494 3 100
494 31 100
495 7 100
495 60 100
495 3 100
496 378 100
496 249 100
496 183 100
497 15 100
497 225 100
497 42 100
498 3 100
498 136 100
498 329 100
499 267 100
499 257 100
499 31 100
500 7 100
500 153 100
500 159 100
501 31 100
501 73 100
501 102 100
502 48 100
502 13 100
502 1 100
503 55 100
503 341 100
503 382 100
504 35 100
504 31 100
504 42 100
505 3 100
505 41 100
505 104 100
506 12 100
506 360 100
506 365 100
507 23 100
507 39 100
507 245 100
508 7 100
508 71 100
508 234 100
509 75 100
509 120 100
509 97 100
510 332 100
510 264 100
510 375 100
511 23 100
511 171 100
511 131 100
512 3 100
512 54 100
512 80 100
513 231 100
513 365 100
513 35 100
514 284 100
514 360 100
514 82 100
515 174 100
515 118 100
515 184 100
516 42 100
516 53 100
516 191 100
517 264 100
517 452 100
517 4 100
518 7 100
518 423 100
518 1 100
519 86 100
519 2 100
519 141 100
520 79 100
520 234 100
520 339 100
521 101 100
521 86 100
521 312 100
522 372 100
522 431 100
522 112 100
523 10 100
523 126 100
523 123 100
524 4 100
524 15 100
524 37 100
525 119 100
525 147 100
525 404 100
526 93 100
526 504 100
526 154 100
527 58 100
527 303 100
527 1 100
528 21 100
528 395 100
528 421 100
529 171 100
529 452 100
529 30 100
530 42 100
530 271 100
530 3 100
531 68 100
531 35 100
531 257 100
532 311 100
532 3 100
532 169 100
533 485 100
533 77 100
533 88 100
534 363 100
534 231 100
534 248 100
535 209 100
535 314 100
535 468 100
536 3 100
536 315 100
536 50 100
537 15 100
537 7 100
537 15 100
538 119 100
538 2 100
538 253 100
539 350 100
539 473 100
539 336 100
540 17 100
540 22 100
540 71 100
541 312 100
541 43 100
541 476 100
542 196 100
542 4 100
542 76 100
543 152 100
543 253 100
543 118 100
544 54 100
544 82 100
544 195 100
545 298 100
545 25 100
545 187 100
546 25 100
546 452 100
546 148 100
547 10 100
547 31 100
547 59 100
548 480 100
548 506 100
548 205 100
549 41 100
549 26 100
549 150 100
550 31 100
550 95 100
550 8 100
551 404 100
551 133 100
551 311 100
552 12 100
552 21 100
552 551 100
553 13 100
553 3 100
553 397 100
554 21 100
554 297 100
554 411 100
555 1 100
555 157 100
555 317 100
556 97 100
556 88 100
556 281 100
557 2 100
557 46 100
557 21 100
558 31 100
558 105 100
558 296 100
559 16 100
559 192 100
559 484 100
560 489 100
560 19 100
560 163 100
561 202 100
561 287 100
561 381 100
562 42 100
562 118 100
562 195 100
563 31 100
563 340 100
563 258 100
564 107 100
564 127 100
564 7 100
565 100 100
565 1 100
565 5 100
566 439 100
566 51 100
566 87 100
567 1 100
567 203 100
567 356 100
568 142 100
568 407 100
568 7 100
569 1 100
569 550 100
569 35 100
570 107 100
570 23 100
570 356 100
571 321 100
571 134 100
571 321 100
572 7 100
572 93 100
572 259 100
573 123 100
573 287 100
573 38 100
574 224 100
574 49 100
574 19 100
575 16 100
575 67 100
575 194 100
576 545 100
576 519 100
576 4 100
577 299 100
577 30 100
577 107 100
578 36 100
578 73 100
578 95 100
579 54 100
579 5 100
579 148 100
580 7 100
580 31 100
580 184 100
581 61 100
581 366 100
581 10 100
582 4 100
582 9 100
582 443 100
583 9 100
583 255 100
583 58 100
584 11 100
584 337 100
584 449 100
585 5 100
585 12 100
585 1 100
586 235 100
586 94 100
586 23 100
587 5 100
587 375 100
587 327 100
588 54 100
588 58 100
588 3 100
589 60 100
589 375 100
589 574 100
590 102 100
590 7 100
590 114 100
591 31 100
591 245 100
591 362 100
592 1 100
592 516 100
592 6 100
593 409 100
593 204 100
593 410 100
594 7 100
594 27 100
594 508 100
595 163 100
595 107 100
595 171 100
596 399 100
596 449 100
596 47 100
597 31 100
597 188 100
597 400 100
598 445 100
598 40 100
598 456 100
599 210 100
599 5 100
599 32 100
600 237 100
600 4 100
600 173 100
601 89 100
601 3 100
601 171 100
602 51 100
602 600 100
602 344 100
603 365 100
603 462 100
603 82 100
604 14 100
604 362 100
604 7 100
605 2 100
605 385 100
605 14 100
606 469 100
606 477 100
606 3 100
607 149 100
607 15 100
607 369 100
608 48 100
608 2 100
608 21 100
609 18 100
609 499 100
609 405 100
610 180 100
610 524 100
610 506 100
611 75 100
611 591 100
611 212 100
612 221 100
612 10 100
612 15 100
613 104 100
613 1 100
613 298 100
614 447 100
614 118 100
614 272 100
615 2 100
615 5 100
615 34 100
616 277 100
616 81 100
616 330 100
617 113 100
617 118 100
617 163 100
618 64 100
618 40 100
618 197 100
619 375 100
619 441 100
619 16 100
620 2 100
620 181 100
620 10 100
621 420 100
621 514 100
621 561 100
622 265 100
622 81 100
622 294 100
623 334 100
623 488 100
623 89 100
624 300 100
624 534 100
624 271 100
625 1 100
625 3 100
625 6 100
626 37 100
626 2 100
626 188 100
627 4 100
627 277 100
627 23 100
628 16 100
628 67 100
628 109 100
629 333 100
629 492 100
629 192 100
630 7 100
630 6 100
630 539 100
631 48 100
631 211 100
631 38 100
632 403 100
632 5 100
632 93 100
633 173 100
633 303 100
633 546 100
634 31 100
634 274 100
634 576 100
635 12 100
635 23 100
635 188 100
636 74 100
636 167 100
636 39 100
637 21 100
637 8 100
637 137 100
638 148 100
638 596 100
638 462 100
639 30 100
639 233 100
639 24 100
640 241 100
640 258 100
640 341 100
641 29 100
641 538 100
641 113 100
642 406 100
642 15 100
642 83 100
643 77 100
643 280 100
643 161 100
644 173 100
644 318 100
644 332 100
645 30 100
645 335 100
645 353 100
646 16 100
646 113 100
646 316 100
647 24 100
647 417 100
647 364 100
648 1 100
648 10 100
648 47 100
649 321 100
649 423 100
649 104 100
650 2 100
650 1 100
650 113 100
651 232 100
651 603 100
651 2 100
652 31 100
652 453 100
652 350 100
653 341 100
653 118 100
653 266 100
654 586 100
654 222 100
654 131 100
655 17 100
655 3 100
655 318 100
656 2 100
656 163 100
656 41 100
657 44 100
657 298 100
657 226 100
658 33 100
658 501 100
658 338 100
659 171 100
659 40 100
659 311 100
660 187 100
660 590 100
660 411 100
661 439 100
661 15 100
661 231 100
662 32 100
662 219 100
662 349 100
663 254 100
663 651 100
663 55 100
664 550 100
664 586 100
664 209 100
665 56 100
665 508 100
665 30 100
666 612 100
666 593 100
666 24 100
667 4 100
667 28 100
667 15 100
668 174 100
668 2 100
668 132 100
669 88 100
669 195 100
669 25 100
670 7 100
670 431 100
670 135 100
671 58 100
671 453 100
671 599 100
672 211 100
672 287 100
672 11 100
673 453 100
673 233 100
673 414 100
674 172 100
674 139 100
674 191 100
675 415 100
675 233 100
675 169 100
676 203 100
676 628 100
676 4 100
677 16 100
677 37 100
677 612 100
678 35 100
678 191 100
678 60 100
679 483 100
679 440 100
679 625 100
680 1 100
680 628 100
680 542 100
681 127 100
681 409 100
681 537 100
682 188 100
682 455 100
682 6 100
683 3 100
683 346 100
683 449 100
684 6 100
684 99 100
684 141 100
685 16 100
685 19 100
685 668 100
686 7 100
686 19 100
686 110 100
687 26 100
687 30 100
687 452 100
688 8 100
688 168 100
688 2 100
689 7 100
689 35 100
689 161 100
690 34 100
690 95 100
690 138 100
691 9 100
691 5 100
691 134 100
692 187 100
692 286 100
692 64 100
693 64 100
693 189 100
693 384 100
694 327 100
694 19 100
694 70 100
695 156 100
695 163 100
695 1 100
696 488 100
696 660 100
696 162 100
697 39 100
697 581 100
697 39 100
698 63 100
698 104 100
698 324 100
699 24 100
699 44 100
699 512 100
700 328 100
700 194 100
700 655 100
701 187 100
701 272 100
701 645 100
702 77 100
702 209 100
702 542 100
703 622 100
703 6 100
703 69 100
704 28 100
704 142 100
704 171 100
705 305 100
705 1 100
705 130 100
706 280 100
706 599 100
706 549 100
707 218 100
707 68 100
707 663 100
708 11 100
708 185 100
708 313 100
709 2 100
709 419 100
709 486 100
710 237 100
710 544 100
710 148 100
711 17 100
711 551 100
711 8 100
712 116 100
712 163 100
712 341 100
713 31 100
713 9 100
713 623 100
714 3 100
714 8 100
714 43 100
715 57 100
715 161 100
715 6 100
716 76 100
716 68 100
716 11 100
717 668 100
717 520 100
717 2 100
718 701 100
718 141 100
718 504 100
719 6 100
719 195 100
719 192 100
720 319 100
720 654 100
720 599 100
721 1 100
721 485 100
721 40 100
722 517 100
722 73 100
722 16 100
723 218 100
723 113 100
723 188 100
724 30 100
724 97 100
724 305 100
725 23 100
725 232 100
725 7 100
726 292 100
726 140 100
726 146 100
727 24 100
727 44 100
727 51 100
728 123 100
728 39 100
728 120 100
729 590 100
729 88 100
729 578 100
730 303 100
730 15 100
730 450 100
731 5 100
731 288 100
731 538 100
732 211 100
732 445 100
732 64 100
733 52 100
733 362 100
733 376 100
734 24 100
734 68 100
734 685 100
735 636 100
735 161 100
735 230 100
736 146 100
736 310 100
736 417 100
737 538 100
737 584 100
737 97 100
738 17 100
738 50 100
738 126 100
739 6 100
739 573 100
739 184 100
740 15 100
740 554 100
740 488 100
741 67 100
741 398 100
741 16 100
742 40 100
742 390 100
742 88 100
743 458 100
743 106 100
743 435 100
744 3 100
744 181 100
744 567 100
745 78 100
745 4 100
745 647 100
746 370 100
746 683 100
746 222 100
747 201 100
747 81 100
747 24 100
748 256 100
748 519 100
748 13 100
749 133 100
749 4 100
749 258 100
750 14 100
750 149 100
750 109 100
751 387 100
751 6 100
751 397 100
752 231 100
752 43 100
752 525 100
753 42 100
753 195 100
753 44 100
754 51 100
754 53 100
754 151 100
755 39 100
755 356 100
755 4 100
756 390 100
756 576 100
756 13 100
757 196 100
757 24 100
757 284 100
758 264 100
758 663 100
758 5 100
759 469 100
759 230 100
759 355 100
760 282 100
760 360 100
760 160 100
761 20 100
761 188 100
761 224 100
762 4 100
762 84 100
762 216 100
763 234 100
763 285 100
763 64 100
764 97 100
764 473 100
764 130 100
765 398 100
765 6 100
765 34 100
766 483 100
766 60 100
766 73 100
767 27 100
767 93 100
767 26 100
768 229 100
768 397 100
768 591 100
769 78 100
769 1 100
769 354 100
770 270 100
770 409 100
770 47 100
771 9 100
771 373 100
771 12 100
772 5 100
772 95 100
772 452 100
773 557 100
773 17 100
773 9 100
774 335 100
774 227 100
774 604 100
775 744 100
775 200 100
775 490 100
776 747 100
776 184 100
776 33 100
777 2 100
777 109 100
777 455 100
778 42 100
778 77 100
778 15 100
779 584 100
779 3 100
779 197 100
780 136 100
780 251 100
780 16 100
781 23 100
781 128 100
781 57 100
782 442 100
782 456 100
782 650 100
783 221 100
783 762 100
783 558 100
784 128 100
784 272 100
784 5 100
785 370 100
785 660 100
785 735 100
786 231 100
786 440 100
786 230 100
787 6 100
787 705 100
787 592 100
788 14 100
788 35 100
788 267 100
789 437 100
789 9 100
789 414 100
790 300 100
790 337 100
790 505 100
791 146 100
791 232 100
791 271 100
792 178 100
792 341 100
792 356 100
793 42 100
793 467 100
793 57 100
794 524 100
794 111 100
794 5 100
795 685 100
795 155 100
795 35 100
796 237 100
796 130 100
796 7 100
797 2 100
797 90 100
797 8 100
798 6 100
798 16 100
798 485 100
799 8 100
799 66 100
799 284 100
800 5 100
800 305 100
800 511 100
801 377 100
801 782 100
801 70 100
802 233 100
802 406 100
802 409 100
803 14 100
803 17 100
803 22 100
804 617 100
804 13 100
804 54 100
805 2 100
805 88 100
805 650 100
806 729 100
806 582 100
806 746 100
807 1 100
807 89 100
807 152 100
808 160 100
808 26 100
808 514 100
809 148 100
809 52 100
809 108 100
810 32 100
810 419 100
810 612 100
811 9 100
811 120 100
811 173 100
812 168 100
812 121 100
812 799 100
813 76 100
813 102 100
813 524 100
814 205 100
814 420 100
814 727 100
815 810 100
815 93 100
815 325 100
816 80 100
816 412 100
816 5 100
817 130 100
817 1 100
817 173 100
818 77 100
818 209 100
818 690 100
819 111 100
819 135 100
819 185 100
820 520 100
820 341 100
820 658 100
821 520 100
821 11 100
821 159 100
822 171 100
822 274 100
822 304 100
823 38 100
823 46 100
823 57 100
824 2 100
824 16 100
824 276 100
825 91 100
825 788 100
825 7 100
826 145 100
826 694 100
826 174 100
827 594 100
827 246 100
827 227 100
828 67 100
828 677 100
828 752 100
829 287 100
829 607 100
829 310 100
830 142 100
830 232 100
830 409 100
831 783 100
831 147 100
831 697 100
832 2 100
832 3 100
832 39 100
833 594 100
833 16 100
833 2 100
834 177 100
834 248 100
834 63 100
835 15 100
835 94 100
835 452 100
836 10 100
836 140 100
836 198 100
837 233 100
837 514 100
837 59 100
838 745 100
838 107 100
838 137 100
839 186 100
839 3 100
839 226 100
840 39 100
840 326 100
840 260 100
841 339 100
841 787 100
841 406 100
842 112 100
842 390 100
842 608 100
843 53 100
843 183 100
843 259 100
844 133 100
844 401 100
844 173 100
845 26 100
845 13 100
845 237 100
846 16 100
846 76 100
846 162 100
847 258 100
847 69 100
847 232 100
848 21 100
848 343 100
848 23 100
849 1 100
849 25 100
849 76 100
850 192 100
850 685 100
850 107 100
851 67 100
851 303 100
851 353 100
852 2 100
852 71 100
852 198 100
853 8 100
853 852 100
853 21 100
854 39 100
854 436 100
854 258 100
855 54 100
855 163 100
855 679 100
856 71 100
856 419 100
856 741 100
857 792 100
857 541 100
857 216 100
858 52 100
858 848 100
858 13 100
859 577 100
859 7 100
859 263 100
860 213 100
860 161 100
860 13 100
861 414 100
861 254 100
861 1 100
862 295 100
862 847 100
862 54 100
863 288 100
863 460 100
863 830 100
864 13 100
864 525 100
864 9 100
865 60 100
865 421 100
865 599 100
866 28 100
866 677 100
866 330 100
867 5 100
867 35 100
867 11 100
868 5 100
868 172 100
868 790 100
869 2 100
869 177 100
869 386 100
870 3 100
870 630 100
870 800 100
871 842 100
871 868 100
871 252 100
872 730 100
872 284 100
872 369 100
873 64 100
873 784 100
873 370 100
874 57 100
874 349 100
874 800 100
875 188 100
875 182 100
875 24 100
876 774 100
876 454 100
876 785 100
877 620 100
877 498 100
877 429 100
878 604 100
878 401 100
878 439 100
879 7 100
879 21 100
879 26 100
880 69 100
880 111 100
880 449 100
881 17 100
881 90 100
881 61 100
882 126 100
882 9 100
882 82 100
883 180 100
883 383 100
883 374 100
884 3 100
884 391 100
884 569 100
885 253 100
885 287 100
885 650 100
886 5 100
886 196 100
886 74 100
887 803 100
887 4 100
887 107 100
888 5 100
888 9 100
888 78 100
889 856 100
889 456 100
889 375 100
890 428 100
890 2 100
890 342 100
891 367 100
891 31 100
891 120 100
892 162 100
892 368 100
892 515 100
893 30 100
893 231 100
893 625 100
894 264 100
894 348 100
894 849 100
895 7 100
895 169 100
895 186 100
896 6 100
896 386 100
896 13 100
897 59 100
897 677 100
897 709 100
898 542 100
898 235 100
898 51 100
899 43 100
899 109 100
899 145 100
900 12 100
900 4 100
900 50 100
901 210 100
901 793 100
901 833 100
902 12 100
902 891 100
902 5 100
903 2 100
903 145 100
903 620 100
904 17 100
904 53 100
904 119 100
905 146 100
905 172 100
905 348 100
906 88 100
906 104 100
906 32 100
907 113 100
907 42 100
907 146 100
908 417 100
908 683 100
908 32 100
909 3 100
909 799 100
909 608 100
910 463 100
910 568 100
910 456 100
911 1 100
911 521 100
911 37 100
912 112 100
912 374 100
912 1 100
913 756 100
913 444 100
913 741 100
914 10 100
914 526 100
914 774 100
915 82 100
915 597 100
915 46 100
916 623 100
916 1 100
916 124 100
917 88 100
917 330 100
917 116 100
918 35 100
918 195 100
918 11 100
919 663 100
919 69 100
919 881 100
920 453 100
920 186 100
920 649 100
921 170 100
921 270 100
921 907 100
922 11 100
922 458 100
922 510 100
923 134 100
923 409 100
923 423 100
924 62 100
924 168 100
924 820 100
925 11 100
925 216 100
925 10 100
926 920 100
926 596 100
926 145 100
927 44 100
927 424 100
927 838 100
928 23 100
928 136 100
928 411 100
929 63 100
929 173 100
929 354 100
930 791 100
930 910 100
930 48 100
931 5 100
931 146 100
931 188 100
932 93 100
932 271 100
932 196 100
933 520 100
933 240 100
933 141 100
934 5 100
934 187 100
934 6 100
935 720 100
935 3 100
935 67 100
936 169 100
936 232 100
936 3 100
937 600 100
937 928 100
937 50 100
938 76 100
938 362 100
938 114 100
939 5 100
939 67 100
939 247 100
940 367 100
940 245 100
940 360 100
941 56 100
941 374 100
941 812 100
942 195 100
942 38 100
942 42 100
943 246 100
943 800 100
943 1 100
944 20 100
944 424 100
944 106 100
945 1 100
945 314 100
945 104 100
946 396 100
946 903 100
946 16 100
947 756 100
947 496 100
947 387 100
948 274 100
948 447 100
948 576 100
949 120 100
949 552 100
949 772 100
950 148 100
950 262 100
950 3 100
951 157 100
951 720 100
951 8 100
952 487 100
952 532 100
952 4 100
953 3 100
953 341 100
953 485 100
954 26 100
954 248 100
954 465 100
955 787 100
955 832 100
955 5 100
956 13 100
956 193 100
956 123 100
957 213 100
957 22 100
957 119 100
958 39 100
958 917 100
958 3 100
959 445 100
959 467 100
959 2 100
960 418 100
960 506 100
960 148 100
961 329 100
961 7 100
961 397 100
962 2 100
962 188 100
962 263 100
963 28 100
963 35 100
963 513 100
964 126 100
964 415 100
964 525 100
965 38 100
965 286 100
965 411 100
966 40 100
966 107 100
966 214 100
967 349 100
967 594 100
967 4 100
968 952 100
968 42 100
968 126 100
969 145 100
969 663 100
969 9 100
970 355 100
970 3 100
970 17 100
971 183 100
971 451 100
971 846 100
972 368 100
972 3 100
972 586 100
973 7 100
973 354 100
973 171 100
974 321 100
974 3 100
974 58 100
975 3 100
975 510 100
975 642 100
976 169 100
976 48 100
976 727 100
977 25 100
977 434 100
977 506 100
978 3 100
978 84 100
978 691 100
979 539 100
979 89 100
979 17 100
980 716 100
980 29 100
980 104 100
981 856 100
981 160 100
981 3 100
982 51 100
982 500 100
982 716 100
983 254 100
983 25 100
983 224 100
984 521 100
984 911 100
984 14 100
985 310 100
985 1 100
985 201 100
986 864 100
986 955 100
986 523 100
987 668 100
987 34 100
987 230 100
988 132 100
988 581 100
988 4 100
989 964 100
989 14 100
989 358 100
990 9 100
990 140 100
990 557 100
991 13 100
991 606 100
991 196 100
992 181 100
992 451 100
992 7 100
993 716 100
993 358 100
993 966 100
994 954 100
994 5 100
994 17 100
995 93 100
995 7 100
995 183 100
996 4 100
996 112 100
996 473 100
997 712 100
997 69 100
997 42 100
998 655 100
998 16 100
998 218 100
999 485 100
999 691 100
999 365 100
1000 162 100
1000 2 100
1000 19 100
1001 17 100
1001 639 100
1001 450 100
1002 171 100
1002 533 100
1002 610 100
1003 414 100
1003 653 100
1003 107 100
1004 835 100
1004 192 100
1004 76 100
1005 5 100
1005 23 100
1005 108 100
1006 86 100
1006 377 100
1006 35 100
1007 34 100
1007 138 100
1007 3 100
1008 462 100
1008 498 100
1008 633 100
1009 2 100
1009 43 100
1009 4 100
1010 131 100
1010 159 100
1010 5 100
1011 449 100
1011 35 100
1011 125 100
1012 135 100
1012 727 100
1012 23 100
1013 373 100
1013 71 100
1013 7 100
1014 397 100
1014 566 100
1014 881 100
1015 53 100
1015 43 100
1015 3 100
1016 383 100
1016 73 100
1016 330 100
1017 211 100
1017 492 100
1017 231 100
1018 424 100
1018 610 100
1018 1 100
1019 5 100
1019 169 100
1019 449 100
1020 2 100
1020 497 100
1020 653 100
1021 7 100
1021 27 100
1021 94 100
1022 7 100
1022 24 100
1022 762 100
1023 504 100
1023 569 100
1023 319 100
1024 419 100
1024 5 100
1024 327 100
1025 3 100
1025 136 100
1025 733 100
1026 576 100
1026 2 100
1026 23 100
1027 85 100
1027 7 100
1027 67 100
1028 385 100
1028 646 100
1028 782 100
1029 227 100
1029 40 100
1029 407 100
1030 4 100
1030 835 100
1030 69 100
1031 169 100
1031 3 100
1031 576 100
1032 666 100
1032 120 100
1032 96 100
1033 317 100
1033 88 100
1033 160 100
1034 38 100
1034 120 100
1034 282 100
1035 63 100
1035 5 100
1035 720 100
1036 107 100
1036 613 100
1036 266 100
1037 677 100
1037 738 100
1037 1004 100
1038 830 100
1038 646 100
1038 27 100
1039 1037 100
1039 16 100
1039 385 100
1040 61 100
1040 222 100
1040 783 100
1041 760 100
1041 762 100
1041 483 100
1042 576 100
1042 918 100
1042 5 100
1043 239 100
1043 492 100
1043 94 100
1044 9 100
1044 245 100
1044 446 100
1045 82 100
1045 33 100
1045 51 100
1046 172 100
1046 8 100
1046 2 100
1047 529 100
1047 170 100
1047 473 100
1048 7 100
1048 249 100
1048 546 100
1049 179 100
1049 354 100
1049 39 100
1050 21 100
1050 95 100
1050 542 100
1051 998 100
1051 265 100
1051 847 100
1052 517 100
1052 4 100
1052 613 100
1053 465 100
1053 171 100
1053 7 100
1054 786 100
1054 376 100
1054 529 100
1055 250 100
1055 722 100
1055 542 100
1056 9 100
1056 16 100
1056 48 100
1057 67 100
1057 226 100
1057 31 100
1058 4 100
1058 818 100
1058 5 100
1059 29 100
1059 182 100
1059 832 100
1060 495 100
1060 417 100
1060 90 100
1061 31 100
1061 453 100
1061 5 100
1062 37 100
1062 371 100
1062 1 100
1063 412 100
1063 451 100
1063 712 100
1064 192 100
1064 23 100
1064 189 100
1065 15 100
1065 935 100
1065 191 100
1066 829 100
1066 39 100
1066 69 100
1067 790 100
1067 254 100
1067 681 100
1068 707 100
1068 1051 100
1068 677 100
1069 661 100
1069 68 100
1069 317 100
1070 35 100
1070 199 100
1070 371 100
1071 9 100
1071 31 100
1071 35 100
1072 9 100
1072 231 100
1072 77 100
1073 31 100
1073 59 100
1073 454 100
1074 48 100
1074 39 100
1074 177 100
1075 16 100
1075 101 100
1075 209 100
1076 71 100
1076 104 100
1076 569 100
1077 716 100
1077 2 100
1077 107 100
1078 164 100
1078 192 100
1078 263 100
1079 169 100
1079 3 100
1079 79 100
1080 807 100
1080 88 100
1080 109 100
1081 15 100
1081 694 100
1081 680 100
1082 146 100
1082 341 100
1082 80 100
1083 4 100
1083 213 100
1083 219 100
1084 11 100
1084 310 100
1084 123 100
1085 5 100
1085 48 100
1085 172 100
1086 625 100
1086 612 100
1086 82 100
1087 236 100
1087 353 100
1087 9 100
1088 182 100
1088 231 100
1088 346 100
1089 546 100
1089 685 100
1089 1035 100
1090 241 100
1090 597 100
1090 955 100
1091 88 100
1091 333 100
1091 102 100
1092 995 100
1092 7 100
1092 51 100
1093 17 100
1093 258 100
1093 31 100
1094 48 100
1094 59 100
1094 61 100
1095 226 100
1095 22 100
1095 608 100
1096 417 100
1096 690 100
1096 1003 100
1097 42 100
1097 177 100
1097 16 100
1098 231 100
1098 3 100
1098 17 100
1099 206 100
1099 2 100
1099 88 100
1100 239 100
1100 456 100
1100 123 100
1101 172 100
1101 397 100
1101 730 100
1102 259 100
1102 8 100
1102 583 100
1103 39 100
1103 223 100
1103 791 100
1104 213 100
1104 1 100
1104 449 100
1105 322 100
1105 396 100
1105 595 100
1106 333 100
1106 546 100
1106 563 100
1107 152 100
1107 134 100
1107 37 100
1108 64 100
1108 310 100
1108 1 100
1109 599 100
1109 3 100
1109 259 100
1110 1 100
1110 21 100
1110 373 100
1111 39 100
1111 10 100
1111 21 100
1112 30 100
1112 2 100
1112 8 100
1113 1091 100
1113 25 100
1113 107 100
1114 399 100
1114 2 100
1114 4 100
1115 3 100
1115 7 100
1115 169 100
1116 306 100
1116 424 100
1116 343 100
1117 130 100
1117 63 100
1117 936 100
1118 680 100
1118 41 100
1118 806 100
1119 953 100
1119 39 100
1119 236 100
1120 51 100
1120 57 100
1120 1015 100
1121 38 100
1121 88 100
1121 61 100
1122 360 100
1122 539 100
1122 619 100
1123 434 100
1123 214 100
1123 469 100
1124 497 100
1124 159 100
1124 866 100
1125 1052 100
1125 81 100
1125 634 100
1126 75 100
1126 128 100
1126 200 100
1127 7 100
1127 79 100
1127 234 100
1128 5 100
1128 63 100
1128 6 100
1129 675 100
1129 800 100
1129 10 100
1130 86 100
1130 616 100
1130 859 100
1131 10 100
1131 276 100
1131 358 100
1132 362 100
1132 60 100
1132 124 100
1133 662 100
1133 4 100
1133 295 100
1134 40 100
1134 125 100
1134 580 100
1135 251 100
1135 504 100
1135 211 100
1136 7 100
1136 750 100
1136 1044 100
1137 119 100
1137 234 100
1137 2 100
1138 35 100
1138 859 100
1138 1 100
1139 128 100
1139 1 100
1139 61 100
1140 780 100
1140 191 100
1140 666 100
1141 469 100
1141 920 100
1141 25 100
1142 130 100
1142 1084 100
1142 571 100
1143 133 100
1143 2 100
1143 1 100
1144 516 100
1144 56 100
1144 44 100
1145 800 100
1145 1067 100
1145 1060 100
1146 1103 100
1146 1014 100
1146 907 100
1147 660 100
1147 59 100
1147 433 100
1148 14 100
1148 21 100
1148 923 100
1149 805 100
1149 148 100
1149 211 100
1150 9 100
1150 15 100
1150 411 100
1151 27 100
1151 248 100
1151 48 100
1152 7 100
1152 572 100
1152 492 100
1153 414 100
1153 54 100
1153 782 100
1154 499 100
1154 73 100
1154 41 100
1155 67 100
1155 73 100
1155 338 100
1156 5 100
1156 255 100
1156 12 100
1157 373 100
1157 557 100
1157 26 100
1158 810 100
1158 1135 100
1158 25 100
1159 118 100
1159 672 100
1159 4 100
1160 25 100
1160 85 100
1160 51 100
1161 401 100
1161 570 100
1161 9 100
1162 3 100
1162 281 100
1162 585 100
1163 859 100
1163 112 100
1163 705 100
1164 100 100
1164 218 100
1164 883 100
1165 23 100
1165 252 100
1165 207 100
1166 7 100
1166 121 100
1166 1118 100
1167 16 100
1167 24 100
1167 13 100
1168 1100 100
1168 170 100
1168 7 100
1169 303 100
1169 133 100
1169 799 100
1170 13 100
1170 41 100
1170 195 100
1171 112 100
1171 715 100
1171 438 100
1172 197 100
1172 316 100
1172 86 100
1173 271 100
1173 86 100
1173 412 100
1174 3 100
1174 810 100
1174 871 100
1175 148 100
1175 197 100
1175 342 100
1176 28 100
1176 59 100
1176 68 100
1177 485 100
1177 398 100
1177 1105 100
1178 1 100
1178 1043 100
1178 181 100
1179 1125 100
1179 710 100
1179 898 100
1180 199 100
1180 483 100
1180 8 100
1181 30 100
1181 996 100
1181 452 100
1182 784 100
1182 3 100
1182 611 100
1183 682 100
1183 997 100
1183 266 100
1184 254 100
1184 477 100
1184 540 100
1185 140 100
1185 404 100
1185 269 100
1186 438 100
1186 236 100
1186 254 100
1187 230 100
1187 250 100
1187 376 100
1188 16 100
1188 659 100
1188 1055 100
1189 807 100
1189 84 100
1189 93 100
1190 15 100
1190 701 100
1190 77 100
1191 40 100
1191 1131 100
1191 426 100
1192 130 100
1192 404 100
1192 937 100
1193 16 100
1193 281 100
1193 498 100
1194 516 100
1194 189 100
1194 203 100
1195 26 100
1195 362 100
1195 473 100
1196 10 100
1196 640 100
1196 839 100
1197 333 100
1197 485 100
1197 1025 100
1198 65 100
1198 588 100
1198 760 100
1199 31 100
1199 258 100
1199 819 100
1200 4 100
1200 504 100
1200 383 100
1201 248 100
1201 443 100
1201 537 100
1202 7 100
1202 92 100
1202 682 100
1203 791 100
1203 7 100
1203 23 100
1204 133 100
1204 169 100
1204 884 100
1205 6 100
1205 7 100
1205 834 100
1206 1 100
1206 2 100
1206 5 100
1207 303 100
1207 274 100
1207 529 100
1208 209 100
1208 19 100
1208 50 100
1209 117 100
1209 751 100
1209 48 100
1210 462 100
1210 1000 100
1210 547 100
1211 25 100
1211 452 100
1211 130 100
1212 9 100
1212 45 100
1212 142 100
1213 353 100
1213 19 100
1213 981 100
1214 10 100
1214 16 100
1214 226 100
1215 279 100
1215 311 100
1215 1005 100
1216 113 100
1216 362 100
1216 608 100
1217 884 100
1217 2 100
1217 16 100
1218 1131 100
1218 8 100
1218 23 100
1219 231 100
1219 640 100
1219 18 100
1220 9 100
1220 455 100
1220 83 100
1221 195 100
1221 1100 100
1221 297 100
1222 159 100
1222 1017 100
1222 98 100
1223 691 100
1223 611 100
1223 1021 100
1224 7 100
1224 118 100
1224 29 100
1225 20 100
1225 151 100
1225 271 100
1226 8 100
1226 348 100
1226 396 100
1227 53 100
1227 452 100
1227 215 100
1228 248 100
1228 424 100
1228 168 100
1229 48 100
1229 221 100
1229 980 100
1230 30 100
1230 758 100
1230 824 100
1231 16 100
1231 77 100
1231 970 100
1232 14 100
1232 467 100
1232 201 100
1233 95 100
1233 973 100
1233 16 100
1234 6 100
1234 453 100
1234 492 100
1235 442 100
1235 385 100
1235 133 100
1236 233 100
1236 599 100
1236 10 100
1237 19 100
1237 133 100
1237 16 100
1238 68 100
1238 454 100
1238 68 100
1239 7 100
1239 559 100
1239 830 100
1240 599 100
1240 4 100
1240 73 100
1241 629 100
1241 1108 100
1241 57 100
1242 982 100
1242 5 100
1242 444 100
1243 1082 100
1243 7 100
1243 390 100
1244 54 100
1244 648 100
1244 230 100
1245 71 100
1245 232 100
1245 267 100
1246 104 100
1246 409 100
1246 41 100
1247 130 100
1247 293 100
1247 1191 100
1248 217 100
1248 16 100
1248 363 100
1249 98 100
1249 74 100
1249 1122 100
1250 1051 100
1250 1198 100
1250 959 100
1251 83 100
1251 35 100
1251 1147 100
1252 254 100
1252 23 100
1252 114 100
1253 845 100
1253 4 100
1253 846 100
1254 3 100
1254 822 100
1254 53 100
1255 35 100
1255 1193 100
1255 177 100
1256 16 100
1256 152 100
1256 130 100
1257 12 100
1257 1247 100
1257 172 100
1258 167 100
1258 31 100
1258 973 100
1259 189 100
1259 130 100
1259 520 100
1260 1224 100
1260 880 100
1260 972 100
1261 225 100
1261 787 100
1261 879 100
1262 42 100
1262 15 100
1262 123 100
1263 7 100
1263 840 100
1263 133 100
1264 507 100
1264 1121 100
1264 652 100
1265 2 100
1265 231 100
1265 589 100
1266 86 100
1266 10 100
1266 124 100
1267 226 100
1267 434 100
1267 968 100
1268 7 100
1268 30 100
1268 774 100
1269 574 100
1269 27 100
1269 317 100
1270 6 100
1270 363 100
1270 23 100
1271 112 100
1271 362 100
1271 608 100
1272 398 100
1272 221 100
1272 167 100
1273 2 100
1273 16 100
1273 172 100
1274 1 100
1274 3 100
1274 403 100
1275 68 100
1275 563 100
1275 1038 100
1276 107 100
1276 546 100
1276 1004 100
1277 4 100
1277 82 100
1277 152 100
1278 1191 100
1278 1053 100
1278 319 100
1279 15 100
1279 32 100
1279 684 100
1280 675 100
1280 606 100
1280 1246 100
1281 12 100
1281 709 100
1281 772 100
1282 1 100
1282 44 100
1282 485 100
1283 230 100
1283 1242 100
1283 1056 100
1284 637 100
1284 1081 100
1284 52 100
1285 1144 100
1285 224 100
1285 741 100
1286 233 100
1286 320 100
1286 749 100
1287 142 100
1287 35 100
1287 130 100
1288 9 100
1288 986 100
1288 230 100
1289 68 100
1289 110 100
1289 549 100
1290 337 100
1290 187 100
1290 855 100
1291 22 100
1291 95 100
1291 35 100
1292 146 100
1292 424 100
1292 1235 100
1293 1279 100
1293 771 100
1293 219 100
1294 449 100
1294 4 100
1294 35 100
1295 2 100
1295 131 100
1295 230 100
1296 317 100
1296 5 100
1296 145 100
1297 5 100
1297 104 100
1297 848 100
1298 322 100
1298 24 100
1298 718 100
1299 2 100
1299 44 100
1299 230 100
1300 1144 100
1300 15 100
1300 779 100
1301 5 100
1301 1117 100
1301 1153 100
1302 23 100
1302 333 100
1302 35 100
1303 16 100
1303 254 100
1303 723 100
1304 979 100
1304 94 100
1304 77 100
1305 584 100
1305 903 100
1305 75 100
1306 17 100
1306 1008 100
1306 449 100
1307 566 100
1307 1287 100
1307 952 100
1308 51 100
1308 256 100
1308 19 100
1309 353 100
1309 880 100
1309 1 100
1310 256 100
1310 965 100
1310 271 100
1311 131 100
1311 3 100
1311 452 100
1312 114 100
1312 539 100
1312 330 100
1313 212 100
1313 574 100
1313 747 100
1314 660 100
1314 820 100
1314 1138 100
1315 167 100
1315 266 100
1315 899 100
1316 185 100
1316 961 100
1316 82 100
1317 1242 100
1317 29 100
1317 619 100
1318 739 100
1318 769 100
1318 31 100
1319 405 100
1319 517 100
1319 155 100
1320 779 100
1320 148 100
1320 285 100
1321 191 100
1321 1063 100
1321 51 100
1322 165 100
1322 195 100
1322 228 100
1323 163 100
1323 702 100
1323 5 100
1324 88 100
1324 727 100
1324 1123 100
1325 449 100
1325 612 100
1325 253 100
1326 690 100
1326 7 100
1326 456 100
1327 24 100
1327 26 100
1327 315 100
1328 3 100
1328 224 100
1328 277 100
1329 584 100
1329 647 100
1329 1284 100
1330 55 100
1330 789 100
1330 103 100
1331 465 100
1331 3 100
1331 936 100
1332 380 100
1332 745 100
1332 1196 100
1333 16 100
1333 26 100
1333 70 100
1334 53 100
1334 729 100
1334 15 100
1335 902 100
1335 917 100
1335 10 100
1336 1274 100
1336 1044 100
1336 232 100
1337 1012 100
1337 597 100
1337 48 100
1338 586 100
1338 8 100
1338 406 100
1339 1297 100
1339 626 100
1339 67 100
1340 521 100
1340 1302 100
1340 81 100
1341 2 100
1341 43 100
1341 172 100
1342 6 100
1342 13 100
1342 603 100
1343 787 100
1343 76 100
1343 12 100
1344 31 100
1344 179 100
1344 97 100
1345 247 100
1345 93 100
1345 124 100
1346 286 100
1346 730 100
1346 1254 100
1347 106 100
1347 130 100
1347 162 100
1348 85 100
1348 31 100
1348 23 100
1349 1 100
1349 634 100
1349 315 100
1350 71 100
1350 88 100
1350 1266 100
1351 741 100
1351 9 100
1351 1159 100
1352 82 100
1352 21 100
1352 136 100
1353 373 100
1353 838 100
1353 561 100
1354 8 100
1354 25 100
1354 674 100
1355 48 100
1355 494 100
1355 200 100
1356 21 100
1356 818 100
1356 358 100
1357 2 100
1357 1262 100
1357 10 100
1358 21 100
1358 2 100
1358 491 100
1359 931 100
1359 287 100
1359 64 100
1360 224 100
1360 402 100
1360 836 100
1361 866 100
1361 16 100
1361 915 100
1362 26 100
1362 113 100
1362 637 100
1363 263 100
1363 199 100
1363 224 100
1364 8 100
1364 67 100
1364 94 100
1365 439 100
1365 90 100
1365 1104 100
1366 924 100
1366 107 100
1366 260 100
1367 223 100
1367 1234 100
1367 643 100
1368 362 100
1368 8 100
1368 23 100
1369 203 100
1369 21 100
1369 830 100
1370 88 100
1370 271 100
1370 419 100
1371 2 100
1371 92 100
1371 215 100
1372 217 100
1372 189 100
1372 230 100
1373 252 100
1373 521 100
1373 604 100
1374 164 100
1374 508 100
1374 1119 100
1375 559 100
1375 1057 100
1375 3 100
1376 1172 100
1376 605 100
1376 760 100
1377 40 100
1377 9 100
1377 207 100
1378 109 100
1378 1003 100
1378 227 100
1379 39 100
1379 381 100
1379 565 100
1380 6 100
1380 377 100
1380 409 100
1381 847 100
1381 256 100
1381 1370 100
1382 35 100
1382 569 100
1382 702 100
1383 558 100
1383 17 100
1383 244 100
1384 796 100
1384 753 100
1384 879 100
1385 155 100
1385 130 100
1385 151 100
1386 398 100
1386 405 100
1386 64 100
1387 1199 100
1387 147 100
1387 1029 100
1388 1 100
1388 816 100
1388 1267 100
1389 42 100
1389 169 100
1389 7 100
1390 35 100
1390 848 100
1390 553 100
1391 506 100
1391 1 100
1391 191 100
1392 228 100
1392 524 100
1392 525 100
1393 15 100
1393 1075 100
1393 1306 100
1394 47 100
1394 157 100
1394 409 100
1395 838 100
1395 541 100
1395 736 100
1396 141 100
1396 220 100
1396 772 100
1397 858 100
1397 599 100
1397 1091 100
1398 13 100
1398 980 100
1398 1211 100
1399 231 100
1399 584 100
1399 92 100
1400 148 100
1400 95 100
1400 571 100
1401 35 100
1401 163 100
1401 712 100
1402 363 100
1402 745 100
1402 386 100
1403 662 100
1403 631 100
1403 2 100
1404 80 100
1404 91 100
1404 569 100
1405 222 100
1405 390 100
1405 7 100
1406 42 100
1406 318 100
1406 293 100
1407 14 100
1407 185 100
1407 25 100
1408 127 100
1408 1274 100
1408 25 100
1409 478 100
1409 3 100
1409 63 100
1410 4 100
1410 17 100
1410 42 100
1411 22 100
1411 172 100
1411 304 100
1412 19 100
1412 316 100
1412 697 100
1413 254 100
1413 1373 100
1413 120 100
1414 616 100
1414 3 100
1414 24 100
1415 528 100
1415 358 100
1415 451 100
1416 3 100
1416 539 100
1416 93 100
1417 31 100
1417 69 100
1417 84 100
1418 12 100
1418 1085 100
1418 1283 100
1419 553 100
1419 173 100
1419 147 100
1420 4 100
1420 77 100
1420 658 100
1421 840 100
1421 189 100
1421 3 100
1422 194 100
1422 343 100
1422 183 100
1423 1014 100
1423 6 100
1423 682 100
1424 140 100
1424 222 100
1424 1395 100
1425 5 100
1425 313 100
1425 116 100
1426 230 100
1426 6 100
1426 478 100
1427 233 100
1427 15 100
1427 650 100
1428 1133 100
1428 376 100
1428 1237 100
1429 64 100
1429 214 100
1429 223 100
1430 197 100
1430 220 100
1430 71 100
1431 46 100
1431 195 100
1431 221 100
1432 38 100
1432 417 100
1432 209 100
1433 59 100
1433 234 100
1433 1194 100
1434 27 100
1434 73 100
1434 979 100
1435 127 100
1435 17 100
1435 360 100
1436 215 100
1436 14 100
1436 38 100
1437 43 100
1437 253 100
1437 9 100
1438 503 100
1438 7 100
1438 139 100
1439 849 100
1439 380 100
1439 429 100
1440 211 100
1440 413 100
1440 736 100
1441 98 100
1441 667 100
1441 26 100
1442 850 100
1442 93 100
1442 853 100
1443 112 100
1443 177 100
1443 1408 100
1444 114 100
1444 938 100
1444 454 100
1445 67 100
1445 6 100
1445 835 100
1446 226 100
1446 586 100
1446 333 100
1447 955 100
1447 99 100
1447 485 100
1448 300 100
1448 342 100
1448 468 100
1449 15 100
1449 88 100
1449 3 100
1450 1108 100
1450 304 100
1450 1384 100
1451 328 100
1451 152 100
1451 183 100
1452 61 100
1452 306 100
1452 94 100
1453 1 100
1453 30 100
1453 101 100
1454 27 100
1454 832 100
1454 115 100
1455 167 100
1455 1320 100
1455 4 100
1456 42 100
1456 522 100
1456 50 100
1457 54 100
1457 258 100
1457 17 100
1458 352 100
1458 1302 100
1458 54 100
1459 521 100
1459 7 100
1459 842 100
1460 871 100
1460 24 100
1460 21 100
1461 430 100
1461 353 100
1461 653 100
1462 226 100
1462 1246 100
1462 424 100
1463 120 100
1463 354 100
1463 354 100
1464 25 100
1464 353 100
1464 93 100
1465 88 100
1465 1293 100
1465 1141 100
1466 874 100
1466 75 100
1466 33 100
1467 690 100
1467 2 100
1467 1262 100
1468 63 100
1468 34 100
1468 616 100
1469 44 100
1469 120 100
1469 140 100
1470 1128 100
1470 4 100
1470 64 100
1471 766 100
1471 771 100
1471 64 100
1472 1038 100
1472 1 100
1472 4 100
1473 901 100
1473 68 100
1473 123 100
1474 127 100
1474 20 100
1474 712 100
1475 551 100
1475 696 100
1475 833 100
1476 703 100
1476 1423 100
1476 727 100
1477 64 100
1477 197 100
1477 526 100
1478 539 100
1478 80 100
1478 852 100
1479 31 100
1479 652 100
1479 176 100
1480 162 100
1480 1 100
1480 55 100
1481 1134 100
1481 139 100
1481 205 100
1482 1305 100
1482 13 100
1482 43 100
1483 8 100
1483 1422 100
1483 411 100
1484 58 100
1484 1270 100
1484 2 100
1485 1074 100
1485 150 100
1485 905 100
1486 516 100
1486 599 100
1486 498 100
1487 748 100
1487 888 100
1487 844 100
1488 42 100
1488 157 100
1488 548 100
1489 417 100
1489 218 100
1489 19 100
1490 9 100
1490 15 100
1490 43 100
1491 153 100
1491 42 100
1491 71 100
1492 10 100
1492 37 100
1492 560 100
1493 595 100
1493 1423 100
1493 3 100
1494 227 100
1494 579 100
1494 483 100
1495 3 100
1495 866 100
1495 203 100
1496 1 100
1496 215 100
1496 15 100
1497 69 100
1497 488 100
1497 23 100
1498 1060 100
1498 45 100
1498 43 100
1499 11 100
1499 107 100
1499 86 100
1500 71 100
1500 429 100
1500 888 100
1501 127 100
1501 106 100
1501 1434 100
1502 4 100
1502 1409 100
1502 101 100
1503 15 100
1503 434 100
1503 60 100
1504 47 100
1504 93 100
1504 15 100
1505 706 100
1505 766 100
1505 5 100
1506 1 100
1506 496 100
1506 54 100
1507 9 100
1507 231 100
1507 1495 100
1508 251 100
1508 515 100
1508 1198 100
1509 438 100
1509 1018 100
1509 298 100
1510 16 100
1510 407 100
1510 782 100
1511 12 100
1511 452 100
1511 80 100
1512 2 100
1512 7 100
1512 1358 100
1513 883 100
1513 149 100
1513 444 100
1514 13 100
1514 643 100
1514 955 100
1515 1 100
1515 191 100
1515 1417 100
1516 88 100
1516 31 100
1516 600 100
1517 5 100
1517 455 100
1517 1512 100
1518 4 100
1518 172 100
1518 1187 100
1519 2 100
1519 782 100
1519 29 100
1520 1480 100
1520 373 100
1520 524 100
1521 74 100
1521 540 100
1521 768 100
1522 21 100
1522 503 100
1522 531 100
1523 121 100
1523 841 100
1523 1018 100
1524 5 100
1524 137 100
1524 19 100
1525 1320 100
1525 21 100
1525 834 100
1526 73 100
1526 337 100
1526 666 100
1527 19 100
1527 32 100
1527 486 100
1528 80 100
1528 1047 100
1528 5 100
1529 46 100
1529 412 100
1529 800 100
1530 9 100
1530 1486 100
1530 88 100
1531 35 100
1531 902 100
1531 74 100
1532 623 100
1532 868 100
1532 569 100
1533 167 100
1533 7 100
1533 949 100
1534 88 100
1534 17 100
1534 75 100
1535 107 100
1535 854 100
1535 1012 100
1536 611 100
1536 39 100
1536 461 100
1537 54 100
1537 80 100
1537 486 100
1538 281 100
1538 911 100
1538 1312 100
1539 292 100
1539 1313 100
1539 69 100
1540 656 100
1540 1394 100
1540 16 100
1541 375 100
1541 1 100
1541 1265 100
1542 534 100
1542 801 100
1542 1 100
1543 1042 100
1543 216 100
1543 312 100
1544 373 100
1544 1287 100
1544 349 100
1545 849 100
1545 948 100
1545 7 100
1546 452 100
1546 815 100
1546 1252 100
1547 52 100
1547 83 100
1547 571 100
1548 188 100
1548 718 100
1548 629 100
1549 4 100
1549 25 100
1549 179 100
1550 9 100
1550 1235 100
1550 109 100
1551 495 100
1551 205 100
1551 785 100
1552 97 100
1552 918 100
1552 738 100
1553 838 100
1553 7 100
1553 1037 100
1554 859 100
1554 224 100
1554 35 100
1555 2 100
1555 373 100
1555 640 100
1556 5 100
1556 312 100
1556 15 100
1557 23 100
1557 951 100
1557 174 100
1558 453 100
1558 668 100
1558 1011 100
1559 2 100
1559 195 100
1559 1409 100
1560 81 100
1560 486 100
1560 1005 100
1561 40 100
1561 875 100
1561 42 100
1562 231 100
1562 310 100
1562 1075 100
1563 2 100
1563 1226 100
1563 64 100
1564 1047 100
1564 1272 100
1564 5 100
1565 415 100
1565 492 100
1565 786 100
1566 201 100
1566 734 100
1566 566 100
1567 1017 100
1567 68 100
1567 83 100
1568 42 100
1568 1054 100
1568 467 100
1569 490 100
1569 1324 100
1569 1253 100
1570 620 100
1570 1407 100
1570 3 100
1571 1 100
1571 238 100
1571 913 100
1572 26 100
1572 1415 100
1572 360 100
1573 59 100
1573 47 100
1573 60 100
1574 11 100
1574 756 100
1574 655 100
1575 31 100
1575 341 100
1575 629 100
1576 251 100
1576 726 100
1576 1230 100
1577 355 100
1577 26 100
1577 9 100
1578 85 100
1578 1 100
1578 335 100
1579 182 100
1579 284 100
1579 313 100
1580 1325 100
1580 1030 100
1580 562 100
1581 258 100
1581 546 100
1581 917 100
1582 1213 100
1582 384 100
1582 350 100
1583 1413 100
1583 25 100
1583 1105 100
1584 3 100
1584 194 100
1584 787 100
1585 701 100
1585 1323 100
1585 163 100
1586 21 100
1586 224 100
1586 1072 100
1587 810 100
1587 233 100
1587 551 100
1588 525 100
1588 39 100
1588 16 100
1589 927 100
1589 198 100
1589 317 100
1590 15 100
1590 439 100
1590 677 100
1591 161 100
1591 384 100
1591 1 100
1592 696 100
1592 7 100
1592 551 100
1593 890 100
1593 1194 100
1593 1553 100
1594 1577 100
1594 17 100
1594 1 100
1595 797 100
1595 83 100
1595 104 100
1596 2 100
1596 52 100
1596 618 100
1597 296 100
1597 150 100
1597 1172 100
1598 453 100
1598 696 100
1598 1206 100
1599 150 100
1599 1500 100
1599 683 100
1600 170 100
1600 343 100
1600 41 100
1601 1154 100
1601 6 100
1601 48 100
1602 343 100
1602 488 100
1602 553 100
1603 643 100
1603 1244 100
1603 229 100
1604 1278 100
1604 2 100
1604 569 100
1605 3 100
1605 1012 100
1605 315 100
1606 78 100
1606 360 100
1606 1536 100
1607 414 100
1607 791 100
1607 104 100
1608 37 100
1608 613 100
1608 980 100
1609 97 100
1609 1429 100
1609 5 100
1610 37 100
1610 812 100
1610 1145 100
1611 349 100
1611 146 100
1611 1445 100
1612 233 100
1612 354 100
1612 444 100
1613 230 100
1613 1410 100
1613 63 100
1614 73 100
1614 546 100
1614 1411 100
1615 782 100
1615 358 100
1615 148 100
1616 209 100
1616 271 100
1616 806 100
1617 341 100
1617 525 100
1617 630 100
1618 1147 100
1618 415 100
1618 774 100
1619 1282 100
1619 1343 100
1619 1595 100
1620 242 100
1620 358 100
1620 947 100
1621 229 100
1621 351 100
1621 1 100
1622 209 100
1622 1613 100
1622 93 100
1623 1220 100
1623 243 100
1623 1532 100
1624 1029 100
1624 14 100
1624 209 100
1625 112 100
1625 525 100
1625 1326 100
1626 1143 100
1626 605 100
1626 647 100
1627 323 100
1627 1303 100
1627 121 100
1628 407 100
1628 494 100
1628 1491 100
1629 168 100
1629 222 100
1629 1560 100
1630 75 100
1630 447 100
1630 978 100
1631 40 100
1631 176 100
1631 424 100
1632 5 100
1632 450 100
1632 1190 100
1633 68 100
1633 629 100
1633 1235 100
1634 27 100
1634 553 100
1634 9 100
1635 81 100
1635 31 100
1635 1621 100
1636 720 100
1636 580 100
1636 1405 100
1637 1606 100
1637 78 100
1637 756 100
1638 445 100
1638 568 100
1638 10 100
1639 80 100
1639 1249 100
1639 194 100
1640 314 100
1640 116 100
1640 102 100
1641 21 100
1641 1333 100
1641 7 100
1642 3 100
1642 24 100
1642 38 100
1643 689 100
1643 1292 100
1643 1642 100
1644 4 100
1644 574 100
1644 6 100
1645 424 100
1645 1254 100
1645 1536 100
1646 5 100
1646 64 100
1646 335 100
1647 522 100
1647 333 100
1647 60 100
1648 1179 100
1648 13 100
1648 498 100
1649 17 100
1649 580 100
1649 184 100
1650 1516 100
1650 1579 100
1650 683 100
1651 871 100
1651 1351 100
1651 25 100
1652 40 100
1652 84 100
1652 1313 100
1653 31 100
1653 195 100
1653 729 100
1654 5 100
1654 7 100
1654 75 100
1655 16 100
1655 214 100
1655 235 100
1656 780 100
1656 1087 100
1656 666 100
1657 21 100
1657 859 100
1657 27 100
1658 338 100
1658 414 100
1658 7 100
1659 52 100
1659 97 100
1659 37 100
1660 3 100
1660 793 100
1660 1232 100
1661 365 100
1661 1089 100
1661 1450 100
1662 287 100
1662 624 100
1662 643 100
1663 6 100
1663 1596 100
1663 916 100
1664 250 100
1664 1649 100
1664 46 100
1665 6 100
1665 672 100
1665 388 100
1666 1059 100
1666 185 100
1666 27 100
1667 51 100
1667 415 100
1667 697 100
1668 84 100
1668 920 100
1668 532 100
1669 1220 100
1669 77 100
1669 283 100
1670 1075 100
1670 242 100
1670 79 100
1671 292 100
1671 4 100
1671 181 100
1672 581 100
1672 130 100
1672 595 100
1673 2 100
1673 12 100
1673 5 100
1674 136 100
1674 272 100
1674 22 100
1675 180 100
1675 414 100
1675 853 100
1676 637 100
1676 2 100
1676 66 100
1677 335 100
1677 851 100
1677 470 100
1678 29 100
1678 336 100
1678 720 100
1679 44 100
1679 143 100
1679 16 100
1680 655 100
1680 301 100
1680 572 100
1681 240 100
1681 1261 100
1681 1452 100
1682 1538 100
1682 168 100
1682 104 100
1683 1082 100
1683 384 100
1683 1458 100
1684 215 100
1684 265 100
1684 263 100
1685 137 100
1685 33 100
1685 437 100
1686 75 100
1686 134 100
1686 1403 100
1687 3 100
1687 303 100
1687 460 100
1688 63 100
1688 386 100
1688 61 100
1689 13 100
1689 646 100
1689 1190 100
1690 2 100
1690 118 100
1690 52 100
1691 188 100
1691 107 100
1691 265 100
1692 39 100
1692 1509 100
1692 1029 100
1693 3 100
1693 1251 100
1693 87 100
1694 102 100
1694 1057 100
1694 1138 100
1695 5 100
1695 11 100
1695 182 100
1696 2 100
1696 1235 100
1696 1542 100
1697 23 100
1697 47 100
1697 31 100
1698 68 100
1698 846 100
1698 1061 100
1699 1235 100
1699 23 100
1699 511 100
1700 209 100
1700 1114 100
1700 1357 100
1701 15 100
1701 467 100
1701 260 100
1702 5 100
1702 456 100
1702 69 100
1703 16 100
1703 21 100
1703 903 100
1704 236 100
1704 473 100
1704 126 100
1705 3 100
1705 785 100
1705 354 100
1706 531 100
1706 207 100
1706 413 100
1707 488 100
1707 48 100
1707 7 100
1708 191 100
1708 8 100
1708 82 100
1709 267 100
1709 28 100
1709 734 100
1710 152 100
1710 77 100
1710 301 100
1711 30 100
1711 880 100
1711 97 100
1712 176 100
1712 1070 100
1712 82 100
1713 634 100
1713 973 100
1713 13 100
1714 10 100
1714 1162 100
1714 35 100
1715 902 100
1715 573 100
1715 815 100
1716 133 100
1716 342 100
1716 685 100
1717 11 100
1717 15 100
1717 838 100
1718 22 100
1718 1118 100
1718 1206 100
1719 554 100
1719 25 100
1719 142 100
1720 55 100
1720 10 100
1720 852 100
1721 211 100
1721 1350 100
1721 1592 100
1722 63 100
1722 139 100
1722 34 100
1723 1609 100
1723 23 100
1723 184 100
1724 177 100
1724 382 100
1724 383 100
1725 1057 100
1725 61 100
1725 1371 100
1726 312 100
1726 15 100
1726 254 100
1727 338 100
1727 1216 100
1727 1280 100
1728 516 100
1728 1003 100
1728 1365 100
1729 3 100
1729 1531 100
1729 419 100
1730 69 100
1730 373 100
1730 3 100
1731 7 100
1731 494 100
1731 1293 100
1732 752 100
1732 431 100
1732 211 100
1733 386 100
1733 390 100
1733 207 100
1734 847 100
1734 1100 100
1734 1625 100
1735 187 100
1735 521 100
1735 553 100
1736 1564 100
1736 1208 100
1736 1383 100
1737 6 100
1737 75 100
1737 119 100
1738 508 100
1738 616 100
1738 51 100
1739 35 100
1739 104 100
1739 237 100
1740 7 100
1740 479 100
1740 455 100
1741 438 100
1741 271 100
1741 968 100
1742 37 100
1742 1085 100
1742 369 100
1743 789 100
1743 77 100
1743 305 100
1744 461 100
1744 1241 100
1744 1210 100
1745 115 100
1745 48 100
1745 1389 100
1746 679 100
1746 1743 100
1746 244 100
1747 707 100
1747 38 100
1747 1217 100
1748 591 100
1748 37 100
1748 251 100
1749 751 100
1749 2 100
1749 473 100
1750 1472 100
1750 1107 100
1750 216 100
1751 48 100
1751 752 100
1751 1228 100
1752 679 100
1752 1336 100
1752 5 100
1753 469 100
1753 266 100
1753 181 100
1754 9 100
1754 430 100
1754 129 100
1755 4 100
1755 26 100
1755 164 100
1756 1431 100
1756 1109 100
1756 1750 100
1757 467 100
1757 1436 100
1757 4 100
1758 88 100
1758 272 100
1758 1291 100
1759 3 100
1759 22 100
1759 31 100
1760 1125 100
1760 1262 100
1760 125 100
1761 662 100
1761 8 100
1761 69 100
1762 2 100
1762 65 100
1762 1629 100
1763 1411 100
1763 211 100
1763 680 100
1764 31 100
1764 1118 100
1764 677 100
1765 95 100
1765 102 100
1765 1366 100
1766 613 100
1766 7 100
1766 337 100
1767 152 100
1767 1525 100
1767 29 100
1768 10 100
1768 220 100
1768 894 100
1769 132 100
1769 4 100
1769 130 100
1770 15 100
1770 64 100
1770 152 100
1771 496 100
1771 73 100
1771 450 100
1772 272 100
1772 333 100
1772 374 100
1773 250 100
1773 794 100
1773 1 100
1774 180 100
1774 684 100
1774 800 100
1775 1172 100
1775 332 100
1775 616 100
1776 35 100
1776 311 100
1776 164 100
1777 2 100
1777 86 100
1777 152 100
1778 25 100
1778 43 100
1778 498 100
1779 1299 100
1779 1649 100
1779 704 100
1780 992 100
1780 10 100
1780 1275 100
1781 251 100
1781 1202 100
1781 35 100
1782 139 100
1782 250 100
1782 182 100
1783 68 100
1783 97 100
1783 221 100
1784 599 100
1784 1342 100
1784 87 100
1785 88 100
1785 609 100
1785 1039 100
1786 1217 100
1786 1742 100
1786 33 100
1787 972 100
1787 1551 100
1787 1668 100
1788 275 100
1788 1441 100
1788 9 100
1789 675 100
1789 688 100
1789 1046 100
1790 359 100
1790 178 100
1790 583 100
1791 597 100
1791 396 100
1791 592 100
1792 1365 100
1792 1618 100
1792 246 100
1793 50 100
1793 18 100
1793 323 100
1794 1395 100
1794 2 100
1794 252 100
1795 20 100
1795 1679 100
1795 97 100
1796 1 100
1796 659 100
1796 7 100
1797 25 100
1797 90 100
1797 1035 100
1798 258 100
1798 4 100
1798 305 100
1799 7 100
1799 373 100
1799 52 100
1800 903 100
1800 1143 100
1800 279 100
1801 6 100
1801 79 100
1801 245 100
1802 21 100
1802 121 100
1802 289 100
1803 123 100
1803 59 100
1803 75 100
1804 5 100
1804 677 100
1804 729 100
1805 822 100
1805 1025 100
1805 321 100
1806 55 100
1806 513 100
1806 1046 100
1807 316 100
1807 7 100
1807 67 100
1808 631 100
1808 3 100
1808 10 100
1809 168 100
1809 262 100
1809 107 100
1810 480 100
1810 1259 100
1810 199 100
1811 975 100
1811 895 100
1811 148 100
1812 42 100
1812 48 100
1812 159 100
1813 7 100
1813 42 100
1813 128 100
1814 23 100
1814 307 100
1814 330 100
1815 31 100
1815 41 100
1815 68 100
1816 340 100
1816 936 100
1816 1570 100
1817 898 100
1817 7 100
1817 374 100
1818 67 100
1818 416 100
1818 35 100
1819 586 100
1819 1190 100
1819 1741 100
1820 787 100
1820 1176 100
1820 1426 100
1821 73 100
1821 434 100
1821 1463 100
1822 483 100
1822 1036 100
1822 7 100
1823 582 100
1823 259 100
1823 1387 100
1824 1729 100
1824 1337 100
1824 517 100
1825 5 100
1825 21 100
1825 1745 100
1826 424 100
1826 514 100
1826 938 100
1827 288 100
1827 928 100
1827 21 100
1828 180 100
1828 645 100
1828 207 100
1829 233 100
1829 9 100
1829 707 100
1830 40 100
1830 842 100
1830 1118 100
1831 645 100
1831 654 100
1831 196 100
1832 191 100
1832 6 100
1832 902 100
1833 10 100
1833 964 100
1833 23 100
1834 375 100
1834 453 100
1834 240 100
1835 23 100
1835 73 100
1835 116 100
1836 1257 100
1836 677 100
1836 123 100
1837 14 100
1837 891 100
1837 1150 100
1838 9 100
1838 22 100
1838 715 100
1839 8 100
1839 81 100
1839 1581 100
1840 2 100
1840 100 100
1840 1665 100
1841 141 100
1841 520 100
1841 1186 100
1842 1489 100
1842 609 100
1842 562 100
1843 680 100
1843 130 100
1843 1057 100
1844 879 100
1844 927 100
1844 278 100
1845 134 100
1845 4 100
1845 752 100
1846 31 100
1846 80 100
1846 165 100
1847 1611 100
1847 406 100
1847 9 100
1848 466 100
1848 689 100
1848 172 100
1849 7 100
1849 418 100
1849 174 100
1850 16 100
1850 231 100
1850 231 100
1851 877 100
1851 1691 100
1851 3 100
1852 945 100
1852 2 100
1852 27 100
1853 56 100
1853 1631 100
1853 1 100
1854 832 100
1854 741 100
1854 1064 100
1855 35 100
1855 77 100
1855 501 100
1856 1009 100
1856 1488 100
1856 5 100
1857 727 100
1857 5 100
1857 1630 100
1858 496 100
1858 145 100
1858 285 100
1859 1500 100
1859 876 100
1859 964 100
1860 28 100
1860 403 100
1860 820 100
1861 40 100
1861 12 100
1861 955 100
1862 742 100
1862 1679 100
1862 1638 100
1863 231 100
1863 1335 100
1863 478 100
1864 979 100
1864 955 100
1864 1286 100
1865 38 100
1865 625 100
1865 850 100
1866 16 100
1866 191 100
1866 48 100
1867 503 100
1867 1721 100
1867 782 100
1868 4 100
1868 10 100
1868 232 100
1869 350 100
1869 105 100
1869 651 100
1870 188 100
1870 1075 100
1870 1389 100
1871 663 100
1871 907 100
1871 1197 100
1872 305 100
1872 145 100
1872 416 100
1873 215 100
1873 468 100
1873 654 100
1874 484 100
1874 322 100
1874 465 100
1875 753 100
1875 329 100
1875 609 100
1876 575 100
1876 1307 100
1876 1190 100
1877 109 100
1877 43 100
1877 119 100
1878 20 100
1878 114 100
1878 1364 100
1879 1321 100
1879 329 100
1879 907 100
1880 337 100
1880 16 100
1880 982 100
1881 2 100
1881 977 100
1881 1694 100
1882 453 100
1882 183 100
1882 156 100
1883 616 100
1883 866 100
1883 9 100
1884 7 100
1884 304 100
1884 254 100
1885 505 100
1885 508 100
1885 1809 100
1886 859 100
1886 1720 100
1886 11 100
1887 912 100
1887 1884 100
1887 119 100
1888 106 100
1888 154 100
1888 1048 100
1889 441 100
1889 610 100
1889 38 100
1890 1 100
1890 159 100
1890 43 100
1891 6 100
1891 35 100
1891 82 100
1892 956 100
1892 27 100
1892 250 100
1893 107 100
1893 133 100
1893 9 100
1894 1848 100
1894 6 100
1894 324 100
1895 124 100
1895 1745 100
1895 683 100
1896 1849 100
1896 861 100
1896 1146 100
1897 1002 100
1897 259 100
1897 342 100
1898 159 100
1898 51 100
1898 209 100
1899 252 100
1899 145 100
1899 679 100
1900 2 100
1900 224 100
1900 1738 100
1901 30 100
1901 131 100
1901 834 100
1902 130 100
1902 484 100
1902 727 100
1903 30 100
1903 48 100
1903 146 100
1904 7 100
1904 730 100
1904 451 100
1905 1115 100
1905 330 100
1905 1618 100
1906 11 100
1906 1289 100
1906 8 100
1907 526 100
1907 1793 100
1907 7 100
1908 399 100
1908 8 100
1908 25 100
1909 209 100
1909 19 100
1909 488 100
1910 637 100
1910 2 100
1910 1520 100
1911 49 100
1911 140 100
1911 638 100
1912 7 100
1912 510 100
1912 87 100
1913 15 100
1913 691 100
1913 3 100
1914 530 100
1914 983 100
1914 31 100
1915 17 100
1915 864 100
1915 894 100
1916 157 100
1916 1574 100
1916 1692 100
1917 1105 100
1917 187 100
1917 42 100
1918 917 100
1918 90 100
1918 1039 100
1919 1415 100
1919 35 100
1919 124 100
1920 2 100
1920 490 100
1920 1873 100
1921 468 100
1921 1699 100
1921 107 100
1922 177 100
1922 252 100
1922 373 100
1923 48 100
1923 189 100
1923 725 100
1924 1896 100
1924 1123 100
1924 1305 100
1925 1572 100
1925 13 100
1925 569 100
1926 19 100
1926 240 100
1926 700 100
1927 103 100
1927 329 100
1927 370 100
1928 246 100
1928 1270 100
1928 303 100
1929 10 100
1929 109 100
1929 1858 100
1930 132 100
1930 1492 100
1930 499 100
1931 67 100
1931 88 100
1931 496 100
1932 694 100
1932 1070 100
1932 15 100
1933 253 100
1933 422 100
1933 360 100
1934 59 100
1934 920 100
1934 100 100
1935 3 100
1935 6 100
1935 7 100
1936 771 100
1936 835 100
1936 360 100
1937 14 100
1937 1893 100
1937 3 100
1938 42 100
1938 43 100
1938 1630 100
1939 369 100
1939 1611 100
1939 744 100
1940 6 100
1940 32 100
1940 1565 100
1941 53 100
1941 467 100
1941 924 100
1942 440 100
1942 1299 100
1942 26 100
1943 737 100
1943 1746 100
1943 107 100
1944 442 100
1944 99 100
1944 172 100
1945 26 100
1945 249 100
1945 1621 100
1946 1124 100
1946 159 100
1946 1912 100
1947 1131 100
1947 110 100
1947 538 100
1948 197 100
1948 608 100
1948 5 100
1949 54 100
1949 930 100
1949 63 100
1950 124 100
1950 1003 100
1950 1175 100
1951 800 100
1951 1457 100
1951 1009 100
1952 524 100
1952 901 100
1952 1847 100
1953 151 100
1953 367 100
1953 391 100
1954 77 100
1954 316 100
1954 741 100
1955 810 100
1955 58 100
1955 611 100
1956 7 100
1956 12 100
1956 957 100
1957 2 100
1957 1463 100
1957 85 100
1958 144 100
1958 209 100
1958 73 100
1959 1 100
1959 979 100
1959 536 100
1960 712 100
1960 1667 100
1960 37 100
1961 22 100
1961 337 100
1961 373 100
1962 177 100
1962 895 100
1962 1085 100
1963 224 100
1963 396 100
1963 800 100
1964 34 100
1964 183 100
1964 496 100
1965 232 100
1965 57 100
1965 843 100
1966 271 100
1966 456 100
1966 1839 100
1967 3 100
1967 29 100
1967 235 100
1968 3 100
1968 32 100
1968 194 100
1969 16 100
1969 23 100
1969 524 100
1970 358 100
1970 469 100
1970 21 100
1971 70 100
1971 1054 100
1971 533 100
1972 79 100
1972 800 100
1972 310 100
1973 23 100
1973 1266 100
1973 1 100
1974 394 100
1974 17 100
1974 365 100
1975 53 100
1975 853 100
1975 7 100
1976 4 100
1976 1432 100
1976 15 100
1977 1116 100
1977 10 100
1977 1 100
1978 157 100
1978 1319 100
1978 63 100
1979 5 100
1979 174 100
1979 350 100
1980 27 100
1980 42 100
1980 23 100
1981 1491 100
1981 24 100
1981 1723 100
1982 1358 100
1982 230 100
1982 517 100
1983 232 100
1983 470 100
1983 3 100
1984 35 100
1984 498 100
1984 15 100
1985 143 100
1985 17 100
1985 653 100
1986 1577 100
1986 3 100
1986 513 100
1987 37 100
1987 191 100
1987 230 100
1988 22 100
1988 530 100
1988 502 100
1989 135 100
1989 376 100
1989 159 100
1990 17 100
1990 93 100
1990 187 100
1991 724 100
1991 35 100
1991 117 100
1992 419 100
1992 979 100
1992 1110 100
1993 107 100
1993 1466 100
1993 517 100
1994 554 100
1994 920 100
1994 4 100
1995 26 100
1995 931 100
1995 616 100
1996 443 100
1996 471 100
1996 281 100
1997 35 100
1997 897 100
1997 437 100
1998 177 100
1998 1394 100
1998 542 100
1999 514 100
1999 127 100
1999 94 100
