,932,31,977|,932,399,981|,932,5,29,977|,932,169,166,977|,932,279,276,977|,932,295,292,977|,932,803,804,977|,928,194,31,977|,928,194,399,981|,928,194,5,29,977|
,202,311,1079|,202,313,1079|,283,280,1081|,283,280,183,1083|,202,5,37,1081|,202,6,39,1081|,202,6,315,1079|,202,87,84,1081|,202,279,274,1081|,202,369,364,1081|
,1168,749|,1168,751|,1172,150,749|,1172,150,751|,1172,148,25,749|,1172,148,25,751|,1172,148,27,749|,1172,148,27,751|,1172,152,48,749|,1172,152,48,751|
,382,959,960|,384,12,71|,386,86,73|,386,86,5,71|,386,86,55,75|,386,86,377,380|,386,86,497,498|,386,82,607,604|,386,84,36,71|,386,457,454,71|
,280,445|,280,275,447|,280,945,942|,284,191,443|,284,2,37,445|,284,43,44,445|,280,439,436,443|,280,1043,1044,443|,280,1103,1104,447|,282,202,195,443|
,1054,338,11,161|,1056,56,46,161|,1056,56,50,161|,1056,207,204,161|,1056,207,217,214|,1058,146,11,161|,1058,146,477,472,161|,1058,146,659,660,161|,1058,142,28,13,161|,1058,142,28,141,165|
,1080,777|,1082,182,777|,1082,178,35,777|,1082,307,308,773|,1080,89,527,775|,1080,91,527,775|,1078,314,39,777|,1078,314,171,255,773|,1078,310,5,37,777|,1078,310,6,39,777|
,874,143,146,789|,874,239,242,789|,874,335,338,789|,874,899,902,789|,876,154,439,787|,876,156,421,785|,878,448,82,789|,878,957,952,789|,878,957,954,421,785|,878,448,84,439,787|
,274,1043|,276,63,1047|,278,195,1045|,447,442,1045|,447,444,1043|,1105,1102,1043|,1105,1106,432,1045|,447,943,944,1043|,278,5,37,1043|,278,6,39,1043|
,754,25,133,889|,754,25,245,887|,754,27,133,889|,754,27,245,887|,754,193,719,891|,754,973,974,887|,756,371,372,889|,758,87,135,889|,758,195,719,891|,758,295,721,891|
,964,556,156,421|,966,328,89,421|,966,328,91,421|,966,332,89,421|,966,332,91,421|,966,332,91,247,419|,966,332,89,247,419|,966,332,34,93,421|,966,332,34,245,419|,966,332,121,122,423|
,676,25,235|,676,27,235|,676,95,237|,680,449,452|,680,449,843,840|,680,84,34,235|,680,84,38,233|,680,86,6,233|,680,86,97,237|,680,125,126,233|
,123,120,1075|,461,464,1075|,461,462,35,1075|,461,851,854,1075|,123,118,341,1077|,52,2,37,1075|,52,43,44,1075|,52,191,343,1077|,52,285,280,1075|,52,285,707,1073|
,422,625,1141|,422,52,191,1143|,422,54,195,1143|,422,56,131,1139|,418,244,133,1139|,418,248,131,1139|,418,887,888,1139|,420,92,133,1139|,673,674,195,1143|,785,786,436,1143|
,178,33,143,1059|,178,33,335,1055|,178,49,57,1057|,178,107,145,1059|,178,111,145,1059|,178,463,460,1057|,178,897,892,1057|,180,130,57,1057|,182,121,122,1057|,182,465,460,1057|
,280,275,601|,282,202,603|,282,289,599|,282,202,279,601|,282,206,54,603|,280,275,278,603|,280,36,4,603|,280,38,7,603|,280,85,86,603|,280,365,368,603|
,478,25,93|,478,27,93|,478,355,356|,478,531,526|,482,845,846|,482,408,25,93|,482,408,27,93|,482,408,355,356|,482,408,531,526|,478,27,35,89|
,178,209,219|,178,22,161,215|,178,22,205,217|,178,33,211,219|,178,33,611,612|,178,93,847,848|,178,139,165,215|,180,132,209,219|,182,34,209,219|,182,89,847,848|
,334,30,1015|,334,28,4,1015|,334,167,168,1015|,334,277,278,1015|,334,293,294,1015|,334,805,802,1015|,336,142,30,1015|,338,81,76,1015|,338,83,86,1015|,338,911,912,1015|
,650,84,281|,650,709,706|,969,964,558|,969,966,328,281|,969,966,332,281|,650,82,0,285|,650,82,1007,1008|,650,82,1011,1008|,650,86,203,283|,650,949,950,285|
,612,216|,610,30,203|,610,30,55,207|,610,28,4,203|,610,28,13,205|,610,32,22,205|,610,63,60,205|,610,63,291,288|,610,167,168,203|,610,211,219,216|
,976,211,219|,976,611,612|,976,30,203,217|,976,32,209,219|,976,63,213,219|,978,660,161,215|,978,660,205,217|,980,394,209,219|,980,398,203,217|,980,398,31,211,219|
,682,83,135,1033|,682,525,520,1035|,684,650,135,1033|,686,83,135,1033|,686,525,520,1035|,686,525,520,372,1033|,686,83,135,373,1035|,686,11,19,149,1031|,686,11,23,133,1033|,686,11,23,151,1031|
,100,33,611|,104,62,611|,104,117,112,611|,104,213,210,611|,104,213,219,613|,104,631,632,611|,100,24,479,615|,100,26,479,615|,100,115,112,611|,100,209,210,611|
,166,32,327|,168,1067,1070|,170,8,323|,170,8,325|,259,260,323|,259,260,325|,259,260,23,327|,259,256,8,323|,259,256,8,325|,170,8,23,327|
,412,933|,412,195,929|,416,765,931|,671,674,933|,671,674,195,929|,416,57,54,933|,416,187,188,933|,412,17,193,929|,412,431,432,929|,412,739,763,931|
,946,641|,946,497,643|,946,857,858|,948,86,641|,948,86,497,643|,948,86,857,858|,948,125,667,668|,948,129,667,668|,946,17,561,645|,946,73,499,643|
,602,195,719|,602,295,721|,602,295,881,882|,602,5,391,723|,602,17,193,719|,602,31,293,721|,602,431,432,719|,602,587,590,723|,602,779,782,723|,602,933,928,719|
,422,54,933|,673,674,933|,673,674,195,929|,673,670,412,933|,422,54,195,929|,422,52,191,929|,422,56,765,931|,422,75,72,933|,422,207,202,933|,422,549,544,933|
,766,199|,768,496,199|,768,498,72,199|,768,643,640,199|,766,6,127,201|,766,87,125,201|,766,87,129,201|,766,87,449,450|,766,401,404,197|,766,1037,1040,197|
,138,24,479|,138,26,479|,138,26,409,483|,138,24,409,483|,138,22,19,479|,138,33,335,481|,138,33,611,614|,138,151,148,479|,138,469,466,479|,138,511,512,479|
,100,24,119|,100,26,119|,100,35,121|,102,57,123|,102,46,19,119|,102,48,24,119|,102,48,26,119|,102,48,35,121|,102,50,19,119|,102,153,148,119|
,338,477,873|,481,478,869|,481,482,408,869|,338,11,19,869|,338,11,205,871|,338,11,473,873|,338,81,78,869|,338,353,354,869|,338,509,512,869|,338,911,914,869|
,610,30,399|,610,32,395|,610,977,980|,610,32,133,397|,610,28,4,399|,610,113,114,395|,610,167,168,399|,610,211,208,395|,610,277,278,399|,610,293,294,399|
,543,761|,468,49,765|,468,22,47,765|,468,22,51,765|,468,101,102,765|,468,133,130,765|,468,151,152,765|,468,245,248,765|,468,749,752,763|,468,751,752,763|
,138,33,823|,140,3,821|,140,29,823|,140,4,31,823|,140,4,173,825|,138,101,177,825|,138,115,112,823|,138,209,210,823|,138,297,292,823|,138,515,516,823|
,430,31,899|,432,743,901|,432,190,1,903|,432,194,31,899|,430,5,29,899|,430,77,80,903|,430,87,82,903|,430,169,166,899|,430,195,743,901|,430,279,276,899|
,994,629,630,791|,996,522,116,791|,998,576,63,791|,998,576,167,793|,998,576,30,169,793|,998,576,113,116,791|,998,576,211,212,791|,998,576,251,254,793|,998,576,633,630,791|,998,574,376,169,793|
,136,127,539|,138,469,543|,138,24,467,543|,138,26,467,543|,138,49,765,760|,138,93,569,572|,138,101,221,541|,138,179,471,543|,138,209,571,572|,140,3,225,541|
,468,133|,470,180|,470,178,133|,468,49,131|,468,179,180|,468,393,388|,468,395,396|,466,25,133|,466,27,133|,466,27,49,131|
,408,341,1077|,410,345,1077|,410,94,341,1077|,408,25,35,1075|,408,27,35,1075|,408,41,44,1075|,408,95,345,1077|,408,119,120,1075|,408,193,343,1077|,406,68,37,1075|
,738,5,13|,738,6,8|,738,17,18|,738,65,66|,738,97,98|,738,189,184|,738,203,204|,738,1149,1144|,738,1149,1146|,740,56,46|
,586,55,1057|,586,31,143,1059|,586,31,335,1055|,586,73,74,1057|,586,203,206,1057|,586,545,548,1057|,586,739,740,1057|,586,799,796,1057|,588,102,57,1057|,588,100,33,143,1059|
,638,1103|,638,275,1105|,634,458,1107|,634,454,37,1103|,634,456,84,1103|,638,445,446,1105|,636,370,328,1103|,636,370,332,1103|,636,374,154,1103|,636,374,154,275,1105|
,202,17,973,1123|,202,195,319,1125|,202,779,780,1121|,204,10,971,1123|,204,19,973,1123|,204,23,245,1121|,204,47,249,1121|,204,51,249,1121|,206,56,249,1121|,206,423,418,1121|
,568,92,101|,570,208,101|,570,212,105|,572,540,220|,572,538,667,664|,572,542,468,101|,572,761,764,103|,570,208,49,103|,570,210,32,101|,570,210,63,105|
,994,390,455,839|,994,392,235,841|,994,392,235,453,843|,994,392,537,534,839|,994,388,132,235,841|,994,388,134,449,843|,994,388,134,457,839|,996,520,637,634,839|,996,522,114,235,841|,996,524,83,449,843|
,668,640,1037|,668,640,1039|,668,642,496,1037|,668,642,496,1039|,668,859,856,1037|,668,859,856,1039|,664,100,93,1041|,664,177,172,1037|,664,177,172,1039|,664,503,506,1037|
,260,10,1007|,260,10,1011|,260,205,283,1009|,260,473,476,1007|,260,473,476,1011|,260,661,658,1007|,260,661,658,1011|,256,8,10,1007|,256,8,10,1011|,256,39,281,1009|
,316,40,593|,316,42,595|,318,190,595|,318,192,593|,318,194,17,593|,318,343,340,593|,320,238,211,597|,320,242,0,595|,627,622,211,597|,627,624,52,595|
,1066,97,1165|,1066,17,95,1165|,1066,77,80,1163|,1066,87,82,1163|,1066,173,174,1165|,1066,227,228,1165|,1066,913,910,1163|,1066,1015,1012,1167|,1068,156,847,1167|,1070,322,10,1163|
,580,3,285,1085|,580,37,281,1085|,580,71,567,1089|,584,114,101,1087|,584,116,105,1087|,584,116,563,1089|,584,711,706,1085|,905,908,565,1089|,905,908,1095,1092|,905,908,25,101,1087|
,648,432,719|,648,430,195,719|,648,430,295,721|,646,250,293,721|,650,86,195,719|,650,86,295,721|,650,135,389,723|,650,135,889,890|,650,135,132,297,721|,650,135,132,393,723|
,184,23,487|,184,385,489|,186,48,487|,188,195,485|,188,17,25,487|,188,17,27,487|,188,17,193,485|,188,31,32,487|,188,87,387,489|,188,295,296,487|
,256,39,1075|,1097,1100,1075|,258,170,39,1075|,260,9,39,1075|,260,12,37,1075|,260,19,341,1077|,260,23,35,1075|,260,99,345,1077|,260,661,662,1075|,260,99,94,341,1077|
,24,677|,26,677|,22,19,677|,35,85,681|,133,134,681|,151,148,677|,383,386,681|,469,466,677|,511,512,677|,815,818,681|
,142,30,311|,142,30,313|,142,30,6,315|,142,28,4,311|,142,28,4,313|,142,167,168,311|,142,167,168,313|,142,167,170,315|,142,277,278,311|,142,277,278,313|
,586,31,867|,586,5,13,863|,586,5,29,867|,586,6,8,863|,586,6,233,865|,586,17,18,863|,586,65,66,863|,586,97,98,863|,586,97,237,865|,586,169,166,867|
,30,413|,30,675,670|,28,4,413|,32,49,417|,167,168,413|,277,278,413|,293,294,413|,805,802,413|,805,802,675,670|,293,294,675,670|
,754,18,47|,754,18,51|,754,25,49|,754,27,49|,754,149,152|,758,55,56|,758,189,186|,758,413,416|,758,189,184,47|,758,189,184,51|
,914,341,1077|,914,25,35,1075|,914,27,35,1075|,914,41,44,1075|,914,95,345,1077|,914,119,120,1075|,914,193,343,1077|,910,83,84,1075|,910,83,709,1073|,910,659,662,1075|
,1110,430,603|,1110,430,279,601|,1110,432,194,603|,1110,434,400,603|,1110,1107,1104,601|,1108,154,275,601|,1108,495,490,603|,1108,1069,1066,603|,1112,668,640,603|,1112,668,640,279,601|
,928,719,883|,932,295,881|,932,295,721,883|,932,31,143,885|,932,31,293,881|,932,195,719,883|,928,719,720,881|,928,194,295,881|,928,194,295,721,883|,928,194,31,143,885|
,462,24,531|,462,26,531|,462,93,527|,464,89,527|,464,91,527|,464,777,774|,464,34,24,531|,464,34,26,531|,464,34,93,527|,464,45,40,531|
,54,311|,54,313|,54,6,315|,75,72,311|,75,72,313|,207,202,311|,207,202,313|,549,544,311|,549,544,313|,741,738,311|
,2,29,611|,59,62,611|,263,266,611|,821,822,611|,59,117,112,611|,59,213,210,611|,59,213,219,613|,59,631,632,611|,2,4,31,611|,1,147,142,611|
,520,374,557,645|,522,112,30,641|,524,81,76,641|,524,83,86,641|,524,911,912,641|,524,911,912,497,643|,524,911,912,857,858|,524,911,914,16,641|,524,911,914,561,645|,524,83,86,497,643|
,504,2,455|,506,5,455|,506,87,457|,506,431,459|,506,533,534|,506,31,28,455|,506,65,68,455|,506,73,70,455|,506,195,433,459|,506,401,435,459|
,529,526|,142,32,93|,142,239,240|,144,106,93|,144,110,93|,146,243,240|,146,353,356|,146,697,694|,146,953,954|,146,1119,1114|
,442,1045|,444,1043|,446,274,1043|,943,944,1043|,943,940,894,1047|,446,276,63,1047|,446,278,195,1045|,446,1105,1102,1043|,444,439,436,1045|,442,190,59,1047|
,762,736,274|,764,48,35|,764,48,93,88|,764,48,93,90|,764,48,179,182|,764,48,367,364|,764,48,463,464|,764,48,621,616|,764,48,731,734|,764,48,853,854|
,146,0|,142,28,3|,142,63,58|,142,267,262|,142,823,820|,337,338,0|,1059,1056,52|,1059,1054,338,0|,337,334,28,3|,337,334,63,58|
,616,945|,616,445,943|,620,35,945|,620,897,941|,620,35,445,943|,620,93,88,945|,620,93,90,945|,620,179,182,945|,620,367,364,945|,620,463,464,945|
,436,194,1015|,1179,1176,1015|,436,192,16,1015|,436,433,430,1015|,436,929,932,1015|,438,36,4,1015|,438,38,7,1015|,438,85,86,1015|,438,89,847,1013|,438,91,847,1013|
,586,65|,586,5,69|,590,390,69|,590,390,4,65|,590,390,13,67|,590,392,22,67|,590,783,778,65|,590,1025,1028,67|,586,5,13,67|,586,6,8,67|
,2,37,155|,43,44,155|,285,280,155|,285,559,556|,285,280,89,157|,285,280,91,157|,285,280,693,690|,43,44,89,157|,43,44,91,157|,43,44,693,690|
,1030,148,409,845|,1030,150,93,847|,1032,132,93,847|,1034,374,156,847|,1034,374,154,89,847|,1034,374,154,91,847|,1034,374,163,215,849|,1034,370,328,89,847|,1034,370,328,91,847|,1034,370,332,89,847|
,72,675|,72,413,671|,70,4,675|,74,54,675|,74,423,673|,381,376,675|,499,496,675|,499,496,413,671|,499,643,640,675|,499,769,766,675|
,652,241,242,607|,652,357,352,607|,652,695,696,607|,652,955,952,607|,652,1115,1118,607|,654,241,242,607|,654,357,352,607|,654,695,696,607|,654,955,952,607|,654,1115,1118,607|
,161,162,1109|,1029,1026,1109|,9,7,431,1111|,9,39,155,1109|,9,127,667,1113|,12,4,431,1111|,12,37,155,1109|,12,455,458,1111|,19,16,431,1111|,19,193,433,1111|
,586,97,713|,586,195,717|,586,17,95,713|,586,17,193,717|,586,31,623,715|,586,55,625,715|,586,173,174,713|,586,227,228,713|,586,431,432,717|,586,919,920,715|
,718,443|,718,194,279,447|,718,437,438,445|,718,1045,1042,445|,720,292,277,447|,720,294,195,443|,720,294,279,447|,720,296,35,445|,722,390,37,445|,722,392,35,445|
,988,564,1137|,992,148,1137|,992,148,1001,1135|,992,150,24,1137|,992,150,26,1137|,992,150,179,1133|,992,150,1003,1135|,988,564,1001,1135|,990,274,183,1133|,990,278,17,1137|
,1176,5|,1176,31,28|,1176,65,68|,1176,73,70|,1176,1051,1052|,1178,438,36|,1178,440,390|,1178,438,303,298|,1178,436,190,2|,1178,436,194,5|
,916,724,102|,918,55,56|,918,189,186|,918,413,416|,920,624,56|,920,622,32,49|,920,1141,1138,130|,918,189,184,47|,918,189,184,51|,918,5,13,47|
,1094,25,115|,1094,27,115|,1094,27,33,113|,1094,25,33,113|,1094,16,31,113|,1094,18,23,115|,1094,18,61,117|,1094,149,150,115|,1094,467,468,115|,1094,513,510,115|
,758,5,455|,758,87,457|,758,431,459|,758,533,534|,758,31,28,455|,758,65,68,455|,758,73,70,455|,758,195,433,459|,758,401,435,459|,758,947,948,457|
,412,5,3|,412,55,52|,412,195,190|,412,377,378|,412,507,504|,412,809,812|,412,947,950|,414,352,0|,416,57,52|,416,46,10,0|
,559,560,409|,559,560,95,411|,559,560,479,482|,280,34,24,409|,280,34,26,409|,280,36,69,407|,280,45,40,409|,280,89,847,844|,280,91,847,844|,280,121,118,409|
,176,100,731|,176,100,35,735|,176,102,48,731|,172,5,37,735|,172,6,39,735|,172,17,25,731|,172,17,27,731|,172,17,349,733|,172,17,351,733|,172,31,32,731|
,634,454,1053|,638,36,1053|,638,465,1049|,638,36,4,1051|,638,34,463,1049|,638,38,7,1051|,638,85,86,1051|,638,275,278,1051|,638,303,298,1053|,638,365,368,1051|
,1144,385,727|,1144,661,729|,1146,385,727|,1146,661,729|,1148,767,770|,1148,919,916|,1148,87,387,727|,1148,87,819,816|,1148,173,176,725|,1148,497,769,770|
,1030,150,749|,1030,150,751|,1032,132,749|,1032,132,751|,1032,130,48,749|,1032,130,48,751|,1032,181,178,749|,1032,181,178,751|,1032,389,392,749|,1032,389,392,751|
,616,36|,618,5|,618,31,28|,618,65,68|,618,73,70|,618,1051,1052|,616,303,298|,620,22,12|,620,33,28|,620,35,36|
,538,124,82,659|,538,124,84,663|,538,126,8,661|,538,126,39,663|,538,128,82,659|,538,128,84,663|,540,220,725,728|,540,224,1,659|,542,466,18,661|,542,468,22,661|
,910,953|,910,83,449,957|,910,243,240,955|,910,353,356,955|,910,697,694,955|,910,1119,1114,955|,912,77,80,953|,912,87,82,953|,912,87,449,957|,912,199,196,955|
,542,466,409|,542,466,95,411|,542,466,479,482|,542,468,24,409|,542,468,26,409|,538,907,908,409|,573,568,847,844|,573,568,92,24,409|,573,568,92,26,409|,573,568,357,354,409|
,306,182,945|,306,182,445,943|,306,178,35,945|,306,178,897,941|,306,1083,1080,945|,304,100,35,945|,304,100,897,941|,304,104,895,941|,308,773,776,945|,308,773,776,445,943|
,792,168,401|,792,168,431,434|,792,166,30,401|,792,166,32,403|,792,170,7,401|,790,60,23,403|,790,62,30,401|,790,62,32,403|,790,105,100,403|,790,117,114,403|
,1108,154,1043|,1110,432,1045|,1110,430,195,1045|,1110,1107,1102,1043|,1108,156,88,1043|,1108,156,90,1043|,1108,691,692,1043|,1112,664,104,1047|,1112,664,100,35,1043|,1112,666,124,84,1043|
,430,603|,430,279,601|,432,194,603|,434,400,603|,1107,1104,601|,1107,1104,278,603|,1107,1102,275,601|,434,400,279,601|,432,194,279,601|,432,192,16,603|
,208,179,827|,210,30,829|,210,28,4,829|,210,32,179,827|,210,167,168,829|,210,277,278,829|,210,293,294,829|,210,805,802,829|,208,24,16,829|,208,24,355,831|
,1014,5,391|,1014,587,590|,1014,779,782|,1014,17,25,393|,1014,17,27,393|,1014,31,28,391|,1014,31,32,393|,1014,31,633,628|,1014,65,68,391|,1014,73,70,391|
,1100,89|,1100,91|,1100,34,93|,1100,155,156|,1098,32,93|,1098,239,240|,1171,1168,93|,1171,1168,35,89|,1171,1168,35,91|,1171,1168,245,246|
,172,31,331|,172,759,756|,825,822,331|,172,5,29,331|,172,5,37,329|,172,5,37,333|,172,6,39,329|,172,6,39,333|,172,17,755,756|,172,87,84,329|
,502,305|,502,100,179,307|,504,59,105,305|,504,225,220,305|,506,31,251,309|,506,97,253,309|,506,169,255,309|,506,173,176,305|,506,497,500,309|,506,587,588,305|
,7,295,881|,7,295,721,883|,7,31,143,885|,7,31,293,881|,7,195,719,883|,8,10,147,885|,8,23,297,881|,39,34,297,881|,137,138,297,881|,171,166,143,885|
,616,89,847|,616,91,847|,618,1015,1012|,620,93,847|,620,24,409,845|,620,26,409,845|,620,35,89,847|,620,35,91,847|,620,209,219,849|,620,245,246,847|
,586,1149|,586,5,13,1145|,586,5,13,1147|,586,6,8,1145|,586,6,8,1147|,586,17,18,1145|,586,17,18,1147|,586,65,66,1145|,586,65,66,1147|,586,97,98,1145|
,316,40,909,906|,316,44,38,127|,316,44,85,125|,316,44,85,129|,318,192,909,906|,318,194,6,127|,318,194,87,125|,318,194,87,129|,318,194,199,200|,320,240,197,200|
,418,244,33,977|,418,244,395,981|,420,88,663,979|,420,90,663,979|,420,92,33,977|,420,92,395,981|,420,241,238,977|,422,54,31,977|,422,54,399,981|,422,625,622,977|
,1114,88,275,737|,1114,90,275,737|,1114,92,749,752|,1114,92,751,752|,1114,197,198,739|,1114,405,400,739|,1114,421,422,741|,1114,1041,1036,739|,1114,1041,1038,739|,1116,712,96,739|
,37,735|,37,34,731|,13,23,731|,29,32,731|,141,138,731|,299,302,735|,391,392,731|,391,392,35,735|,391,388,132,731|,391,441,438,735|
,516,28|,518,12|,518,67,68|,516,30,5|,514,22,12|,514,33,28|,514,35,36|,514,139,140|,514,393,390|,514,35,303,298|
,490,17,565,1089|,490,17,1095,1092|,490,73,567,1089|,490,173,176,1087|,490,203,283,1085|,490,413,1091,1092|,490,507,502,1087|,490,587,588,1087|,492,354,565,1089|,492,354,1095,1092|
,166,211,219|,166,611,612|,168,203,217|,168,31,211,219|,168,31,611,612|,168,55,207,217|,168,1015,1012,848|,166,30,203,217|,166,32,209,219|,166,63,213,219|
,708,86,603|,708,86,279,601|,708,84,275,601|,708,949,946,603|,706,280,275,601|,706,282,202,603|,706,282,289,599|,710,112,30,603|,710,112,277,601|,710,116,291,599|
,530,341|,530,95,345|,530,193,343|,530,16,97,345|,530,16,195,343|,530,18,99,345|,530,231,228,345|,530,409,410,345|,526,88,1075,1076|,526,90,1075,1076|
,112,277,1105|,114,35,1103|,114,35,275,1105|,114,33,277,1105|,114,93,88,1103|,114,93,90,1103|,114,179,182,1103|,114,367,364,1103|,114,403,435,1107|,114,463,464,1103|
,946,73,1061|,946,203,1065|,946,5,71,1061|,946,17,119,1063|,946,55,75,1061|,946,55,123,1063|,946,55,207,1065|,946,377,380,1061|,946,497,498,1061|,948,84,121,1063|
,774,530,755|,776,329,757|,776,333,757|,776,34,24,755|,776,34,26,755|,776,36,4,759|,776,38,7,759|,776,45,40,755|,776,85,86,759|,776,121,118,755|
,844,410,253|,1167,1164,253|,844,408,95,253|,844,408,349,346|,844,408,351,346|,844,579,576,251|,846,88,777,772|,846,90,777,772|,846,92,33,251|,846,241,238,251|
,244,511|,244,24,513|,244,26,513|,246,92,511|,248,48,511|,975,970,509|,975,972,513|,975,972,25,511|,975,972,27,511|,248,48,24,513|
,1086,100,235|,1086,102,48,235|,1086,177,174,237|,1084,280,34,235|,1084,280,38,233|,1088,564,25,235|,1088,564,27,235|,1088,564,95,237|,1093,1094,25,235|,1093,1094,27,235|
,1068,375|,1068,154,329,371|,1068,154,333,371|,1068,154,639,636|,1066,31,331,371|,1066,87,135,373|,1066,399,396,373|,1066,491,494,375|,1066,759,756,371|,1070,326,133,373|
,64,491,494|,64,1067,1068|,66,161,162|,66,1029,1026|,68,37,155|,68,37,89,157|,68,37,91,157|,68,37,693,690|,68,4,491,494|,68,4,1067,1068|
,912,837|,914,835|,914,16,837|,912,17,835|,914,79,76,837|,914,95,96,837|,914,193,194,837|,914,231,226,837|,914,755,758,837|,914,1001,1004,833|
,994,392,403|,994,392,93,405|,994,388,132,403|,994,390,4,401|,994,591,586,401|,994,783,778,401|,996,522,114,403|,998,574,376,401|,998,576,30,401|,998,576,32,403|
,518,425,1021|,518,47,427,1021|,518,51,427,1021|,514,22,425,1021|,514,49,427,1021|,516,30,545,1023|,516,239,321,1019|,516,623,626,1019|,516,623,624,549,1023|,516,30,55,549,1023|
,370,328,465|,370,332,465|,372,132,463|,374,154,465|,637,638,465|,637,638,34,463|,637,638,855,850|,374,154,34,463|,374,154,855,850|,374,156,88,465|
,354,95|,354,16,97|,354,18,99|,354,231,228|,354,341,344|,354,409,410|,352,11,99|,352,1163,1164|,415,412,97|,493,490,97|
,1144,23,245|,1144,47,249|,1144,51,249|,1146,23,245|,1146,47,249|,1146,51,249|,1148,779,780|,1148,5,299,300|,1148,17,25,245|,1148,17,27,245|
,166,63,1047|,168,195,1045|,170,39,1043|,793,790,1047|,170,7,195,1045|,170,8,61,1047|,168,5,37,1043|,168,6,39,1043|,168,17,193,1045|,168,31,63,1047|
,606,509|,606,11,19,513|,606,11,23,511|,606,81,78,513|,606,353,354,513|,606,911,914,513|,606,971,972,513|,604,72,17,513|,604,567,564,513|,604,961,958,511|
,1114,92,297|,1114,92,33,293|,1114,88,34,297|,1114,90,34,297|,1114,197,198,295|,1114,241,238,293|,1114,247,244,297|,1114,405,400,295|,1114,405,402,297|,1114,983,984,297|
,776,121,1063|,776,36,71,1061|,776,281,282,1065|,772,501,498,1061|,774,530,119,1063|,774,530,16,73,1061|,774,530,16,203,1065|,774,530,18,205,1065|,774,530,565,566,1061|,774,530,869,870,1065|
,430,65,609|,430,73,605|,430,5,69,609|,430,5,71,605|,430,55,75,605|,430,77,80,607|,430,87,82,607|,430,377,380,605|,430,497,498,605|,430,913,910,607|
,740,423|,738,55,423|,738,675,672|,738,73,74,423|,738,199,196,421|,738,203,206,423|,738,401,404,421|,738,413,671,672|,738,545,548,423|,738,779,780,419|
,568,88,939|,568,90,939|,568,92,35,939|,568,157,154,939|,570,208,35,939|,570,208,22,425,937|,570,208,49,427,937|,570,208,93,88,939|,570,208,93,90,939|,570,208,179,182,939|
,586,77,80|,586,87,82|,586,913,910|,586,5,3,1|,586,5,13,10|,586,6,8,10|,586,6,699,696|,586,17,18,10|,586,17,79,80|,586,17,355,352|
,104,58|,221,224|,503,504|,102,57,52|,177,825,820|,1087,1084,284|,1087,1088,562,58|,177,172,5,3|,177,172,55,52|,177,172,195,190|
,1014,87,135|,1014,399,396|,1014,399,394,133|,1014,5,391,388|,1014,17,25,133|,1014,17,27,133|,1014,31,32,133|,1014,55,56,131|,1014,189,186,131|,1014,195,1143,1138|
,406,64,497|,408,16,497|,410,96,497|,410,253,501|,410,96,73,499|,410,96,641,642|,410,96,767,768|,410,94,16,497|,410,175,172,497|,410,229,226,497|
,790,60,425,1021|,792,168,545,1023|,792,168,55,549,1023|,792,168,87,429,1021|,792,168,195,319,1019|,792,168,227,547,1023|,792,166,30,545,1023|,792,166,239,321,1019|,792,166,623,626,1019|,792,170,7,545,1023|
,550,348,25,749|,550,348,25,751|,550,348,27,749|,550,348,27,751|,550,350,25,749|,550,350,25,751|,550,350,27,749|,550,350,27,751|,550,733,730,749|,550,733,730,751|
,1012,848,613|,1014,31,611|,1014,5,29,611|,1014,17,479,615|,1014,169,166,611|,1014,203,217,613|,1014,279,276,611|,1014,295,292,611|,1014,803,804,611|,1012,844,483,615|
,8,61,701|,8,10,339,703|,8,19,349,705|,8,19,351,705|,7,17,349,705|,7,17,351,705|,7,31,63,701|,7,31,335,703|,7,359,362,701|,39,735,732,705|
,1013,1014,857|,1013,1014,641,859|,844,406,64,857|,844,408,16,857|,844,410,96,857|,844,410,109,861|,846,92,107,861|,846,92,111,861|,846,197,198,857|,846,405,400,857|
,1122,972,755|,1122,972,16,759|,1120,244,24,755|,1120,244,26,755|,1120,781,778,759|,1120,975,972,755|,1124,316,40,755|,1124,318,192,755|,1124,318,194,759|,1124,318,194,17,755|
,13,161|,141,165|,37,155,163|,69,66,161|,37,34,22,161|,37,34,139,165|,37,38,8,161|,37,38,137,165|,37,89,157,163|,37,91,157,163|
,718,194,619|,720,294,619|,720,296,621|,722,392,621|,722,392,35,617|,722,388,132,621|,722,390,4,619|,722,390,37,617|,722,441,438,617|,722,591,586,619|
,270,188,195,319|,272,250,239,321|,272,250,623,626|,272,250,30,195,319|,272,252,94,41,317|,272,252,94,193,319|,272,252,96,195,319|,272,252,345,342,319|,272,252,713,714,626|,272,252,713,716,319|
,486,403|,486,93,405|,484,194,401|,484,433,434|,488,382,403|,488,382,93,405|,488,384,23,403|,488,386,86,401|,484,433,430,401|,484,194,431,434|
,1066,227|,1066,17,231|,1066,97,229|,1066,545,546|,1066,97,94,231|,1066,17,95,229|,1066,55,549,546|,1066,77,78,231|,1066,173,174,229|,1066,195,192,231|
,610,30,77|,614,478,79|,614,478,16,77|,614,480,338,81|,614,482,408,79|,610,30,17,79|,610,28,4,77|,610,32,24,79|,610,32,26,79|,610,143,146,81|
,892,52,1,1007|,892,52,1,1011|,892,52,285,1009|,892,207,283,1009|,894,58,1,1007|,894,58,1,1011|,894,58,285,1009|,894,60,10,1007|,894,60,10,1011|,896,22,10,1007|
,846,157,1109|,846,88,155,1109|,846,90,155,1109|,846,405,435,1111|,848,214,162,1109|,1013,1014,431,1111|,1013,1014,195,433,1111|,1013,1014,401,435,1111|,1013,1014,491,494,1109|,1013,1014,641,669,1113|
,1108,154,34|,1108,156,92|,1110,434,402|,1112,664,100|,1112,664,102,48|,1110,434,404,92|,1110,430,17,25|,1110,430,17,27|,1110,430,31,32|,1110,430,295,296|
,766,507|,768,496,507|,770,724,503|,770,917,918,507|,768,498,72,507|,768,643,640,507|,766,5,3,505|,766,55,52,505|,766,173,176,503|,766,195,190,505|
,738,173|,738,97,175|,736,278,173|,740,54,173|,740,54,97,175|,740,52,821,824|,740,56,103,177|,740,75,72,173|,740,207,202,173|,740,549,544,173|
,442,717,1117|,444,89,1115|,444,91,1115|,444,34,93,1115|,444,85,82,1119|,444,155,156,1115|,444,663,658,1119|,442,190,1,1119|,446,274,89,1115|,446,274,91,1115|
,924,564,149|,924,989,992|,924,564,25,151|,924,564,27,151|,922,11,19,149|,922,11,23,151|,922,11,47,153|,922,11,51,153|,922,81,78,149|,922,353,354,149|
,1035,1030|,372,130,153|,372,132,151|,372,1033,1030|,372,132,24,149|,372,132,26,149|,372,132,49,153|,372,132,1169,1172|,372,130,48,151|,372,181,178,151|
,106,22,67|,108,96,65|,108,98,67|,108,411,406|,110,22,67|,861,856,65|,861,856,5,69|,861,858,640,65|,110,22,12,69|,110,24,16,65|
,24,16,545|,24,231,547|,26,16,545|,26,231,547|,33,30,545|,49,57,549|,115,585,582|,297,294,545|,367,368,545|,395,398,545|
,142,1099|,337,334,1099|,142,28,37,1101|,142,32,35,1101|,142,32,1169,1170|,142,167,259,1097|,142,277,274,1101|,142,331,328,1101|,142,331,332,1101|,142,805,806,1101|
,886,244,24,593|,886,244,26,593|,886,244,209,597|,886,975,972,593|,888,132,24,593|,888,132,26,593|,888,132,209,597|,890,718,190,595|,890,718,192,593|,890,718,194,17,593|
,1074,38,257|,1074,1101,1096|,1074,38,8,261|,1074,38,171,259|,1074,34,22,261|,1074,36,13,261|,1074,663,660,261|,1076,340,18,261|,1076,344,98,261|,1076,344,98,9,257|
,25,731|,27,731|,349,733|,351,733|,27,35,735|,25,35,735|,18,23,731|,41,44,735|,119,120,735|,149,150,731|
,124,135,130|,124,429,426|,126,8,47|,126,8,51|,128,135,130|,128,429,426|,539,761,764|,667,664,102|,667,664,100,49|,539,540,220,102|
,1072|,1074,85,709|,1074,281,707|,1074,34,115,711|,1074,34,33,113,711|,1074,34,133,134,709|,1074,34,383,386,709|,1074,34,815,818,709|,1076,340,16,87,709|,1076,340,25,115,711|
,466,18,161|,468,22,161|,468,139,165|,468,24,18,161|,468,26,18,161|,468,35,155,163|,468,49,46,161|,468,49,50,161|,468,93,157,163|,468,209,219,214|
,135,1033|,135,373,1035|,135,130,153,1031|,135,132,151,1031|,82,525,520,1035|,84,34,133,1033|,84,34,151,1031|,84,155,375,1035|,84,183,180,1033|,84,329,371,1035|
,530,149|,530,25,151|,530,27,151|,526,92,151|,526,92,24,149|,526,92,26,149|,526,92,49,153|,526,92,1169,1172|,526,88,34,151|,526,90,34,151|
,243|,147,142,239|,339,334,239|,353,356,241|,697,694,241|,903,898,239|,953,954,241|,1119,1114,241|,1163,1166,846,241|,971,974,246,241|
,168,17|,168,77,78|,168,97,94|,168,195,192|,168,227,230|,168,759,754|,168,837,834|,168,913,914|,166,30,17|,166,32,24|
,892,54,1051|,892,461,1049|,896,463,1049|,896,22,12,1053|,896,24,16,1051|,896,26,16,1051|,896,33,28,1053|,896,33,30,1051|,896,35,36,1053|,896,35,465,1049|
,266,211,219|,266,611,612|,266,30,203,217|,266,32,209,219|,266,63,213,219|,262,53,207,217|,262,59,213,219|,262,285,282,217|,262,595,596,219|,264,184,161,215|
,736,274,439|,738,195,437|,738,1177,1178|,738,5,37,439|,738,5,391,441|,738,6,39,439|,738,17,193,437|,738,87,84,439|,738,279,274,439|,738,369,364,439|
,566,70,455|,566,72,5,455|,566,72,87,457|,566,72,431,459|,566,72,533,534|,562,58,2,455|,562,60,12,455|,562,62,28,455|,564,16,5,455|,564,16,87,457|
,708,86,1051|,708,86,5,1053|,708,84,36,1053|,708,84,465,1049|,708,457,454,1053|,708,949,946,1051|,706,280,36,1053|,706,280,465,1049|,706,282,202,1051|,706,284,2,1053|
,34,297,721|,34,393,723|,36,391,723|,439,436,719|,439,440,723|,445,442,719|,1043,1044,719|,36,3,191,719|,36,4,195,719|,36,4,295,721|
,196,92,1003|,198,17,1001|,198,17,25,1003|,198,17,27,1003|,198,17,1137,1134|,198,31,32,1003|,198,77,78,1001|,198,97,94,1001|,198,195,192,1001|,198,203,289,1005|
,466,16,1015|,466,79,76,1015|,466,95,96,1015|,466,193,194,1015|,466,231,226,1015|,466,349,551,1017|,466,351,551,1017|,466,409,845,1013|,466,755,758,1015|,466,835,836,1015|
,280,183|,280,34,179|,280,1081,1082|,280,34,133,181|,280,34,469,470|,280,85,135,181|,280,89,92,179|,280,91,92,179|,280,365,366,179|,280,465,462,179|
,409,845|,16,1015,1012|,25,93,847|,27,93,847|,95,411,845|,95,1165,1166|,355,356,847|,479,482,845|,531,526,847|,479,615,612,849|
,997|,522,112,577,999|,522,114,393,995|,520,372,389,995|,520,372,132,393,995|,522,114,33,577,999|,522,114,133,389,995|,522,112,28,391,995|,522,112,32,393,995|,522,112,633,628,995|
,666,539,573|,666,201,196,569|,664,100,93,569|,664,100,209,571|,664,104,213,571|,664,221,541,573|,1113,1108,156,569|,1113,1108,154,89,569|,1113,1108,154,91,569|,1113,1110,434,404,569|
,952,147,144|,954,92,107|,954,92,111|,954,88,34,107|,954,88,34,111|,954,90,34,107|,954,90,34,111|,954,247,244,107|,954,247,244,111|,954,405,402,107|
,489|,382,487|,384,23,487|,727,724,100,487|,727,817,814,487|,386,84,34,487|,386,86,195,485|,386,135,132,487|,386,819,814,487|,384,19,25,487|
,340,16,311|,340,16,313|,342,194,311|,342,194,313|,344,96,311|,344,96,313|,344,96,6,315|,344,94,16,311|,344,94,16,313|,344,98,9,315|
,213,219|,60,161,215|,60,205,217|,62,211,219|,62,611,612|,291,288,217|,291,286,165,215|,62,30,203,217|,62,32,209,219|,60,23,209,219|
,226,603|,226,279,601|,228,96,603|,230,16,603|,547,544,603|,547,544,279,601|,547,548,54,603|,230,16,279,601|,230,79,76,603|,230,95,96,603|
,462,24,561|,462,26,561|,464,155,557|,464,281,559|,464,34,24,561|,464,34,26,561|,464,45,40,561|,464,89,157,557|,464,91,157,557|,464,121,118,561|
,868,16,31,875|,868,25,33,875|,868,27,33,875|,868,561,556,877|,870,202,31,875|,872,474,330,875|,872,474,328,155,877|,872,474,332,155,877|,872,474,371,374,877|,872,472,12,29,875|
,40,513|,40,25,511|,40,27,511|,42,1,509|,44,34,511|,44,693,688|,44,34,24,513|,44,34,26,513|,44,85,82,509|,44,89,92,511|
,86,497|,86,73,499|,86,641,642|,86,767,768|,651,646,501|,949,946,497|,949,946,73,499|,949,946,641,642|,949,946,767,768|,651,648,430,497|
,802,497|,802,73,499|,802,641,642|,802,767,768|,804,30,497|,804,251,501|,804,30,73,499|,804,30,641,642|,804,30,767,768|,804,28,4,497|
,444,281,1009|,444,85,82,1007|,444,85,82,1011|,444,663,658,1007|,444,663,658,1011|,442,190,1,1007|,442,190,1,1011|,442,190,285,1009|,446,274,281,1009|,943,944,281,1009|
,1090,412,31,633|,1092,1086,104,631|,1092,1088,562,631|,1094,16,31,633|,1094,18,61,631|,1094,25,33,633|,1094,25,393,629|,1094,27,33,633|,1094,27,393,629|,1094,565,562,631|
,592,18,863|,596,210,867|,596,208,22,863|,596,208,33,867|,596,208,235,865|,596,212,60,863|,596,212,62,867|,592,16,31,867|,592,25,22,863|,592,25,33,867|
,948,135,373|,948,135,1033,1034|,948,82,525,520|,948,84,155,375|,948,84,329,371|,948,84,333,371|,948,84,639,636|,948,457,635,636|,946,31,331,371|,946,87,135,373|
,1036,31,63|,1036,359,362|,1038,31,63|,1038,359,362|,1038,31,113,116|,1038,31,211,212|,1038,31,633,630|,1038,5,3,59|,1038,5,13,61|,1038,5,29,63|
,638,34|,638,89,92|,638,91,92|,638,183,178|,638,365,366|,638,465,462|,638,617,620|,638,735,730|,638,855,852|,634,535,536|
,234,749|,234,751|,232,7,739,753|,232,8,23,749|,232,8,23,751|,232,39,34,749|,232,39,34,751|,232,137,138,749|,232,137,138,751|,232,987,984,749|
,964,560,16,73|,964,560,565,566|,964,645,640,73|,964,645,642,498|,966,328,36,71|,966,330,28,71|,966,330,30,73|,966,330,963,960|,966,332,36,71|,966,757,758,73|
,1156,11,323|,1156,11,325|,1156,11,23,327|,1156,477,472,323|,1156,477,472,325|,1156,509,510,327|,1156,659,660,323|,1156,659,660,325|,1158,286,138,327|,1158,288,204,323|
,1094,41,317|,1094,193,319|,1094,16,195,319|,1094,341,342,319|,1094,973,1123,1124|,1090,412,195,319|,1090,412,17,41,317|,1090,412,17,193,319|,1090,412,31,239,321|,1090,412,31,623,626|
,64,675|,64,413,671|,68,4,675|,68,4,413,671|,68,29,30,675|,68,71,72,675|,68,1053,1050,675|,64,55,423,673|,66,9,7,675|,66,12,4,675|
,366,245|,366,49,249|,366,93,247|,364,34,245|,364,89,247|,364,91,247|,364,303,300|,368,779,780|,368,5,299,300|,368,17,25,245|
,364,329,967|,364,333,967|,364,85,651,969|,364,155,557,965|,364,281,559,965|,366,24,561,965|,366,26,561,965|,366,33,331,967|,366,35,329,967|,366,35,333,967|
,718,192,79|,718,194,77|,720,294,77|,720,294,17,79|,720,292,30,77|,720,296,24,79|,720,296,26,79|,718,194,17,79|,718,192,16,77|,718,190,1,81|
,614|,610,335,481|,612,849,844,483|,610,30,17,479|,610,32,24,479|,610,32,26,479|,610,143,337,481|,610,577,578,483|,610,577,578,408,479|,610,143,146,339,481|
,640,31,143|,859,860,145|,859,856,31,143|,640,31,335,336|,640,5,29,143|,640,17,531,528|,640,55,1057,1058|,640,77,80,147|,640,87,82,147|,640,97,109,145|
,412,195,719|,412,295,721|,412,295,881,882|,412,5,391,723|,412,17,193,719|,412,31,293,721|,412,431,432,719|,412,587,590,723|,412,779,782,723|,412,933,928,719|
,1162,83,125,667|,1162,83,129,667|,1164,96,641,669|,1164,175,176,665|,1164,175,172,641,669|,1164,96,6,127,667|,1164,96,87,125,667|,1164,96,87,129,667|,1164,96,173,176,665|,1164,96,199,200,667|
,586,1015|,586,189,553,1017|,586,359,555,1017|,588,177,172,1015|,588,503,506,1015|,590,390,4,1015|,590,783,778,1015|,590,390,29,30,1015|,590,390,69,64,1015|,590,390,71,72,1015|
,578,408|,578,410,94|,578,483,478|,574,376,17|,574,679,676|,576,30,17|,576,32,24|,576,32,26|,576,32,22,19|,576,32,151,148|
,262,2,71|,262,53,75|,262,379,380|,264,188,73|,266,28,71|,266,30,73|,266,963,960|,266,30,5,71|,266,30,55,75|,266,30,377,380|
,748,469|,750,469|,750,24,467|,750,26,467|,750,179,471|,748,24,467|,748,26,467|,748,179,471|,750,22,19,467|,750,35,183,471|
,239,321|,623,626|,30,195,319|,30,17,41,317|,30,17,193,319|,30,55,625,626|,30,431,432,319|,30,545,1023,1018|,30,919,920,626|,30,933,928,319|
,506,779|,506,5,391,783|,506,587,590,783|,502,100,245,781|,502,100,393,783|,502,102,249,781|,502,177,172,779|,502,589,586,779|,502,589,590,783|,504,2,4,779|
,1164,175,176|,1164,94,25,101|,1164,94,27,101|,1164,96,173,176|,1164,96,507,502|,1164,96,587,588|,1164,98,23,101|,1164,98,47,103|,1164,98,51,103|,1164,98,61,105|
,138,24,341|,138,26,341|,138,26,95,345|,138,26,193,343|,138,24,95,345|,138,24,193,343|,138,22,19,341|,138,22,99,345|,138,35,1075,1076|,138,107,108,345|
,250,63,563|,252,94,565|,347,348,565|,347,350,565|,501,498,567|,501,496,17,565|,501,496,73,567|,347,705,700,563|,252,96,17,565|,252,96,73,567|
,138,33,611|,140,29,611|,165,215,613|,140,4,31,611|,138,24,479,615|,138,26,479,615|,138,115,112,611|,138,209,210,611|,138,209,219,613|,138,297,292,611|
,847,848|,92,209,219|,157,163,215|,569,570,219|,92,22,161,215|,92,22,205,217|,92,33,211,219|,92,33,611,612|,92,139,165,215|,88,34,209,219|
,1000,16,169|,1002,33,167|,1002,33,30,169|,1002,33,251,254|,1002,22,9,171|,1002,22,261,258|,1002,24,16,169|,1002,26,16,169|,1002,35,38,171|,1002,115,112,167|
,1012,846,421,785|,1012,1167,1162,789|,1014,55,423,785|,1014,77,80,789|,1014,87,82,789|,1014,195,437,787|,1014,675,672,785|,1014,913,910,789|,1014,1177,1178,787|,1014,195,190,1,789|
,542,468|,542,466,25|,542,466,27|,542,470,178|,540,220,100|,573,568,92|,573,570,208|,761,764,48|,761,764,46,23|,761,764,50,23|
,272,252,411|,272,252,94,409|,272,250,577,578|,272,347,348,409|,272,347,350,409|,268,260,19,409|,268,260,67,407|,268,260,99,411|,270,184,19,409|,270,184,67,407|
,896,93,1115|,896,22,10,1119|,896,35,89,1115|,896,35,91,1115|,896,245,246,1115|,896,403,404,1115|,896,511,508,1119|,896,985,982,1115|,892,52,1,1119|,892,423,420,1115|
,168,497|,255,501|,168,73,499|,168,641,642|,168,767,768|,166,30,497|,166,251,501|,170,7,497|,170,7,73,499|,170,7,641,642|
,484,194,1051|,486,463,1049|,486,22,12,1053|,486,24,16,1051|,486,26,16,1051|,486,33,28,1053|,486,33,30,1051|,486,35,36,1053|,486,35,465,1049|,486,139,140,1053|
,934,800|,938,34,747|,938,89,92,747|,938,91,92,747|,938,183,178,747|,938,365,366,747|,938,439,436,743|,938,439,1179,1174|,938,445,442,743|,938,465,462,747|
,1176,17,565|,1176,73,567|,1176,5,71,567|,1176,31,63,563|,1176,55,75,567|,1176,77,78,565|,1176,97,94,565|,1176,195,192,565|,1176,227,230,565|,1176,279,991,988|
,1102,281,282|,1104,278,203|,1106,430,203|,1106,430,55,207|,1106,432,194,203|,1106,434,400,203|,1104,278,55,207|,1104,274,281,282|,1104,276,30,203|,1104,601,598,288|
,1024,392,297|,1024,723,720|,1028,23,297|,1028,23,33,293|,1028,9,7,295|,1028,12,4,295|,1028,12,29,293|,1028,19,16,295|,1028,19,25,297|,1028,19,27,297|
,182,663|,178,22,661|,178,35,663|,1083,1080,663|,178,22,10,659|,178,24,18,661|,178,26,18,661|,178,33,977,978|,178,49,46,661|,178,49,50,661|
,1078,310,31,611|,1078,312,31,611|,1080,34,33,611|,1080,36,29,611|,1080,275,276,611|,1080,329,330,611|,1080,333,330,611|,1080,807,804,611|,1080,1101,1098,611|,1082,178,33,611|
,622,977|,622,30,399,981|,622,32,395,981|,624,54,31,977|,624,54,399,981|,626,320,238,977|,921,916,728,979|,921,918,31,977|,921,918,399,981|,1141,1138,397,981|
,376,65|,376,5,69|,378,2,69|,380,70,69|,380,72,65|,380,605,608|,575,578,406|,575,576,28,69|,575,576,30,65|,380,72,5,69|
,1002,749|,1002,751|,1000,25,749|,1000,25,751|,1000,27,749|,1000,27,751|,1000,16,739,753|,1000,18,23,749|,1000,18,23,751|,1000,149,150,749|
,640,17,25|,640,17,27|,640,31,32|,640,295,296|,640,369,366|,640,399,394|,640,401,402|,640,533,536|,640,619,620|,644,560,25|
,130,427|,134,429|,130,46,425|,130,50,425|,132,22,425|,132,49,427|,132,49,46,425|,132,49,50,425|,132,22,47,427|,132,22,51,427|
,724,100,33,875|,724,104,62,875|,726,382,33,875|,726,386,449,879|,728,662,155,877|,728,979,976,875|,771,766,31,875|,817,814,33,875|,817,818,449,879|,917,918,31,875|
,802,401|,802,431,434|,804,30,401|,804,32,403|,806,34,403|,806,89,405|,806,91,405|,806,91,92,403|,806,89,92,403|,806,34,93,405|
,1050,77,80|,1050,87,82|,1050,913,910|,1052,3,1|,1052,13,10|,1052,13,473,476|,1052,13,661,658|,1052,4,77,80|,1052,4,87,82|,1052,4,913,910|
,354,16,295|,354,25,297|,354,27,297|,356,92,297|,415,412,295|,493,490,295|,831,828,295|,831,828,31,293|,831,826,178,297|,493,490,31,293|
,700,563,925|,702,338,923|,702,336,146,923|,700,58,1,923|,700,60,10,923|,700,105,725,927|,704,348,565,925|,704,350,565,925|,704,350,18,10,923|,704,350,79,80,923|
,514,235,841|,514,235,453,843|,514,537,534,839|,516,28,455,839|,516,32,235,841|,516,867,864,841|,516,875,878,843|,518,9,233,841|,518,12,455,839|,518,23,235,841|
,717|,192,95,713|,194,97,713|,319,627,715|,343,344,713|,1143,1140,715|,929,932,97,713|,433,430,97,713|,343,340,95,713|,194,17,95,713|
,52,1,1007|,52,1,1011|,52,285,1009|,207,283,1009|,207,204,10,1007|,207,204,10,1011|,54,77,80,1007|,54,77,80,1011|,54,87,82,1007|,54,87,82,1011|
,22,10,923|,24,565,925|,26,565,925|,101,725,927|,383,727,927|,511,508,923|,815,816,927|,815,818,82,923|,511,512,565,925|,383,384,10,923|
,460,54,1015|,1049,1050,1015|,1049,1052,4,1015|,460,75,72,1015|,460,207,202,1015|,460,549,544,1015|,460,741,738,1015|,460,797,798,1015|,462,24,16,1015|,462,26,16,1015|
,160,61,1047|,162,154,1043|,162,156,88,1043|,162,156,90,1043|,162,691,692,1043|,160,9,39,1043|,160,12,37,1043|,160,19,193,1045|,160,23,35,1043|,160,661,662,1043|
,1086,100,151|,1086,102,153|,1088,564,149|,1088,989,992|,1093,1094,149|,1093,1094,25,151|,1093,1094,27,151|,1093,1090,416,153|,1088,564,25,151|,1088,564,27,151|
,186,417|,188,413|,188,675,670|,184,47,417|,184,51,417|,361,358,413|,361,358,675,670|,184,9,7,413|,184,10,353,415|,184,12,4,413|
,638,34,985|,638,38,987|,638,89,983|,638,91,983|,638,91,92,985|,638,89,92,985|,638,34,93,983|,638,155,156,983|,638,183,178,985|,638,365,366,985|
,353,493|,81,76,491|,83,86,491|,911,912,491|,911,914,16,491|,911,914,355,493|,83,84,155,495|,83,949,946,491|,81,78,16,491|,81,78,355,493|
,1168,93,1041|,1168,24,16,1037|,1168,24,16,1039|,1168,26,16,1037|,1168,26,16,1039|,1168,33,30,1037|,1168,33,30,1039|,1168,35,89,1041|,1168,35,91,1041|,1168,245,246,1041|
,988,925,922,683|,988,925,922,687|,988,562,58,1,683|,988,562,58,1,687|,988,562,60,10,683|,988,562,60,10,687|,988,564,18,10,683|,988,564,18,10,687|,988,564,79,80,683|,988,564,79,80,687|
,306,182,38|,308,254,170|,308,254,168,6|,308,254,259,256|,308,250,30,6|,308,250,167,170|,308,252,96,6|,308,252,98,9|,308,252,237,232|,308,273,268,256|
,46,61,631|,48,33,633|,48,393,629|,50,61,631|,103,104,631|,131,389,629|,131,132,33,633|,131,132,393,629|,103,104,62,633|,103,100,33,633|
,1162,477,873|,1164,94,869|,1164,96,17,869|,1164,96,203,871|,1164,98,19,869|,1164,98,205,871|,1164,98,473,873|,1164,229,230,869|,1164,345,340,869|,1164,411,408,869|
,54,189|,56,187|,56,46,185|,56,50,185|,54,359,360|,52,263,264|,75,72,189|,207,202,189|,207,204,185|,549,544,189|
,874,331,475|,874,28,13,473|,874,32,22,473|,874,63,60,473|,874,143,146,477|,874,239,242,477|,874,335,338,477|,874,517,518,473|,874,867,862,473|,874,899,902,477|
,244,731|,244,35,735|,246,88,735|,246,90,735|,246,92,731|,248,48,731|,301,302,735|,301,302,34,731|,301,298,37,735|,248,48,35,735|
,782|,778,5,391|,778,587,590|,780,244,393|,780,244,133,389|,780,246,92,393|,780,248,48,393|,780,248,131,389|,780,301,298,391|,780,887,888,389|
,510,35|,689,692|,689,690,154|,510,93,88|,510,93,90|,510,179,182|,510,367,364|,510,463,464|,510,621,616|,510,731,734|
,718,192,409|,718,192,95,411|,718,192,479,482|,718,194,17,409|,718,194,65,407|,718,194,97,411|,718,343,340,409|,718,343,344,411|,718,717,712,411|,720,292,577,578|
,952,477,873|,952,11,19,869|,952,11,205,871|,952,11,473,873|,952,81,78,869|,952,353,354,869|,952,509,512,869|,952,911,914,869|,952,971,972,869|,954,92,24,869|
,1150,1098,963|,1150,1098,32,959|,1150,1100,34,959|,1150,1171,1168,959|,1152,94,25,959|,1152,94,27,959|,1152,96,31,963|,1152,96,73,961|,1152,98,23,959|,1152,109,106,959|
,22,9,127|,24,909,906|,26,909,906|,35,38,127|,35,85,125|,35,85,129|,93,197,200|,101,665,666|,133,134,125|,133,134,129|
,964,560,349,705|,964,560,351,705|,966,330,63,701|,966,330,335,703|,968,646,347,705|,968,646,250,63,701|,968,646,250,335,703|,968,650,82,339,703|,968,685,682,339,703|,968,685,686,339,703|
,748,22,10,607|,748,22,67,609|,748,511,508,607|,748,959,960,605|,750,22,10,607|,750,22,67,609|,750,511,508,607|,750,959,960,605|,752,738,65,609|,752,738,73,605|
,1126,31,113,657|,1126,199,196,653|,1126,199,196,655|,1126,401,404,653|,1126,401,404,655|,1126,1037,1040,653|,1126,1037,1040,655|,1126,1039,1040,653|,1126,1039,1040,655|,1128,250,113,657|
,538,124,429|,538,128,429|,761,764,427|,761,764,46,425|,761,764,50,425|,538,126,8,425|,540,220,102,427|,542,466,18,425|,542,468,22,425|,542,468,49,427|
,1090,416,249|,1094,25,245|,1094,27,245|,1094,973,974|,1094,973,1123,1120|,1094,27,49,249|,1094,27,93,247|,1094,25,49,249|,1094,25,93,247|,1094,16,779,780|
,430,279,991|,1107,1104,991|,1107,1102,275,991|,430,17,149,993|,430,17,565,989|,430,31,277,991|,430,73,567,989|,430,603,600,991|,430,739,736,991|,432,192,149,993|
,970,0,285|,970,1007,1008|,970,1011,1008|,972,561,558|,972,16,203,283|,972,18,205,283|,972,25,35,281|,972,27,35,281|,972,41,42,285|,972,41,44,281|
,898,239|,902,243|,902,147,142,239|,902,339,334,239|,902,353,356,241|,902,697,694,241|,902,953,954,241|,902,1119,1114,241|,898,32,93,241|,898,143,146,243|
,959,960|,22,12,71|,24,16,73|,24,565,566|,26,16,73|,26,565,566|,33,28,71|,33,30,73|,33,963,960|,35,36,71|
,298,3,1,683|,298,3,1,687|,298,13,10,683|,298,13,10,687|,300,975,970,683|,300,975,970,687|,302,85,82,683|,302,85,82,687|,302,85,651,685|,302,663,658,683|
,486|,488,382|,488,384,23|,484,192,25|,484,192,27|,484,743,746|,484,192,18,23|,484,192,149,150|,484,192,467,468|,484,192,513,510|
,1114,569,572|,1114,92,469,543|,1114,197,200,539|,1114,197,223,541|,1118,0,225,541|,1118,83,125,539|,1118,83,129,539|,1118,11,9,127,539|,1118,11,19,467,543|,1118,11,23,469,543|
,814,33,805|,814,35,807|,818,84,807|,818,86,803|,818,86,31,805|,818,949,946,803|,814,33,30,803|,814,24,16,803|,814,26,16,803|,814,93,88,807|
,513|,25,511|,27,511|,18,10,509|,18,23,511|,79,80,509|,149,150,511|,355,352,509|,467,468,511|,915,910,509|
,580,299,300,1121|,582,1023,1018,1125|,584,114,245,1121|,905,908,973,1123|,905,908,973,974,1121|,905,908,25,245,1121|,905,908,27,245,1121|,905,908,41,317,1125|,905,908,193,319,1125|,584,114,245,975,1123|
,184,23,747|,186,48,747|,188,195,743|,188,799,800|,188,1177,1174|,188,17,25,747|,188,17,27,747|,188,17,193,743|,188,31,32,747|,188,31,899,900|
,664,102,427,1155|,664,177,174,1153|,666,124,429,1155|,666,128,429,1155|,668,640,97,1153|,668,640,17,95,1153|,668,640,31,1099,1151|,668,640,87,429,1155|,668,640,173,174,1153|,668,640,227,228,1153|
,182,155,495|,827,828,491|,827,830,493|,182,36,4,491|,182,38,7,491|,182,85,86,491|,182,89,157,495|,182,89,357,493|,182,91,157,495|,182,91,357,493|
,150,747|,148,25,747|,148,27,747|,148,193,743|,152,48,747|,1173,1168,747|,152,46,23,747|,152,50,23,747|,152,57,797,800|,152,103,100,747|
,5,37|,6,39|,87,84|,279,274|,369,364|,619,616|,803,806|,619,620,35|,369,366,35|,279,447,444|
,660,185|,660,47,187|,660,51,187|,658,11,185|,658,11,47,187|,658,11,51,187|,658,0,263,264|,658,81,76,189|,658,83,86,189|,658,477,472,185|
,1156,81,76,675|,1156,83,86,675|,1156,353,415,671|,1156,789,784,673|,1156,911,912,675|,1158,288,202,675|,1158,599,602,675|,1158,833,836,675|,1158,833,836,413,671|,1158,833,834,16,675|
,376,5,455|,376,87,457|,376,431,459|,376,533,534|,378,2,455|,380,70,455|,679,680,457|,380,72,5,455|,380,72,87,457|,380,72,431,459|
,448,86,603|,450,198,603|,450,198,279,601|,448,86,279,601|,448,84,275,601|,448,949,946,603|,452,232,7,603|,452,236,96,603|,879,874,30,603|,879,874,277,601|
,53,893|,59,895|,59,60,23,897|,59,62,32,897|,59,105,100,897|,59,117,114,897|,59,213,208,897|,53,56,48,897|,53,461,462,897|,1,11,23,897|
,1063|,122,75,1061|,122,207,1065|,122,54,73,1061|,122,54,203,1065|,120,36,71,1061|,120,281,282,1065|,118,16,73,1061|,118,16,203,1065|,118,18,205,1065|
,932,947|,932,87,949|,928,190,951|,928,194,947|,928,194,87,949|,928,192,16,947|,928,433,430,947|,932,5,3,951|,932,55,52,951|,932,195,190,951|
,250,30,1015|,252,96,1015|,254,168,1015|,347,551,1017|,501,496,1015|,1129,1126,1015|,1129,1130,1015|,501,498,72,1015|,501,643,640,1015|,501,769,766,1015|
,762,738,507|,764,103,503|,931,932,507|,931,928,190,505|,931,928,194,507|,764,48,101,503|,764,57,52,505|,764,57,54,507|,764,187,188,507|,764,417,412,507|
,838,454,4,203|,838,454,13,205|,838,456,86,203|,838,458,430,203|,838,535,532,203|,840,232,7,203|,840,232,8,205|,840,234,22,205|,840,236,96,203|,840,236,98,205|
,830,356,653|,830,356,655|,826,178,93,653|,826,178,93,655|,826,178,115,657|,826,182,89,653|,826,182,89,655|,826,182,91,653|,826,182,91,655|,828,31,113,657|
,436,194,545|,1179,1176,545|,1179,1176,55,549|,1179,1176,227,547|,436,194,55,549|,436,194,227,547|,436,190,53,549|,436,192,16,545|,436,192,231,547|,436,319,1019,1022|
,1042,85,651|,1044,433,649|,1044,194,87,651|,1044,194,431,649|,1042,329,967,968|,1042,333,967,968|,1042,777,772,647|,1042,1103,1106,649|,1046,62,251,647|,1046,62,30,87,651|
,682,11,23,749|,682,11,23,751|,682,509,510,749|,682,509,510,751|,686,11,23,749|,686,11,23,751|,686,509,510,749|,686,509,510,751|,686,509,512,25,749|,686,509,512,25,751|
,994,390,4,675|,994,591,586,675|,994,783,778,675|,998,574,376,675|,998,576,30,675|,998,576,30,413,671|,998,576,28,4,675|,998,576,167,168,675|,998,576,277,278,675|,998,576,293,294,675|
,418,244,487|,420,92,487|,420,92,383,489|,420,88,34,487|,420,90,34,487|,420,247,244,487|,420,405,402,487|,420,983,984,487|,418,244,383,489|,418,246,92,487|
,880,294,837|,880,294,17,835|,880,292,30,837|,880,296,24,835|,880,296,26,835|,882,718,192,835|,882,718,194,837|,882,720,294,837|,884,142,30,837|,884,529,530,835|
,94,193,443|,96,195,443|,96,279,447|,345,342,443|,713,716,443|,345,340,193,443|,345,1077,1074,445|,96,279,274,445|,96,5,37,445|,96,6,39,445|
,192,561|,190,285,559|,194,17,561|,194,641,644|,343,340,561|,343,344,94,561|,194,77,78,561|,194,97,94,561|,194,203,283,559|,194,227,230,561|
,192,25,815|,192,27,815|,194,87,819|,485,486,815|,743,746,815|,485,488,382,815|,485,488,386,819|,485,488,727,817|,194,17,25,815|,194,17,27,815|
,1026,156,421|,1026,156,247,419|,1026,154,89,421|,1026,154,91,421|,1024,392,93,421|,1024,392,245,419|,1024,441,787,784|,1024,783,780,419|,1028,10,789,784|,1028,23,93,421|
,802,1067|,804,30,1067|,806,155,1069|,806,34,327,1071|,806,36,4,1067|,806,38,7,1067|,806,85,86,1067|,806,89,157,1069|,806,91,157,1069|,806,275,278,1067|
,610,30,829|,610,28,4,829|,610,32,179,827|,610,167,168,829|,610,277,278,829|,610,293,294,829|,610,805,802,829|,612,216,202,829|,614,478,16,829|,614,478,355,831|
,934,798,227|,934,798,17,231|,934,798,97,229|,934,798,545,546|,934,796,54,227|,934,796,549,546|,936,424,19,231|,936,424,99,229|,936,428,86,227|,936,1021,1022,546|
,855|,34,853|,465,851|,465,462,853|,34,463,851|,89,92,853|,91,92,853|,183,178,853|,365,366,853|,617,620,853|
,772,250,611|,772,254,166,611|,774,528,142,611|,774,530,479,615|,776,34,33,611|,776,36,29,611|,776,275,276,611|,776,329,330,611|,776,333,330,611|,776,807,804,611|
,877,874,633|,1027,1024,629|,1027,1028,61,631|,877,874,63,631|,154,34,33,633|,154,34,393,629|,154,36,29,633|,154,36,391,629|,154,275,276,633|,154,329,330,633|
,358,311,1079|,358,313,1079|,358,5,37,1081|,358,6,39,1081|,358,6,315,1079|,358,87,84,1081|,358,279,274,1081|,358,369,364,1081|,358,619,616,1081|,358,803,806,1081|
,730,49,417|,730,22,47,417|,730,22,51,417|,730,24,16,413|,730,24,355,415|,730,24,1095,1090|,730,26,16,413|,730,26,355,415|,730,26,1095,1090|,730,33,30,413|
,466,95|,466,16,97|,466,18,99|,466,231,228|,466,341,344|,466,409,410|,468,22,99|,468,24,95|,468,26,95|,468,107,108|
,376,199|,378,225,222|,380,72,199|,380,70,4,199|,380,74,54,199|,380,499,496,199|,378,2,4,199|,378,53,54,199|,378,191,194,199|,378,505,506,199|
,370,475,873|,370,757,754,869|,372,132,24,869|,372,132,26,869|,374,557,560,869|,521,524,477,873|,1035,1030,148,869|,1035,1030,150,24,869|,1035,1030,150,26,869|,1035,1032,132,24,869|
,1132,178,33,239|,1132,178,93,241|,1132,182,89,241|,1132,182,91,241|,1134,1002,33,239|,1134,1002,93,241|,1136,16,31,239|,1136,18,10,243|,1136,25,33,239|,1136,25,93,241|
,1002,463|,1002,35,465|,1002,853,850|,1000,25,463|,1000,27,463|,1000,27,35,465|,1000,27,853,850|,1000,25,35,465|,1000,25,853,850|,1000,16,55,461|
,836,199|,834,16,199|,834,25,93,197|,834,27,93,197|,834,79,76,199|,834,95,96,199|,834,193,194,199|,834,231,226,199|,834,355,356,197|,834,531,526,197|
,178,515|,178,22,519|,178,33,517|,180,132,515|,182,34,515|,471,468,515|,471,468,22,519|,471,468,33,517|,471,466,18,519|,471,466,25,515|
,454,391|,456,135,389|,535,536,393|,535,536,133,389|,535,532,5,391|,535,532,587,590|,535,532,779,782|,456,135,132,393|,456,84,34,393|,456,84,36,391|
,42,1,697|,44,38,699|,44,89,695|,44,91,695|,44,34,93,695|,44,85,82,697|,44,155,156,695|,44,663,658,697|,40,16,6,699|,40,18,9,699|
,1030|,1032,130,153|,1032,132,151|,1034,372,130,153|,1034,372,132,151|,1032,132,24,149|,1032,132,26,149|,1032,132,49,153|,1032,132,1169,1172|,1032,130,48,151|
,656,116|,656,112,63|,656,112,211,212|,656,112,633,630|,656,114,22,61|,656,114,33,63|,656,114,101,104|,656,114,209,212|,656,114,897,894|,652,88,1043,1046|
,542,468,487|,542,468,383,489|,542,466,25,487|,542,466,27,487|,542,466,193,485|,542,470,178,487|,538,124,387,489|,538,128,387,489|,540,220,100,487|,540,224,191,485|
,376,5,37,693|,376,6,39,693|,376,17,513,689|,376,87,84,693|,376,279,274,693|,376,369,364,693|,376,491,494,691|,376,619,616,693|,376,803,806,693|,376,1067,1068,691|
,838,454,71,1061|,838,454,4,73,1061|,838,454,4,203,1065|,838,454,13,205,1065|,838,454,37,121,1063|,838,456,84,121,1063|,838,456,86,73,1061|,838,456,86,203,1065|,838,458,430,73,1061|,838,458,430,203,1065|
,172,739|,172,55,741|,172,279,737|,174,96,739|,174,96,55,741|,174,96,279,737|,174,94,16,739|,174,229,226,739|,172,31,277,737|,172,73,74,741|
,1024,441,1179|,1024,390,4,1177|,1024,392,747,1175|,1024,591,586,1177|,1024,783,778,1177|,1026,154,439,1179|,1026,495,490,1177|,1026,1069,1066,1177|,1028,9,7,1177|,1028,12,4,1177|
,856,413|,856,675,670|,858,640,413|,858,640,675,670|,858,642,496,413|,856,17,355,415|,856,17,1095,1090|,856,55,56,417|,856,189,186,417|,856,491,492,415|
,309,304,665|,501,643,669|,501,496,641,669|,250,30,641,669|,250,32,101,665|,250,63,105,665|,252,96,641,669|,252,175,176,665|,254,168,641,669|,254,170,127,667|
,411,579,999|,94,25,393,995|,94,27,393,995|,94,409,579,999|,96,5,391,995|,96,31,577,999|,96,377,575,999|,96,587,590,995|,96,779,782,995|,98,10,525,997|
,556,495|,560,16,491|,560,355,493|,645,640,491|,645,642,496,491|,645,859,856,491|,560,79,76,491|,560,95,96,491|,560,193,194,491|,560,231,226,491|
,430,913|,430,17,915|,432,192,915|,432,194,913|,434,400,913|,434,400,17,915|,434,402,24,915|,434,402,26,915|,432,194,17,915|,432,192,16,913|
,1076,342,1143|,1076,340,193,1143|,1072,708,135,1139|,1074,34,133,1139|,1074,85,135,1139|,1074,183,180,1139|,1074,439,436,1143|,1074,445,442,1143|,1074,1043,1044,1143|,1074,439,440,388,1139|
,898,32,749|,898,32,751|,900,746,749|,900,746,751|,898,30,739,753|,898,113,114,749|,898,113,114,751|,898,211,208,749|,898,211,208,751|,898,277,737,753|
,418,244,33,611|,420,92,33,611|,420,241,238,611|,420,847,848,613|,422,54,31,611|,422,207,217,613|,422,625,622,611|,673,674,31,611|,673,674,5,29,611|,673,674,17,479,615|
,730,33,335|,732,705,702|,732,346,250,335|,732,348,479,480|,732,350,479,480|,730,33,143,337|,730,22,10,339|,730,24,479,480|,730,26,479,480|,730,107,145,337|
,798,17|,798,77,78|,798,97,94|,798,195,192|,798,227,230|,798,759,754|,798,837,834|,798,913,914|,796,54,17|,796,123,118|
,170,39,945|,170,39,445,943|,166,28,37,945|,166,32,35,945|,166,32,897,941|,166,63,895,941|,166,277,274,945|,166,277,447,943|,166,331,328,945|,166,331,332,945|
,150,395|,150,133,397|,148,16,399|,148,25,395|,148,27,395|,152,48,395|,152,131,397|,1031,1032,397|,1173,1168,395|,1173,1168,133,397|
,962,335|,962,143,337|,958,33,335|,958,33,143,337|,958,22,10,339|,958,24,479,480|,958,26,479,480|,958,107,145,337|,958,111,145,337|,958,115,112,335|
,674,311|,674,313|,674,6,315|,670,412,311|,670,412,313|,670,412,6,315|,674,169,170,315|,672,422,54,311|,672,422,54,313|,672,422,54,6,315|
,76,507|,78,16,507|,80,0,505|,80,83,86,507|,80,911,912,507|,78,25,101,503|,78,27,101,503|,78,41,42,505|,78,95,96,507|,78,193,190,505|
,592,25,747|,592,27,747|,592,193,743|,594,191,743|,596,208,747|,596,210,32,747|,596,210,899,900|,594,1,903,900|,594,53,797,800|,592,16,195,743|
,700,58,53,549|,700,62,30,545|,700,117,585,582|,700,363,358,545|,700,895,892,549|,702,334,30,545|,702,1055,1056,549|,704,348,16,545|,704,348,231,547|,704,350,16,545|
,616,89,421|,616,91,421|,618,55,423|,618,675,672|,620,93,421|,620,245,419|,620,245,246,421|,620,93,247,419|,620,35,89,421|,620,35,91,421|
,396,134,651|,398,87,651|,398,431,649|,398,31,251,647|,398,97,253,647|,398,169,255,647|,398,195,433,649|,398,401,435,649|,398,497,500,647|,398,947,948,651|
,682,83,709|,684,650,709|,686,83,709|,686,0,285,707|,686,525,522,711|,686,1007,1008,707|,686,1011,1008,707|,682,0,285,707|,682,525,522,711|,682,1007,1008,707|
,738,401|,738,431,434|,736,278,401|,740,54,401|,753,748,403|,753,750,403|,753,750,93,405|,753,748,93,405|,740,54,431,434|,740,56,48,403|
,24,479|,26,479|,26,409,483|,24,409,483|,22,19,479|,33,335,481|,33,611,614|,151,148,479|,469,466,479|,511,512,479|
,832,290,117|,834,25,115|,834,27,115|,836,31,113|,836,31,32,115|,836,31,63,117|,836,5,29,113|,836,5,581,584|,836,17,25,115|,836,17,27,115|
,398,1067|,394,327,1071|,394,22,323,1071|,394,22,325,1071|,394,24,16,1067|,394,26,16,1067|,394,33,30,1067|,394,35,155,1069|,394,93,157,1069|,394,297,294,1067|
,1120,244,22,67|,1120,248,46,67|,1120,248,50,67|,1120,301,298,69|,1120,781,778,65|,1122,970,11,67|,1122,970,607,608|,1122,972,16,65|,1122,972,18,67|,1122,972,409,406|
,382,24,909|,382,26,909|,384,19,909|,386,125,907|,386,129,907|,386,86,17,909|,386,681,676,909|,384,9,127,907|,384,12,581,905|,384,23,24,909|
,340,16,619|,340,25,621|,340,27,621|,342,194,619|,344,96,619|,1077,1074,617|,1077,1074,34,621|,344,94,16,619|,344,94,25,621|,344,94,27,621|
,620,133|,620,49,131|,620,179,180|,620,393,388|,620,395,396|,616,34,133|,616,85,135|,616,183,180|,618,87,135|,618,399,396|
,136,7,947|,140,3,951|,140,4,947|,140,4,87,949|,140,29,30,947|,140,37,85,949|,140,69,64,947|,140,71,72,947|,140,455,456,949|,140,1053,1050,947|
,348,193,1143|,350,193,1143|,350,16,195,1143|,350,25,133,1139|,350,27,133,1139|,350,341,342,1143|,348,16,195,1143|,348,25,133,1139|,348,27,133,1139|,348,341,342,1143|
,328,34,139|,328,36,141|,328,38,137|,330,28,141|,330,32,139|,332,34,139|,332,36,141|,332,38,137|,332,89,92,139|,332,91,92,139|
,184,23,115|,184,61,117|,186,48,115|,188,31,113|,265,266,113|,361,362,117|,361,362,62,113|,361,358,31,113|,265,266,32,115|,265,266,63,117|
,76,947|,76,87,949|,78,16,947|,80,0,951|,80,83,949|,80,83,86,947|,80,911,912,947|,78,16,87,949|,78,41,42,951|,78,95,96,947|
,1148,377|,1148,73,381|,1148,5,3,379|,1148,5,71,381|,1148,17,677,678|,1148,31,577,574|,1148,55,52,379|,1148,55,75,381|,1148,87,681,678|,1148,195,190,379|
,576,63|,576,113,116|,576,211,212|,576,633,630|,574,378,59|,574,376,31,63|,574,376,359,362|,574,380,567,562|,576,28,3,59|,576,28,13,61|
,155,1109|,89,157,1109|,91,157,1109|,693,690,1109|,1103,1106,1111|,91,405,435,1111|,89,405,435,1111|,34,93,157,1109|,34,101,665,1113|,34,403,435,1111|
,788,0,821|,788,147,142,823|,788,243,238,823|,788,339,334,823|,788,903,898,823|,784,422,52,821|,786,436,190,821|,786,436,194,31,823|,786,436,194,173,825|,786,438,34,33,823|
,250,32,383|,252,98,385|,647,650,387|,252,98,23,383|,252,94,18,385|,252,94,25,383|,252,94,27,383|,252,96,87,387|,252,109,106,383|,252,109,110,383|
,811,812|,754,41,42|,754,193,190|,754,593,594|,758,5,3|,758,55,52|,758,195,190|,758,377,378|,758,507,504|,758,809,812|
,17,119|,55,123|,5,37,121|,6,39,121|,73,74,123|,73,1061,1062|,77,78,119|,87,84,121|,97,94,119|,195,192,119|
,990,274,855|,992,150,853|,992,150,35,855|,992,150,463,851|,992,148,25,853|,992,148,27,853|,992,152,48,853|,992,1173,1168,853|,990,274,34,853|,990,274,465,851|
,150,487|,150,383,489|,148,25,487|,148,27,487|,148,193,485|,152,48,487|,1173,1168,487|,1173,1168,383,489|,152,48,383,489|,152,46,23,487|
,988,566|,990,278,73|,990,278,5,71|,990,278,55,75|,990,278,377,380|,990,278,497,498|,990,274,36,71|,990,276,28,71|,990,276,30,73|,990,276,963,960|
,838,456,709|,842,448,709|,840,234,115,711|,840,453,448,709|,840,234,33,113,711|,840,234,35,85,709|,840,234,35,281,707|,840,234,35,1075,1072|,840,234,133,134,709|,840,234,383,386,709|
,250,30,203|,252,96,203|,252,98,205|,254,168,203|,501,496,203|,1129,1126,203|,1129,1130,203|,1129,1130,55,207|,1129,1126,55,207|,501,496,55,207|
,892,52,263|,894,58,263|,894,62,267|,896,33,267|,896,22,185,265|,896,49,187,265|,896,115,112,267|,896,209,210,267|,896,297,292,267|,896,515,516,267|
,304,221,541|,306,471,543|,306,178,469,543|,304,100,469,543|,304,102,765,760|,304,665,666,539|,304,102,48,469,543|,304,100,24,467,543|,304,100,26,467,543|,304,100,49,765,760|
,382,93,653|,382,93,655|,382,115,657|,382,33,113,657|,382,35,89,653|,382,35,89,655|,382,35,91,653|,382,35,91,655|,382,245,246,653|,382,245,246,655|
,508,11,67|,508,607,608|,510,22,67|,512,16,65|,512,18,67|,512,409,406|,512,18,12,69|,512,16,5,69|,512,25,22,67|,512,27,22,67|
,892,52,951|,892,54,947|,894,58,951|,894,62,30,947|,894,363,358,947|,892,54,87,949|,892,75,72,947|,892,207,202,947|,892,549,544,947|,892,741,738,947|
,160,205|,215,216|,164,287,288|,164,136,7,203|,164,136,8,205|,164,138,22,205|,164,140,4,203|,164,140,13,205|,160,9,7,203|,160,12,4,203|
,748,959,960|,750,959,960|,752,738,73|,752,740,75|,752,740,54,73|,752,738,5,71|,752,738,55,75|,752,738,377,380|,752,738,497,498|,752,736,278,73|
,958,24,409|,958,26,409|,962,577,578|,962,28,69,407|,962,30,17,409|,962,30,65,407|,962,30,97,411|,962,32,24,409|,962,32,26,409|,962,251,252,411|
,912,619|,914,16,619|,914,25,621|,914,27,621|,914,27,35,617|,914,25,35,617|,914,18,23,621|,914,41,44,617|,914,79,76,619|,914,95,96,619|
,940,896,297,881|,942,442,719,883|,944,34,297,881|,944,34,297,721,883|,944,34,33,143,885|,944,34,33,293,881|,944,34,107,145,885|,944,34,111,145,885|,944,34,393,723,883|,944,36,4,295,881|
,1150,1100,445|,1150,1100,275,447|,1150,1100,945,942|,1150,1098,277,447|,1152,94,193,443|,1152,96,195,443|,1152,96,279,447|,1152,345,342,443|,1152,713,716,443|,1154,428,84,445|
,970,83,651|,970,683,684|,970,687,684|,972,16,87,651|,972,16,431,649|,972,95,253,647|,972,193,433,649|,972,349,346,647|,972,351,346,647|,972,561,965,968|
,1036,17,561,965|,1036,31,331,967|,1036,87,651,969|,1036,431,649,969|,1036,641,644,965|,1036,759,756,967|,1038,17,561,965|,1038,31,331,967|,1038,87,651,969|,1038,431,649,969|
,544,189,553|,544,359,555|,544,1015,1016|,544,359,360,553|,544,189,361,555|,544,17,349,551|,544,17,351,551|,546,226,189,553|,546,226,359,555|,546,226,1015,1016|
,526,88,38|,526,90,38|,526,695,698|,526,983,986|,530,16,6|,530,18,9|,775,776,38|,775,772,254,170|,530,18,261,256|,530,16,169,170|
,730,33,977|,730,395,981|,734,663,979|,734,34,33,977|,734,34,395,981|,734,36,29,977|,734,275,276,977|,734,329,330,977|,734,333,330,977|,734,807,804,977|
,166,32,101,1087|,166,63,105,1087|,166,63,563,1089|,168,17,565,1089|,168,17,1095,1092|,168,73,567,1089|,168,173,176,1087|,168,203,283,1085|,168,413,1091,1092|,168,507,502,1087|
,474,330,875|,474,328,155,877|,474,332,155,877|,474,371,374,877|,472,12,29,875|,472,23,33,875|,472,61,62,875|,472,161,162,877|,472,519,516,875|,472,863,866,875|
,262,59,563|,266,63,563|,266,28,71,567|,266,30,17,565|,266,30,73,567|,266,32,24,565|,266,32,26,565|,266,113,116,563|,266,211,212,563|,266,277,991,988|
,1156,11,185|,1156,11,47,187|,1156,11,51,187|,1156,0,263,264|,1156,81,76,189|,1156,83,86,189|,1156,477,472,185|,1156,659,660,185|,1156,911,912,189|,1158,288,202,189|
,772,309|,776,183,307|,776,34,101,305|,776,34,179,307|,776,1081,1082,307|,774,526,88,183,307|,774,526,90,183,307|,774,526,92,101,305|,774,526,92,179,307|,774,528,142,251,309|
,160,19,341|,160,99,345|,160,99,94,341|,160,19,95,345|,160,19,193,343|,160,23,24,341|,160,23,26,341|,162,154,1075,1076|,162,557,560,341|,164,138,24,341|
,834,467,543|,834,25,469,543|,834,27,469,543|,834,909,906,539|,836,6,127,539|,836,17,467,543|,836,87,125,539|,836,87,129,539|,836,199,200,539|,836,199,223,541|
,262,505|,264,188,507|,266,30,507|,266,28,3,505|,266,28,4,507|,266,32,101,503|,266,63,58,505|,266,63,105,503|,266,167,168,507|,266,277,278,507|
,148,16,675|,152,417,671|,152,417,412,675|,152,57,54,675|,152,57,423,673|,152,187,188,675|,152,249,419,673|,148,16,413,671|,148,79,76,675|,148,95,96,675|
,478,565|,482,408,565|,482,410,94,565|,478,16,73,567|,478,18,61,563|,478,149,993,988|,478,1095,1092,1088|,480,334,63,563|,480,338,923,924|,480,703,700,563|
,372,181,307|,372,130,103,305|,372,132,101,305|,372,132,179,307|,370,328,183,307|,370,330,251,309|,370,332,183,307|,374,154,183,307|,637,638,183,307|,1035,1032,181,307|
,814,139,287|,814,1003,1004|,814,22,61,291|,814,22,205,289|,814,24,835,832|,814,24,1001,1004|,814,26,835,832|,814,26,1001,1004|,814,33,63,291|,814,101,104,291|
,784,422,54,837|,784,673,674,837|,786,436,192,835|,786,436,194,837|,786,1179,1176,837|,788,11,19,835|,788,81,76,837|,788,81,78,835|,788,83,86,837|,788,353,354,835|
,288,202,857|,599,602,857|,833,836,857|,833,836,641,859|,833,834,16,857|,599,602,641,859|,599,600,278,857|,288,202,641,859|,288,206,54,857|,286,136,7,857|
,358,31,823|,358,173,825|,362,58,821|,362,62,823|,362,105,177,825|,362,117,112,823|,362,213,210,823|,362,631,632,823|,358,5,3,821|,358,5,29,823|
,188,803|,188,31,805|,265,266,805|,361,358,803|,361,358,31,805|,361,362,62,805|,265,266,30,803|,188,5,29,805|,188,5,37,807|,188,6,39,807|
,256,137|,258,170,137|,260,9,137|,260,12,141|,260,23,139|,260,161,164|,260,19,25,139|,260,19,27,139|,260,47,48,139|,260,51,48,139|
,1088,564,915|,1093,1094,915|,1093,1094,16,913|,1093,1090,412,913|,1088,564,16,913|,1088,566,72,913|,1088,925,922,911|,1084,282,202,913|,1084,284,1,911|,1084,559,560,915|
,908,18,161|,908,25,22,161|,908,25,139,165|,908,27,22,161|,908,27,139,165|,908,95,98,161|,908,561,556,163|,904,580,13,161|,904,580,141,165|,906,126,8,161|
,478,16,1015|,482,845,1013|,482,406,64,1015|,482,408,16,1015|,482,410,96,1015|,478,79,76,1015|,478,95,96,1015|,478,193,194,1015|,478,231,226,1015|,478,349,551,1017|
,540|,538,201,223|,761,764,103,221|,573,568,197,223|,542,468,101,221|,538,667,664,221|,542,468,49,103,221|,542,468,93,197,223|,573,568,92,101,221|,761,764,48,101,221|
,568,92,959|,570,208,959|,570,210,963|,570,210,32,959|,570,208,33,963|,570,212,62,963|,568,92,33,963|,568,88,34,959|,568,90,34,959|,568,241,238,963|
,348,16,199|,350,16,199|,350,25,93,197|,350,27,93,197|,350,79,76,199|,350,95,96,199|,350,193,194,199|,350,231,226,199|,350,355,356,197|,350,531,526,197|
,178,367|,182,365|,182,34,367|,178,35,365|,180,132,367|,471,468,367|,827,828,369|,1083,1080,365|,1083,1080,34,367|,1083,1078,310,369|
,234,393|,234,133,389|,234,22,12,391|,234,22,1029,1024|,234,33,28,391|,234,33,633,628|,234,35,36,391|,234,35,439,440|,234,49,131,389|,234,101,589,590|
,406,66,10|,406,609,606|,408,18,10|,408,79,80|,408,355,352|,408,513,508|,408,915,910|,408,973,970|,410,98,10|,410,1165,1162|
,1006,477,873|,1008,282,871|,1010,477,873|,1010,11,19,869|,1010,11,205,871|,1010,11,473,873|,1010,81,78,869|,1010,353,354,869|,1010,509,512,869|,1010,911,914,869|
,216,202,199|,849,846,197|,849,1013,1014,199|,216,206,54,199|,214,162,156,197|,218,208,93,197|,218,210,30,199|,218,571,568,197|,613,610,30,199|,613,610,28,4,199|
,46,61,1047|,48,35,1043|,50,61,1047|,103,104,1047|,103,100,35,1043|,50,9,39,1043|,50,12,37,1043|,50,19,193,1045|,50,23,35,1043|,50,661,662,1043|
,772,252,345|,774,530,341|,776,1075,1076|,776,34,24,341|,776,34,26,341|,776,45,40,341|,776,121,118,341|,776,439,436,343|,776,445,442,343|,776,1043,1044,343|
,866,30|,866,28,4|,866,167,168|,866,277,278|,866,293,294|,866,805,802|,862,9,7|,862,12,4|,862,19,16|,862,67,64|
,402,101,1087|,402,24,565,1089|,402,24,1095,1092|,402,26,565,1089|,402,26,1095,1092|,402,35,281,1085|,402,49,103,1087|,400,17,565,1089|,400,17,1095,1092|,400,73,567,1089|
,246,157,1109|,246,88,155,1109|,246,90,155,1109|,246,405,435,1111|,244,35,155,1109|,244,93,157,1109|,244,101,665,1113|,244,403,435,1111|,248,103,665,1113|,301,302,155,1109|
,400,97|,400,17,95|,400,173,174|,400,227,228|,402,22,99|,402,24,95|,402,26,95|,402,107,108|,402,111,108|,402,235,236|
,28,3,285|,28,37,281|,30,203,283|,32,35,281|,63,58,285|,113,711,706|,267,262,285|,277,274,281|,331,328,281|,331,332,281|
,278,97,1165|,278,17,95,1165|,278,77,80,1163|,278,87,82,1163|,278,173,174,1165|,278,227,228,1165|,278,913,910,1163|,278,1015,1012,1167|,274,85,82,1163|,274,89,847,1167|
,976,32,853|,978,662,855|,980,394,853|,980,394,35,855|,980,394,463,851|,980,396,132,853|,978,662,34,853|,978,662,465,851|,978,660,23,853|,976,32,35,855|
,208,235,841|,208,235,453,843|,208,537,534,839|,210,28,455,839|,210,32,235,841|,210,867,864,841|,210,875,878,843|,210,875,878,452,841|,210,867,864,453,843|,210,32,235,453,843|
,550,348,973,1123|,550,350,973,1123|,552,186,249,1121|,552,186,249,975,1123|,552,186,48,245,1121|,552,184,10,971,1123|,552,184,19,973,1123|,552,184,23,245,1121|,552,184,47,249,1121|,552,184,51,249,1121|
,940,892,1057|,944,121,122,1057|,944,465,460,1057|,944,34,33,143,1059|,944,34,33,335,1055|,944,34,49,57,1057|,944,34,107,145,1059|,944,34,111,145,1059|,944,34,463,460,1057|,944,34,897,892,1057|
,54,31,977|,54,399,981|,625,622,977|,54,5,29,977|,54,169,166,977|,54,279,276,977|,54,295,292,977|,54,803,804,977|,52,1,659,979|,52,2,29,977|
,82,789,784|,84,89,421|,84,91,421|,86,55,423|,86,675,672|,86,73,74,423|,86,199,196,421|,86,203,206,423|,86,401,404,421|,86,413,671,672|
,908,755|,908,16,759|,908,16,809,810|,908,79,76,759|,908,95,96,759|,908,193,194,759|,908,231,226,759|,908,835,836,759|,908,915,912,759|,904,580,4,759|
,484,194,497|,484,194,73,499|,484,194,641,642|,484,194,767,768|,484,192,16,497|,484,433,430,497|,484,929,932,497|,486,24,16,497|,486,26,16,497|,486,33,30,497|
,348,16,675|,350,16,675|,350,16,413,671|,350,79,76,675|,350,95,96,675|,350,193,194,675|,350,231,226,675|,350,355,415,671|,350,755,758,675|,350,835,836,675|
,674,431|,674,195,433|,674,401,435|,670,412,431|,670,412,195,433|,670,412,401,435|,674,5,455,458|,674,17,193,433|,674,87,457,458|,674,87,651,648|
,880,296,731|,880,296,35,735|,880,292,32,731|,882,720,296,731|,882,722,392,731|,884,142,32,731|,884,144,106,731|,884,144,110,731|,884,144,110,35,735|,884,144,106,35,735|
,430,359|,430,189,361|,432,194,359|,434,400,359|,434,400,189,361|,432,194,189,361|,432,190,59,363|,432,192,16,359|,432,929,932,359|,432,1045,1046,363|
,394,245,1121|,394,245,975,1123|,394,24,973,1123|,394,26,973,1123|,394,49,249,1121|,394,93,247,1121|,396,130,249,1121|,396,132,245,1121|,396,889,886,1121|,398,17,973,1123|
,526,92,297|,528,142,293|,528,885,880|,530,16,295|,530,25,297|,530,27,297|,530,27,33,293|,530,25,33,293|,530,16,31,293|,530,18,23,297|
,544,767,770|,544,919,916|,544,87,387,727|,544,87,819,816|,544,173,176,725|,544,497,769,770|,544,507,502,725|,544,587,588,725|,546,226,767,770|,546,226,919,916|
,454,4,279|,454,29,277|,454,37,275|,456,84,275|,456,86,279|,458,430,279|,458,1107,1104|,535,532,279|,635,638,275|,635,638,445,446|
,982,88,303|,982,90,303|,982,247,301|,984,35,303|,984,245,301|,986,39,303|,986,39,36,299|,986,7,5,299|,986,8,12,299|,986,137,140,299|
,1042,34,235|,1042,38,233|,1042,85,449,452|,1042,89,92,235|,1042,91,92,235|,1042,183,178,235|,1042,365,366,235|,1042,465,462,235|,1042,617,620,235|,1042,735,730,235|
,1028,99|,1028,19,95|,1028,19,16,97|,1028,19,231,228|,1028,19,341,344|,1028,19,409,410|,1028,9,7,97|,1028,9,233,236|,1028,10,1163,1164|,1028,12,4,97|
,274,45|,278,17,41|,447,444,45|,1105,1102,45|,447,442,190,43|,447,442,192,41|,447,442,319,316|,447,943,944,45|,278,5,3,43|,278,5,37,45|
,880,292,805|,880,294,803|,884,142,805|,884,142,30,803|,884,337,334,805|,880,294,31,805|,880,292,30,803|,880,296,33,805|,880,296,35,807|,882,718,194,803|
,106,151,993|,110,151,993|,110,24,149,993|,110,24,565,989|,110,26,149,993|,110,26,565,989|,110,33,277,991|,110,35,275,991|,110,49,153,993|,110,1169,1172,993|
,238,28|,238,30,5|,240,88,36|,240,90,36|,242,0,2|,242,11,12|,242,11,67,68|,242,81,76,5|,242,83,84,36|,242,83,86,5|
,718,194,73|,720,294,73|,722,390,71|,722,390,4,73|,722,392,959,960|,722,591,586,73|,722,783,778,73|,720,294,5,71|,720,294,55,75|,720,294,377,380|
,1024,392,749|,1024,392,751|,1028,23,749|,1028,23,751|,1028,19,25,749|,1028,19,25,751|,1028,19,27,749|,1028,19,27,751|,1028,47,48,749|,1028,47,48,751|
,1,339,481|,43,40,479|,191,192,479|,595,592,479|,595,592,409,483|,191,192,409,483|,191,194,17,479|,191,343,340,479|,43,40,409,483|,1,11,19,479|
,292,63,563,925|,292,143,146,923|,292,239,242,923|,292,335,338,923|,292,899,902,923|,294,17,565,925|,294,73,567,925|,294,77,80,923|,294,87,82,923|,294,767,770,927|
,952,11,863|,956,452,865|,956,843,840,865|,956,879,874,867|,952,147,142,867|,952,243,238,867|,952,339,334,867|,952,477,472,863|,952,659,660,863|,952,903,898,867|
,788,0,595|,788,11,19,593|,788,81,78,593|,788,353,354,593|,788,509,512,593|,788,911,914,593|,788,971,972,593|,784,422,52,595|,786,436,190,595|,786,436,192,593|
,766,1127|,766,1131|,768,496,1127|,768,496,1131|,768,500,1129|,768,498,72,1127|,768,498,72,1131|,768,643,640,1127|,768,643,640,1131|,766,31,251,1129|
,1074,34,49|,1074,34,22,47|,1074,34,22,51|,1074,34,101,102|,1074,34,133,130|,1074,34,151,152|,1074,34,245,248|,1074,36,13,47|,1074,36,13,51|,1074,38,8,47|
,22,9,315|,24,16,311|,24,16,313|,26,16,311|,26,16,313|,33,30,311|,33,30,313|,35,38,315|,35,1081,1078|,139,136,315|
,476,1163|,472,10,1163|,472,99,1165|,472,19,95,1165|,472,661,658,1163|,476,11,99,1165|,873,868,95,1165|,873,868,16,97,1165|,873,868,18,10,1163|,873,868,18,99,1165|
,106,511|,110,511|,110,24,513|,110,26,513|,106,24,513|,106,26,513|,108,94,513|,145,146,509|,145,142,32,511|,145,337,338,509|
,640,619|,642,496,619|,859,856,619|,859,860,106,621|,859,860,110,621|,642,498,72,619|,642,769,766,619|,640,5,37,617|,640,6,39,617|,640,17,25,621|
,1114,92,49,765|,1114,247,248,765|,1114,569,572,761|,1116,716,929,930|,1118,11,47,765|,1118,11,51,765|,1118,11,23,49,765|,1118,11,185,186,765|,1118,11,425,426,765|,1118,0,53,56,765|
,808,295|,808,31,293|,810,758,295|,810,758,31,293|,810,754,16,295|,810,754,25,297|,810,754,27,297|,810,756,330,293|,808,31,32,297|,808,5,29,293|
,970,0,59,631|,970,11,61,631|,970,147,142,633|,970,243,238,633|,970,339,334,633|,970,903,898,633|,972,16,31,633|,972,18,61,631|,972,25,33,633|,972,25,393,629|
,752,738,497|,752,738,73,499|,752,738,641,642|,752,738,767,768|,752,736,278,497|,752,740,54,497|,752,740,75,499|,748,24,16,497|,748,26,16,497|,748,33,30,497|
,784,422,54,227|,784,422,549,546|,784,673,674,227|,786,436,192,231|,786,436,194,227|,786,1179,1176,227|,788,11,19,231|,788,11,99,229|,788,81,76,227|,788,81,78,231|
,472,23,209|,472,61,213|,474,330,211|,474,330,32,209|,474,330,63,213|,474,328,34,209|,474,332,34,209|,472,61,62,211|,472,23,33,211|,472,12,29,211|
,948,135|,946,87,135|,946,399,396|,946,399,394,133|,946,5,391,388|,946,17,25,133|,946,17,27,133|,946,31,32,133|,946,55,56,131|,946,189,186,131|
,646,252,98|,650,82,11|,650,387,384|,650,429,424|,685,682,11|,685,686,11|,685,686,477,472|,685,686,659,660|,685,682,477,472|,685,682,659,660|
,932,55|,932,73,74|,932,203,206|,932,545,548|,932,739,740|,932,799,796|,928,190,53|,928,194,55|,930,762,740|,930,764,57|
,506,1015|,506,189,553,1017|,506,359,555,1017|,502,177,172,1015|,502,589,586,1015|,504,2,4,1015|,504,53,54,1015|,504,191,194,1015|,504,379,376,1015|,504,813,808,1015|
,514,35,281|,518,205,283|,518,9,39,281|,518,10,0,285|,518,10,1007,1008|,518,10,1011,1008|,518,12,3,285|,518,12,37,281|,518,19,561,558|,518,23,35,281|
,278,1149|,276,30,1149|,601,602,1149|,737,738,1149|,737,740,54,1149|,276,28,4,1149|,276,28,13,1145|,276,28,13,1147|,276,32,22,1145|,276,32,22,1147|
,178,245,781|,178,393,783|,180,389,783|,827,828,779|,180,130,249,781|,180,132,245,781|,180,132,393,783|,180,134,86,779|,180,397,398,779|,180,889,886,781|
,214,162,154,1081|,216,202,311,1079|,216,202,313,1079|,216,283,280,1081|,218,208,35,1081|,218,208,179,1083|,849,846,88,1081|,849,846,90,1081|,849,846,90,183,1083|,849,846,88,183,1083|
,448,84,945|,448,84,445,943|,450,196,88,945|,450,196,90,945|,452,232,39,945|,452,234,35,945|,452,234,897,941|,879,876,154,945|,957,954,88,945|,957,954,90,945|
,10,1119|,23,93,1115|,99,713,1117|,473,476,1119|,661,658,1119|,661,662,89,1115|,661,662,91,1115|,99,1165,1162,1119|,23,35,89,1115|,23,35,91,1115|
,656,585,905|,656,114,24,909|,656,114,26,909|,652,92,24,909|,652,92,26,909|,652,197,200,907|,652,357,354,909|,652,527,530,909|,654,92,24,909|,654,92,26,909|
,1048,462,235|,1050,6,233|,1050,97,237|,1050,17,25,235|,1050,17,27,235|,1050,17,95,237|,1050,31,32,235|,1050,31,867,864|,1050,87,449,452|,1050,169,170,233|
,506,87,651|,506,431,649|,506,31,251,647|,506,97,253,647|,506,169,255,647|,506,195,433,649|,506,401,435,649|,506,497,500,647|,506,947,948,651|,506,1127,1128,647|
,58,191,929|,62,30,933|,363,358,933|,1047,1044,929|,1047,1044,194,933|,363,358,195,929|,363,360,188,933|,62,30,195,929|,62,28,4,933|,62,167,168,933|
,514,747,1175|,516,30,1177|,516,28,4,1177|,516,32,747,1175|,516,167,168,1177|,516,277,278,1177|,516,293,294,1177|,516,805,802,1177|,516,899,900,1175|,514,24,16,1177|
,1030,150,101,725|,1030,150,383,727|,1030,150,815,816|,1030,152,103,725|,1032,130,103,725|,1032,132,101,725|,1032,132,383,727|,1032,132,815,816|,1032,134,387,727|,1032,134,819,816|
,664,589|,668,640,587|,668,642,496,587|,668,859,856,587|,664,100,393,591|,664,177,172,587|,664,503,506,587|,666,124,86,587|,666,126,7,587|,666,128,86,587|
,510,749,752|,510,751,752|,512,16,739|,512,16,55,741|,512,16,279,737|,512,25,749,752|,512,25,751,752|,512,27,749,752|,512,27,751,752|,512,79,76,739|
,1150,1098,277|,1150,1100,275|,1152,96,279|,1152,96,31,277|,1152,96,603,600|,1152,96,739,736|,1152,94,16,279|,1152,175,172,279|,1152,229,226,279|,1152,253,250,277|
,856,919|,858,640,919|,858,642,496,919|,856,31,623,921|,856,55,625,921|,856,767,770,917|,860,108,96,919|,860,108,94,16,919|,860,108,175,172,919|,860,108,229,226,919|
,16,431|,193,433|,193,194,431|,16,195,433|,16,401,435|,25,403,435|,27,403,435|,79,76,431|,95,96,431|,231,226,431|
,16,203,217|,18,161,215|,18,205,217|,25,209,219|,27,209,219|,409,845,848|,479,615,612|,593,596,219|,869,870,217|,479,482,845,848|
,214,160,10|,216,204,10|,849,1167,1162|,849,846,241,242|,849,846,357,352|,849,846,695,696|,849,846,955,952|,849,846,1115,1118|,216,204,473,476|,216,204,661,658|
,122,207,217|,1063,1064,217|,122,54,203,217|,118,16,203,217|,118,18,161,215|,118,18,205,217|,118,25,209,219|,118,27,209,219|,118,409,845,848|,118,479,615,612|
,19,593|,10,0,595|,12,3,595|,23,24,593|,23,26,593|,23,209,597|,61,58,595|,61,213,597|,99,94,593|,99,96,17,593|
,512,231|,512,16,227|,512,95,229|,510,24,231|,510,26,231|,510,26,16,227|,510,26,95,229|,510,24,16,227|,510,24,95,229|,510,22,19,231|
,946,189,553|,946,359,555|,946,1015,1016|,946,359,360,553|,946,189,361,555|,946,17,349,551|,946,17,351,551|,948,86,189,553|,948,86,359,555|,948,86,1015,1016|
,1036,533|,1038,533|,1040,92,537|,1040,88,34,537|,1040,90,34,537|,1040,197,198,533|,1040,247,244,537|,1040,405,400,533|,1040,405,402,537|,1040,983,984,537|
,738,5,391|,738,587,590|,738,779,782|,753,748,393|,753,750,393|,753,750,133,389|,753,748,133,389|,738,17,25,393|,738,17,27,393|,738,31,28,391|
,1126,17,479|,1130,17,479|,1130,17,409,483|,1130,31,335,481|,1130,31,611,614|,1130,65,407,483|,1130,77,78,479|,1130,97,94,479|,1130,97,411,483|,1130,195,192,479|
,54,837|,54,17,835|,75,72,837|,123,118,835|,207,202,837|,207,289,833|,549,544,837|,741,738,837|,797,798,837|,797,798,17,835|
,202,5,391|,202,587,590|,202,779,782|,204,12,391|,204,23,393|,204,1029,1024|,204,23,133,389|,204,19,25,393|,204,19,27,393|,204,47,48,393|
,1068,154,777|,1068,156,88,777|,1068,156,90,777|,1068,156,527,775|,1068,691,692,777|,1066,5,37,777|,1066,6,39,777|,1066,17,531,775|,1066,31,251,773|,1066,87,84,777|
,46,161,162|,46,1029,1026|,48,35,155|,48,93,157|,50,161,162|,50,1029,1026|,131,373,374|,249,246,157|,249,246,88,155|,249,246,90,155|
,880,292,277,1105|,880,294,279,1105|,880,294,431,1107|,880,296,35,1103|,882,718,433,1107|,884,142,277,1105|,884,142,277,274,1103|,884,142,28,37,1103|,884,142,30,279,1105|,884,142,30,431,1107|
,886,248|,888,130|,888,132,49|,886,244,49|,886,244,22,47|,886,244,22,51|,886,244,101,102|,886,244,133,130|,886,244,151,152|,888,132,22,47|
,1090,412,545|,1094,16,545|,1094,231,547|,1094,231,226,545|,1094,16,55,549|,1094,16,227,547|,1094,79,76,545|,1094,95,96,545|,1094,95,229,547|,1094,119,122,549|
,66,661|,66,10,659|,68,13,661|,68,37,663|,609,606,659|,609,606,11,661|,68,13,10,659|,68,3,1,659|,68,29,977,978|,68,299,302,663|
,694,92,101|,694,92,49,103|,694,88,34,101|,694,90,34,101|,694,197,223,220|,694,247,244,101|,694,247,248,103|,694,405,402,101|,694,983,984,101|,696,0,59,105|
,640,399|,642,496,399|,859,856,399|,859,860,106,395|,859,860,110,395|,642,498,72,399|,642,769,766,399|,640,17,25,395|,640,17,27,395|,640,31,32,395|
,562,62,875,878|,564,16,87,449|,564,16,199,451|,564,25,235,453|,564,27,235,453|,564,95,237,453|,564,677,680,449|,566,72,87,449|,566,72,199,451|,925,922,83,449|
,802,5|,804,28|,806,36|,806,303,298|,804,30,5|,802,31,28|,802,65,68|,802,73,70|,802,1051,1052|,802,65,66,12|
,219,849,1167|,208,22,10,1163|,208,22,99,1165|,208,24,95,1165|,208,26,95,1165|,208,93,847,1167|,208,107,108,1165|,208,111,108,1165|,208,235,236,1165|,208,511,508,1163|
,622,63,291|,624,207,289|,624,52,59,291|,624,54,203,289|,624,54,603,598|,624,54,837,832|,624,893,894,291|,622,28,141,287|,622,30,203,289|,622,30,603,598|
,242,83|,238,30,87|,240,88,85|,240,90,85|,240,92,35,85|,240,92,133,134|,240,92,383,386|,240,92,815,818|,240,157,154,85|,240,197,198,87|
,726,489|,726,382,487|,724,100,487|,817,814,487|,817,814,383,489|,817,818,387,489|,724,100,383,489|,724,102,48,487|,726,384,23,487|,728,660,23,487|
,226,829|,228,96,829|,230,16,829|,230,355,831|,547,544,829|,547,548,54,829|,230,25,179,827|,230,27,179,827|,230,79,76,829|,230,95,96,829|
,356,88,303|,356,90,303|,356,247,301|,356,90,36,299|,356,88,36,299|,356,92,35,303|,356,92,245,301|,356,157,154,303|,356,421,418,301|,352,0,2,299|
,746,33|,901,898|,746,115,112|,746,209,210|,746,297,292|,746,515,516|,746,959,962|,742,194,31|,801,798,31|,1175,1176,31|
,376,779|,380,72,779|,380,70,4,779|,380,70,391,783|,380,74,54,779|,380,499,496,779|,376,5,391,783|,376,587,590,783|,378,2,4,779|,378,2,391,783|
,674,809|,674,759,811|,670,412,809|,670,412,759,811|,674,5,3,813|,674,17,755,811|,674,55,52,813|,674,195,190,813|,674,377,378,813|,674,507,504,813|
,80,789|,76,55,423,785|,76,87,82,789|,76,195,437,787|,76,675,672,785|,76,913,910,789|,76,1177,1178,787|,78,18,10,789|,78,193,437,787|,78,355,352,789|
,184,323|,184,325|,184,23,327|,186,46,323|,186,46,325|,186,48,327|,186,50,323|,186,50,325|,188,1067,1070|,188,5,13,323|
,796,893,941|,935,938,945|,935,938,445,943|,796,123,120,945|,796,461,464,945|,798,5,37,945|,798,6,39,945|,798,55,893,941|,798,87,84,945|,798,195,443,943|
,466,16,919|,466,79,76,919|,466,95,96,919|,466,193,194,919|,466,231,226,919|,466,755,758,919|,466,835,836,919|,466,915,912,919|,468,24,16,919|,468,26,16,919|
,29,211,571|,37,89,569|,37,91,569|,37,34,93,569|,37,34,209,571|,37,155,156,569|,29,32,93,569|,29,32,209,571|,29,63,213,571|,29,239,240,569|
,522,112,30,1015|,524,81,76,1015|,524,83,86,1015|,524,911,912,1015|,524,1163,1166,1013|,524,1163,1164,96,1015|,524,911,914,16,1015|,524,83,949,946,1015|,524,81,78,16,1015|,524,0,2,4,1015|
,522,114,24,1095|,522,114,26,1095|,524,11,19,1095|,524,81,78,1095|,524,353,354,1095|,524,353,415,1091|,524,509,512,1095|,524,911,914,1095|,524,971,972,1095|,524,911,912,17,1095|
,330,977|,328,663,979|,332,663,979|,332,34,33,977|,332,34,395,981|,332,36,29,977|,332,275,276,977|,332,807,804,977|,332,1101,1098,977|,328,34,33,977|
,790,62,331,371|,790,117,523,520|,792,166,331,371|,792,166,32,133,373|,792,166,113,523,520|,792,166,875,876,375|,792,168,31,331,371|,792,168,87,135,373|,792,168,399,396,373|,792,168,491,494,375|
,430,17,531|,432,192,531|,434,404,527|,434,400,17,531|,434,402,24,531|,434,402,26,531|,434,402,93,527|,432,194,17,531|,432,343,340,531|,430,31,143,529|
,682,0,191,343|,682,11,19,341|,682,11,99,345|,682,81,78,341|,682,353,354,341|,682,509,512,341|,682,911,914,341|,682,971,972,341|,682,1163,1164,345|,684,646,252,345|
,972,349|,972,351|,972,25,731,732|,972,27,731,732|,972,95,253,347|,970,11,19,349|,970,11,19,351|,970,81,78,349|,970,81,78,351|,970,339,703,704|
,664,100,24,869|,664,100,26,869|,666,907,908,869|,668,640,17,869|,668,640,203,871|,668,644,560,869|,668,644,558,282,871|,668,640,55,207,871|,668,640,77,78,869|,668,640,97,94,869|
,224,2,299|,224,2,37,303|,224,43,44,303|,224,285,280,303|,220,100,35,303|,220,100,245,301|,220,102,249,301|,222,196,88,303|,222,196,90,303|,222,196,247,301|
,758,1149|,754,16,1149|,754,18,1145|,754,18,1147|,811,808,1149|,754,25,22,1145|,754,25,22,1147|,754,27,22,1145|,754,27,22,1147|,754,79,76,1149|
,504,43,317|,504,191,319|,506,195,319|,506,17,41,317|,506,17,193,319|,506,31,239,321|,506,31,623,626|,506,55,625,626|,506,431,432,319|,506,545,1023,1018|
,762,736,274,945|,762,736,447,943|,762,740,893,941|,764,48,35,945|,764,48,897,941|,764,57,893,941|,931,928,443,943|,931,928,443,444,945|,931,928,437,438,945|,931,928,1045,1042,945|
,412,497|,412,73,499|,412,641,642|,412,767,768|,671,674,497|,671,674,73,499|,671,674,641,642|,671,674,767,768|,412,5,71,499|,412,31,251,501|
,652,92,24,79|,652,92,26,79|,652,197,198,77|,652,241,242,81|,652,357,352,81|,652,357,354,79|,652,405,400,77|,652,527,530,79|,652,695,696,81|,652,955,952,81|
,496,5,37,945|,496,6,39,945|,496,55,893,941|,496,87,84,945|,496,195,443,943|,496,279,274,945|,496,279,447,943|,496,369,364,945|,496,619,616,945|,496,803,806,945|
,910,83,709|,912,87,709|,912,31,113,711|,912,203,283,707|,912,947,948,709|,910,0,285,707|,910,525,522,711|,910,1007,1008,707|,910,1011,1008,707|,914,16,87,709|
,436,192,79|,436,194,77|,787,788,81|,1179,1176,77|,1179,1176,17,79|,436,194,17,79|,436,192,16,77|,436,190,1,81|,436,343,340,79|,436,433,430,77|
,330,30,413|,757,758,413|,757,758,675,670|,757,754,16,413|,757,754,355,415|,757,754,1095,1090|,757,811,808,413|,330,30,675,670|,330,28,4,413|,330,32,49,417|
,166,32,731|,170,39,735|,255,347,733|,255,250,32,731|,255,773,776,735|,170,39,34,731|,170,8,23,731|,170,137,138,731|,170,233,234,731|,170,987,984,731|
,784,422,54,1127|,784,422,54,1131|,784,673,674,1127|,784,673,674,1131|,786,436,194,1127|,786,436,194,1131|,786,1179,1176,1127|,786,1179,1176,1131|,788,81,76,1127|,788,81,76,1131|
,762,738,675|,764,417,671|,931,932,675|,931,932,413,671|,931,928,194,675|,764,417,412,675|,764,57,54,675|,764,57,423,673|,764,187,188,675|,764,249,419,673|
,754,18,10,953|,754,25,93,955|,754,27,93,955|,754,79,80,953|,754,355,352,953|,754,355,356,955|,754,513,508,953|,754,531,526,955|,754,915,910,953|,754,973,970,953|
,520,370,328,777|,520,370,332,777|,520,374,154,777|,520,637,638,777|,522,112,251,773|,522,114,35,777|,524,83,84,777|,524,147,529,775|,524,659,662,777|,524,147,142,251,773|
,886,781,778|,888,134,86|,888,397,398|,890,718,194|,890,720,294|,890,720,292,30|,890,718,192,16|,890,718,433,430|,890,718,929,932|,890,722,390,4|
,958,133,373|,962,331,371|,962,32,133,373|,962,113,523,520|,962,875,876,375|,958,133,1033,1034|,958,33,331,371|,958,35,155,375|,958,35,329,371|,958,35,333,371|
,19,909|,9,127,907|,12,581,905|,23,24,909|,23,26,909|,99,94,909|,99,96,17,909|,99,229,230,909|,99,345,340,909|,99,411,408,909|
,1100,89,1115|,1100,91,1115|,1100,34,93,1115|,1100,85,82,1119|,1100,155,156,1115|,1100,663,658,1119|,1096,260,10,1119|,1098,32,93,1115|,1098,143,146,1119|,1098,239,240,1115|
,310,1067|,312,1067|,314,7,1067|,314,8,323,1071|,314,8,325,1071|,314,39,155,1069|,314,171,168,1067|,312,491,494,1069|,310,491,494,1069|,1079,1080,155,1069|
,40,409,579|,42,379,575|,42,2,29,577|,42,59,62,577|,42,263,266,577|,42,821,822,577|,40,16,31,577|,40,16,377,575|,40,25,33,577|,40,27,33,577|
,712,96,587|,716,194,587|,716,192,16,587|,716,433,430,587|,716,437,440,591|,716,719,722,591|,716,929,932,587|,712,94,16,587|,712,175,172,587|,712,175,176,589|
,898,335|,902,339|,902,147,337|,898,143,337|,898,143,146,339|,898,143,1059,1054|,902,147,142,335|,902,147,1059,1054|,902,243,238,335|,898,63,701,702|
,544,31,251,309|,544,97,253,309|,544,169,255,309|,544,173,176,305|,544,497,500,309|,544,507,502,305|,544,587,588,305|,544,829,826,307|,544,1127,1128,309|,544,1131,1128,309|
,148,479,480|,150,33,335|,150,33,143,337|,150,22,10,339|,150,24,479,480|,150,26,479,480|,150,107,145,337|,150,111,145,337|,150,115,112,335|,150,209,210,335|
,29,899|,3,1,903|,4,31,899|,13,10,903|,13,23,33,899|,13,23,747,901|,13,61,62,899|,13,473,476,903|,13,519,516,899|,13,661,658,903|
,640,5,299|,640,5,37,303|,640,6,39,303|,640,31,28,299|,640,65,68,299|,640,73,70,299|,640,87,84,303|,640,279,274,303|,640,369,364,303|,640,619,616,303|
,814,22,99|,814,24,95|,814,26,95|,814,107,108|,814,111,108|,814,235,236|,818,86,97|,818,86,17,95|,818,86,173,174|,818,86,227,228|
,552,188,767|,554,358,767|,1017,1014,767|,1017,1014,497,769|,554,358,497,769|,554,360,188,767|,552,188,497,769|,552,361,358,767|,550,346,501,769|,550,348,16,767|
,276,143,1059|,276,335,1055|,278,55,1057|,737,740,1057|,737,738,55,1057|,278,31,143,1059|,278,31,335,1055|,278,73,74,1057|,278,203,206,1057|,278,545,548,1057|
,116,291,1159|,523,524,1157|,116,58,1,1157|,116,60,10,1157|,112,63,291,1159|,112,143,146,1157|,112,239,242,1157|,112,335,338,1157|,112,899,902,1157|,114,22,10,1157|
,746,815|,746,35,85,819|,746,101,725,817|,746,133,134,819|,746,383,386,819|,746,383,727,817|,742,192,25,815|,742,192,27,815|,742,194,87,819|,742,485,486,815|
,1096,260,10,1157|,1098,63,291,1159|,1098,143,146,1157|,1098,239,242,1157|,1098,335,338,1157|,1098,899,902,1157|,1100,85,82,1157|,1100,663,658,1157|,1100,663,660,10,1157|,1100,34,22,10,1157|
,970,0,821|,970,147,142,823|,970,243,238,823|,970,339,334,823|,970,903,898,823|,972,16,31,823|,972,16,173,825|,972,25,33,823|,972,27,33,823|,972,41,42,821|
,530,869|,530,16,203,871|,530,18,205,871|,530,18,473,873|,526,92,24,869|,526,92,26,869|,526,357,354,869|,528,146,477,873|,775,772,252,94,869|,775,772,347,348,869|
,310,77|,312,77|,312,17,79|,310,17,79|,314,7,77|,314,7,17,79|,314,8,10,81|,314,8,19,79|,314,171,168,77|,314,699,696,81|
,22,161|,139,165|,24,18,161|,26,18,161|,35,155,163|,49,46,161|,49,50,161|,93,157,163|,209,219,214|,327,322,161|
,1114,88,38,315|,1114,88,1081,1078|,1114,90,38,315|,1114,90,1081,1078|,1114,197,198,311|,1114,197,198,313|,1114,405,400,311|,1114,405,400,313|,1114,695,698,315|,1114,983,986,315|
,910,339,703|,914,349,705|,914,351,705|,914,18,61,701|,914,479,480,703|,914,565,562,701|,910,0,59,701|,910,11,61,701|,910,147,337,703|,912,17,349,705|
,802,17,677|,802,87,681|,802,377,679|,806,85,681|,806,34,24,677|,806,34,26,677|,806,45,40,677|,806,121,118,677|,802,73,381,679|,802,77,78,677|
,220,100,35,693|,220,100,511,689|,222,196,88,693|,222,196,90,693|,222,196,157,691|,224,1,509,689|,224,2,37,693|,224,43,44,693|,224,285,280,693|,224,285,280,155,691|
,508,83,651|,508,683,684|,508,687,684|,510,33,251,647|,510,35,85,651|,510,133,134,651|,510,383,386,651|,510,403,435,649|,510,815,818,651|,512,16,87,651|
,280,735,732,551|,282,202,189,553|,282,202,359,555|,282,202,1015,1016|,282,204,185,553|,284,59,363,555|,284,263,264,553|,559,560,349,551|,559,560,351,551|,559,560,16,189,553|
,187,265|,46,185,265|,48,33,267|,50,185,265|,57,52,263|,57,54,31,267|,57,54,189,265|,57,625,622,267|,50,10,0,263|,50,12,3,263|
,694,92,297,721|,694,92,393,723|,694,247,887,890|,696,0,191,719|,696,147,885,882|,698,7,195,719|,698,7,295,721|,698,7,295,881,882|,698,7,5,391,723|,698,7,17,193,719|
,802,203|,802,55,207|,804,30,203|,806,281,282|,806,34,22,205|,806,36,4,203|,806,36,13,205|,806,38,7,203|,806,38,8,205|,806,85,86,203|
,406,68,391|,408,25,393|,408,27,393|,579,999,994|,579,576,28,391|,579,576,32,393|,579,576,633,628|,408,27,133,389|,408,25,133,389|,408,16,5,391|
,408,25|,408,27|,408,18,23|,408,149,150|,408,467,468|,408,513,510|,408,1001,1002|,406,66,23|,410,94,25|,410,94,27|
,68,299|,68,37,303|,64,5,299|,66,12,299|,66,12,37,303|,66,9,39,303|,66,23,35,303|,66,23,245,301|,66,47,249,301|,66,51,249,301|
,1132,178,115|,1134,1002,115|,1136,25,115|,1136,27,115|,1136,27,33,113|,1136,25,33,113|,1136,16,31,113|,1136,18,23,115|,1136,18,61,117|,1136,149,150,115|
,1002,101,221|,1002,49,103,221|,1002,93,197,223|,1002,469,543,540|,1000,16,199,223|,1000,25,101,221|,1000,27,101,221|,1000,41,42,225|,1000,193,190,225|,1000,467,543,540|
,1062,120,735|,1062,120,34,731|,1062,118,25,731|,1062,118,27,731|,1062,118,349,733|,1062,118,351,733|,1060,70,37,735|,1060,961,958,731|,1064,204,23,731|,1064,283,280,735|
,190,1,697|,194,6,699|,194,77,80,697|,194,87,82,697|,194,169,170,699|,194,199,196,695|,194,311,314,699|,194,313,314,699|,194,401,404,695|,194,913,910,697|
,502,100,22,1029|,502,100,393,1025|,502,102,46,1029|,502,102,50,1029|,502,104,60,1029|,502,589,590,1025|,504,1,11,1029|,504,2,13,1029|,504,2,391,1025|,504,59,60,1029|
,792,168,1177|,792,166,30,1177|,792,170,7,1177|,790,62,30,1177|,790,363,358,1177|,790,363,360,188,1177|,790,62,28,4,1177|,790,62,32,747,1175|,790,62,167,168,1177|,790,62,277,278,1177|
,778,5,141|,778,6,137|,780,244,139|,782,390,141|,782,392,139|,782,388,132,139|,780,246,92,139|,780,248,48,139|,780,301,298,141|,778,17,25,139|
,120,1101|,120,34,33,1099|,120,34,1169,1170|,120,36,29,1099|,120,38,257,1097|,120,275,276,1099|,120,329,330,1099|,120,333,330,1099|,120,807,804,1099|,118,16,31,1099|
,976,30,779|,980,398,779|,980,394,245,781|,980,394,393,783|,980,396,389,783|,976,28,4,779|,976,28,391,783|,976,32,245,781|,976,32,393,783|,976,167,168,779|
,136,7,767|,140,4,767|,140,4,497,769|,140,29,30,767|,140,69,64,767|,140,71,72,767|,140,71,499,769|,140,1053,1050,767|,136,7,497,769|,136,171,168,767|
