1 0 88
0 1 94
2 1 98
1 2 100
3 2 100
2 3 95
4 3 90
3 4 99
5 4 100
4 5 95
0 5 90
5 0 96
2 5 100
5 2 97
5 5 100
5 5 100
3 6 74
6 3 80
5 6 92
6 5 95
6 6 100
6 6 100
5 7 90
7 5 100
6 7 100
7 6 100
6 7 93
7 6 89
2 8 95
8 2 100
3 8 81
8 3 97
7 8 86
8 7 91
7 9 86
9 7 90
2 9 95
9 2 91
4 9 95
9 4 98
6 10 100
10 6 94
1 10 100
10 1 100
9 10 100
10 9 100
5 11 100
11 5 100
7 11 100
11 7 99
5 11 99
11 5 100
1 12 95
12 1 93
3 12 99
12 3 95
11 12 95
12 11 95
1 13 100
13 1 99
5 13 100
13 5 90
8 13 95
13 8 95
3 14 100
14 3 98
5 14 100
14 5 94
2 14 100
14 2 90
2 15 100
15 2 92
3 15 94
15 3 96
12 15 98
15 12 100
3 16 98
16 3 96
6 16 96
16 6 95
0 16 100
16 0 95
0 17 86
17 0 98
9 17 97
17 9 100
3 17 95
17 3 100
9 18 100
18 9 100
9 18 75
18 9 92
7 18 98
18 7 88
6 19 94
19 6 98
3 19 79
19 3 86
5 19 89
19 5 100
7 20 84
20 7 100
11 20 97
20 11 95
13 20 94
20 13 97
7 21 100
21 7 100
19 21 95
21 19 100
7 21 95
21 7 99
8 22 95
22 8 100
7 22 93
22 7 90
13 22 100
22 13 95
6 23 94
23 6 99
9 23 90
23 9 100
12 23 100
23 12 98
17 24 100
24 17 100
4 24 97
24 4 100
17 24 90
24 17 100
11 25 98
25 11 95
7 25 92
25 7 100
17 25 90
25 17 98
4 26 97
26 4 100
7 26 98
26 7 100
2 26 96
26 2 91
8 27 96
27 8 91
21 27 90
27 21 90
0 27 91
27 0 85
6 28 88
28 6 95
7 28 100
28 7 88
11 28 95
28 11 100
9 29 92
29 9 93
18 29 91
29 18 94
29 29 100
29 29 100
5 30 90
30 5 97
29 30 93
30 29 96
26 30 100
30 26 100
8 31 99
31 8 99
3 31 84
31 3 95
4 31 99
31 4 94
3 32 95
32 3 100
19 32 92
32 19 100
20 32 96
32 20 100
7 33 97
33 7 88
25 33 91
33 25 86
9 33 92
33 9 95
5 34 100
34 5 96
11 34 100
34 11 89
3 34 92
34 3 97
1 35 96
35 1 92
6 35 88
35 6 90
3 35 90
35 3 94
18 36 95
36 18 97
3 36 92
36 3 80
24 36 99
36 24 100
3 37 90
37 3 93
5 37 97
37 5 89
12 37 97
37 12 98
7 38 91
38 7 95
8 38 95
38 8 91
13 38 100
38 13 90
30 39 100
39 30 100
37 39 93
39 37 98
38 39 91
39 38 95
20 40 96
40 20 95
36 40 100
40 36 100
1 40 93
40 1 95
3 41 100
41 3 99
19 41 96
41 19 100
6 41 94
41 6 93
4 42 99
42 4 94
7 42 92
42 7 91
19 42 86
42 19 91
8 43 96
43 8 100
18 43 98
43 18 97
0 43 98
43 0 95
7 44 85
44 7 95
18 44 100
44 18 94
11 44 91
44 11 100
8 45 77
45 8 78
19 45 90
45 19 97
31 45 99
45 31 91
4 46 100
46 4 100
31 46 95
46 31 100
5 46 100
46 5 100
1 47 91
47 1 100
34 47 100
47 34 95
8 47 93
47 8 89
46 48 100
48 46 100
34 48 100
48 34 93
45 48 100
48 45 83
9 49 92
49 9 100
8 49 97
49 8 94
3 49 89
49 3 89
9 50 96
50 9 96
37 50 99
50 37 98
1 50 87
50 1 98
26 51 96
51 26 100
37 51 97
51 37 100
13 51 100
51 13 87
8 52 96
52 8 100
3 52 97
52 3 96
7 52 95
52 7 100
2 53 100
53 2 100
44 53 97
53 44 100
9 53 92
53 9 90
20 54 94
54 20 95
33 54 100
54 33 87
45 54 99
54 45 96
3 55 100
55 3 100
3 55 100
55 3 93
4 55 100
55 4 100
10 56 99
56 10 100
35 56 96
56 35 96
43 56 100
56 43 96
5 57 100
57 5 100
5 57 91
57 5 100
7 57 97
57 7 90
9 58 100
58 9 100
8 58 100
58 8 100
9 58 92
58 9 94
8 59 85
59 8 95
27 59 100
59 27 100
0 59 95
59 0 91
6 60 96
60 6 100
35 60 96
60 35 100
19 60 100
60 19 94
45 61 95
61 45 95
6 61 100
61 6 100
6 61 84
61 6 82
0 62 92
62 0 100
6 62 100
62 6 96
18 62 100
62 18 97
3 63 94
63 3 96
34 63 100
63 34 90
13 63 88
63 13 100
9 64 100
64 9 100
7 64 94
64 7 100
3 64 100
64 3 96
58 65 100
65 58 100
25 65 96
65 25 95
29 65 96
65 29 95
3 66 87
66 3 100
1 66 94
66 1 95
15 66 100
66 15 100
7 67 96
67 7 96
5 67 100
67 5 98
17 67 98
67 17 93
25 68 100
68 25 100
2 68 89
68 2 100
7 68 88
68 7 98
7 69 89
69 7 99
25 69 98
69 25 98
3 69 98
69 3 100
3 70 100
70 3 100
7 70 99
70 7 93
18 70 100
70 18 96
14 71 95
71 14 100
6 71 97
71 6 100
19 71 94
71 19 95
3 72 92
72 3 99
62 72 100
72 62 96
11 72 100
72 11 86
44 73 95
73 44 100
18 73 95
73 18 100
12 73 97
73 12 99
5 74 83
74 5 97
11 74 91
74 11 95
17 74 98
74 17 86
3 75 92
75 3 99
35 75 95
75 35 100
70 75 100
75 70 96
35 76 100
76 35 94
9 76 97
76 9 99
68 76 97
76 68 96
35 77 96
77 35 100
9 77 96
77 9 97
49 77 92
77 49 90
17 78 94
78 17 97
36 78 94
78 36 94
42 78 98
78 42 100
2 79 100
79 2 100
17 79 92
79 17 100
75 79 100
79 75 100
12 80 98
80 12 100
7 80 100
80 7 100
9 80 100
80 9 96
6 81 100
81 6 95
7 81 99
81 7 93
33 81 95
81 33 100
5 82 95
82 5 100
58 82 95
82 58 96
0 82 100
82 0 100
6 83 88
83 6 90
59 83 100
83 59 98
71 83 97
83 71 95
35 84 100
84 35 99
7 84 93
84 7 100
67 84 99
84 67 98
3 85 92
85 3 96
62 85 97
85 62 98
29 85 98
85 29 100
3 86 93
86 3 100
15 86 100
86 15 93
45 86 93
86 45 94
20 87 100
87 20 96
1 87 96
87 1 100
3 87 100
87 3 93
0 88 95
88 0 100
7 88 95
88 7 83
6 88 98
88 6 93
7 89 100
89 7 97
8 89 90
89 8 100
5 89 100
89 5 90
65 90 92
90 65 97
22 90 99
90 22 95
0 90 91
90 0 83
18 91 95
91 18 97
27 91 92
91 27 94
6 91 95
91 6 88
3 92 88
92 3 100
79 92 100
92 79 100
7 92 100
92 7 83
24 93 100
93 24 100
40 93 100
93 40 95
81 93 95
93 81 96
3 94 100
94 3 82
41 94 99
94 41 95
12 94 95
94 12 100
61 95 100
95 61 100
34 95 95
95 34 96
63 95 95
95 63 100
29 96 100
96 29 96
50 96 99
96 50 98
6 96 90
96 6 99
13 97 95
97 13 95
6 97 95
97 6 91
15 97 91
97 15 92
18 98 90
98 18 100
38 98 92
98 38 91
93 98 100
98 93 90
66 99 94
99 66 100
8 99 98
99 8 90
71 99 100
99 71 95
2 100 95
100 2 100
94 100 100
100 94 93
22 100 100
100 22 100
3 101 99
101 3 97
20 101 99
101 20 100
68 101 100
101 68 94
6 102 97
102 6 96
1 102 98
102 1 96
38 102 97
102 38 95
51 103 100
103 51 97
49 103 97
103 49 100
3 103 92
103 3 89
15 104 94
104 15 100
0 104 94
104 0 98
14 104 100
104 14 94
8 105 92
105 8 83
39 105 94
105 39 100
83 105 97
105 83 100
9 106 91
106 9 95
3 106 89
106 3 95
7 106 88
106 7 100
8 107 89
107 8 97
12 107 100
107 12 98
56 107 98
107 56 95
68 108 94
108 68 100
13 108 98
108 13 100
8 108 100
108 8 89
79 109 95
109 79 100
65 109 93
109 65 98
9 109 95
109 9 80
3 110 90
110 3 98
86 110 100
110 86 100
96 110 99
110 96 99
45 111 91
111 45 100
75 111 96
111 75 95
17 111 92
111 17 92
18 112 100
112 18 100
18 112 88
112 18 89
22 112 88
112 22 93
0 113 100
113 0 93
5 113 96
113 5 97
9 113 91
113 9 100
20 114 97
114 20 100
24 114 100
114 24 98
110 114 100
114 110 98
72 115 97
115 72 100
73 115 92
115 73 100
3 115 92
115 3 80
6 116 98
116 6 100
66 116 100
116 66 97
17 116 94
116 17 95
0 117 100
117 0 100
111 117 100
117 111 94
0 117 84
117 0 90
88 118 100
118 88 100
29 118 96
118 29 100
9 118 95
118 9 91
18 119 97
119 18 100
0 119 94
119 0 100
4 119 100
119 4 89
13 120 95
120 13 100
59 120 98
120 59 93
61 120 100
120 61 92
50 121 100
121 50 100
17 121 100
121 17 99
22 121 100
121 22 99
19 122 95
122 19 96
107 122 100
122 107 100
35 122 96
122 35 100
35 123 99
123 35 92
52 123 96
123 52 96
68 123 95
123 68 100
20 124 95
124 20 100
67 124 100
124 67 100
113 124 100
124 113 100
7 125 97
125 7 100
61 125 100
125 61 100
9 125 96
125 9 91
49 126 90
126 49 100
3 126 91
126 3 90
12 126 100
126 12 100
35 127 98
127 35 97
127 127 100
127 127 100
7 127 99
127 7 88
7 128 100
128 7 100
7 128 99
128 7 95
126 128 99
128 126 90
6 129 99
129 6 100
58 129 95
129 58 96
3 129 96
129 3 74
93 130 95
130 93 86
126 130 89
130 126 100
11 130 99
130 11 100
3 131 94
131 3 95
86 131 100
131 86 96
124 131 100
131 124 100
45 132 91
132 45 92
91 132 95
132 91 100
9 132 93
132 9 91
3 133 99
133 3 87
44 133 97
133 44 100
68 133 95
133 68 100
73 134 96
134 73 100
76 134 94
134 76 97
0 134 92
134 0 92
13 135 90
135 13 92
31 135 95
135 31 95
135 135 100
135 135 100
12 136 99
136 12 100
3 136 100
136 3 99
127 136 100
136 127 99
3 137 91
137 3 100
8 137 93
137 8 94
9 137 96
137 9 91
3 138 97
138 3 97
129 138 96
138 129 100
1 138 95
138 1 78
7 139 95
139 7 95
124 139 100
139 124 100
17 139 92
139 17 89
1 140 100
140 1 100
8 140 100
140 8 100
32 140 100
140 32 100
33 141 100
141 33 92
3 141 93
141 3 90
62 141 92
141 62 99
51 142 100
142 51 100
6 142 93
142 6 100
3 142 99
142 3 96
79 143 100
143 79 100
42 143 94
143 42 94
78 143 100
143 78 94
71 144 89
144 71 100
18 144 95
144 18 84
39 144 97
144 39 95
80 145 100
145 80 100
7 145 90
145 7 98
9 145 97
145 9 85
3 146 93
146 3 92
110 146 99
146 110 100
21 146 96
146 21 95
5 147 99
147 5 95
42 147 97
147 42 100
8 147 90
147 8 98
6 148 87
148 6 86
37 148 100
148 37 100
82 148 97
148 82 100
8 149 97
149 8 97
29 149 98
149 29 91
78 149 100
149 78 100
52 150 92
150 52 100
123 150 100
150 123 100
27 150 99
150 27 91
44 151 86
151 44 97
25 151 97
151 25 94
123 151 99
151 123 98
12 152 98
152 12 97
13 152 100
152 13 100
7 152 83
152 7 91
8 153 87
153 8 90
127 153 100
153 127 94
0 153 95
153 0 86
100 154 100
154 100 98
24 154 93
154 24 99
6 154 85
154 6 89
0 155 92
155 0 100
3 155 95
155 3 93
6 155 100
155 6 92
124 156 92
156 124 96
3 156 96
156 3 78
107 156 93
156 107 92
0 157 91
157 0 97
97 157 97
157 97 98
124 157 97
157 124 94
35 158 95
158 35 95
130 158 90
158 130 93
3 158 92
158 3 83
136 159 99
159 136 100
74 159 97
159 74 91
9 159 81
159 9 84
152 160 98
160 152 100
77 160 98
160 77 100
9 160 93
160 9 95
3 161 100
161 3 90
17 161 100
161 17 100
1 161 100
161 1 91
0 162 100
162 0 99
18 162 91
162 18 95
78 162 99
162 78 96
7 163 96
163 7 90
15 163 99
163 15 100
8 163 97
163 8 99
96 164 100
164 96 96
58 164 100
164 58 100
111 164 94
164 111 97
0 165 91
165 0 97
6 165 91
165 6 92
44 165 100
165 44 91
8 166 99
166 8 93
113 166 82
166 113 97
69 166 100
166 69 98
18 167 100
167 18 96
7 167 92
167 7 91
4 167 95
167 4 98
97 168 100
168 97 96
49 168 98
168 49 100
28 168 96
168 28 89
68 169 99
169 68 99
90 169 100
169 90 95
99 169 98
169 99 97
6 170 92
170 6 96
7 170 94
170 7 92
51 170 97
170 51 100
0 171 100
171 0 100
50 171 100
171 50 100
0 171 92
171 0 94
144 172 99
172 144 95
3 172 80
172 3 92
95 172 99
172 95 91
56 173 96
173 56 95
74 173 90
173 74 91
94 173 100
173 94 95
68 174 96
174 68 100
29 174 87
174 29 94
5 174 95
174 5 87
28 175 100
175 28 100
25 175 91
175 25 100
65 175 98
175 65 100
3 176 100
176 3 100
3 176 97
176 3 99
18 176 95
176 18 98
9 177 96
177 9 100
35 177 100
177 35 94
13 177 90
177 13 88
80 178 100
178 80 96
3 178 87
178 3 100
2 178 100
178 2 92
59 179 95
179 59 100
12 179 100
179 12 95
27 179 100
179 27 91
15 180 95
180 15 100
23 180 94
180 23 100
37 180 98
180 37 82
3 181 76
181 3 95
29 181 95
181 29 92
57 181 100
181 57 100
121 182 100
182 121 100
9 182 90
182 9 89
60 182 89
182 60 100
55 183 92
183 55 100
9 183 96
183 9 95
33 183 92
183 33 89
50 184 93
184 50 94
20 184 98
184 20 94
97 184 95
184 97 93
72 185 99
185 72 88
184 185 93
185 184 97
6 185 89
185 6 96
46 186 94
186 46 99
8 186 69
186 8 92
9 186 91
186 9 72
9 187 96
187 9 97
49 187 100
187 49 95
75 187 97
187 75 99
29 188 100
188 29 94
75 188 95
188 75 100
114 188 100
188 114 98
18 189 86
189 18 91
122 189 100
189 122 95
0 189 90
189 0 93
44 190 97
190 44 96
165 190 100
190 165 100
56 190 95
190 56 96
3 191 100
191 3 100
45 191 96
191 45 100
3 191 95
191 3 97
33 192 96
192 33 96
170 192 100
192 170 100
6 192 99
192 6 98
25 193 95
193 25 99
107 193 95
193 107 100
35 193 99
193 35 94
5 194 100
194 5 100
5 194 97
194 5 99
3 194 94
194 3 91
186 195 98
195 186 96
19 195 91
195 19 97
74 195 100
195 74 98
0 196 92
196 0 85
51 196 100
196 51 95
196 196 100
196 196 100
0 197 100
197 0 95
19 197 87
197 19 83
144 197 97
197 144 97
7 198 100
198 7 91
186 198 92
198 186 95
28 198 91
198 28 96
127 199 95
199 127 100
3 199 84
199 3 78
76 199 93
199 76 87
