158 166 89
37 183 88
198 128 87
67 15 86
50 77 86
179 30 86
183 132 86
149 134 85
49 177 85
129 151 84
164 73 84
116 42 83
12 182 83
73 193 83
33 179 82
50 103 82
83 18 82
33 39 82
59 172 81
111 50 81
105 37 80
166 39 80
117 175 80
20 105 80
31 57 80
72 158 79
161 110 79
103 123 79
73 158 79
131 36 79
26 83 79
20 23 78
59 148 78
105 69 78
81 130 78
26 140 78
75 153 78
169 135 78
26 93 77
81 25 77
71 182 77
126 5 77
101 179 77
109 187 77
37 190 77
98 20 77
169 143 77
114 176 76
46 171 76
56 102 76
181 197 76
100 184 76
111 123 76
34 84 76
46 182 76
7 116 76
27 55 75
101 147 75
8 72 75
129 11 75
155 182 75
188 103 75
158 150 74
80 91 74
12 55 74
1 105 74
90 110 74
87 79 74
27 18 73
77 177 73
130 9 73
27 1 73
106 160 73
76 172 73
101 14 73
1 29 72
175 144 72
15 115 72
112 104 72
5 188 72
101 122 72
123 77 72
168 192 72
199 2 71
156 11 71
185 22 70
129 79 70
72 1 70
50 71 70
32 125 70
109 178 70
194 124 70
175 128 70
106 2 70
93 113 70
155 162 69
93 71 69
54 160 69
135 70 69
188 177 69
75 103 69
38 141 68
172 68 68
186 18 68
32 58 68
87 54 68
4 150 67
106 144 67
101 194 67
56 24 67
73 166 67
189 126 67
2 125 67
89 2 67
85 184 66
31 39 66
121 103 66
91 60 66
22 187 66
161 180 66
132 129 65
144 45 65
44 88 65
184 42 65
181 65 64
14 29 64
155 142 64
169 70 64
89 173 63
65 80 63
62 19 63
194 44 63
31 177 63
104 88 63
189 52 63
132 180 63
75 104 62
126 73 62
98 159 62
101 0 62
20 1 62
172 25 62
71 86 62
135 173 62
95 128 62
172 105 61
4 120 61
144 146 61
190 129 61
2 30 61
123 106 61
48 56 61
84 70 60
181 41 60
105 16 60
152 171 60
144 188 60
188 7 60
131 87 60
126 32 60
77 189 59
157 28 59
65 28 59
21 14 59
7 94 59
27 186 59
151 102 59
182 46 58
6 125 58
24 11 58
182 121 58
81 30 58
17 175 58
91 28 58
0 43 58
31 6 58
152 178 58
47 39 57
126 76 57
97 79 57
121 178 57
9 123 57
36 170 57
81 172 56
50 33 56
6 144 56
90 169 56
114 98 55
162 21 55
67 84 55
60 55 55
13 39 54
41 103 54
80 96 54
148 149 54
10 88 54
17 86 54
137 86 54
77 171 54
185 108 54
102 147 54
161 65 54
176 13 54
109 7 54
42 128 54
164 15 54
196 57 54
185 56 54
14 115 54
64 44 53
64 164 53
123 16 53
105 83 53
110 27 53
72 123 53
197 114 53
101 172 52
99 6 52
47 15 52
128 81 52
8 56 52
87 133 51
197 20 51
26 60 51
45 97 51
26 105 51
18 39 51
170 31 51
172 134 51
93 7 50
48 71 50
152 189 50
31 86 50
84 178 50
159 127 50
199 97 50
187 37 50
174 52 50
33 113 50
183 105 49
107 166 49
66 14 49
170 128 49
110 7 48
25 74 48
124 149 48
137 70 48
178 0 48
62 52 48
120 157 48
89 143 47
35 122 47
12 171 47
7 157 47
80 172 47
30 177 47
184 28 46
34 72 46
109 167 46
0 85 46
198 176 46
168 117 46
54 4 46
11 108 45
197 148 45
12 34 45
149 82 45
44 125 45
133 68 45
88 9 45
123 71 45
162 148 45
195 163 45
7 24 45
164 120 45
128 104 44
191 112 44
93 74 44
185 44 44
75 168 44
165 50 44
153 43 44
7 15 44
53 117 43
84 7 43
189 93 43
139 137 43
6 88 43
100 190 43
34 127 43
114 195 43
33 85 43
28 127 43
3 9 43
113 34 43
196 115 42
66 79 42
78 103 42
1 152 42
23 180 42
158 161 42
45 172 42
130 87 42
143 37 41
141 112 41
76 94 41
177 111 41
117 128 41
169 115 41
73 84 41
150 142 41
19 77 41
35 96 41
35 139 40
174 73 40
137 181 40
105 141 40
159 41 40
9 145 40
132 105 40
29 108 40
63 183 39
125 72 39
81 19 39
66 36 38
65 148 38
192 43 38
170 80 38
142 36 38
33 89 38
79 68 37
10 119 37
175 28 37
112 13 37
93 84 36
66 118 36
143 180 36
32 126 36
174 199 36
146 72 36
45 114 36
19 169 36
96 85 35
75 155 35
182 193 35
153 128 35
73 105 34
125 59 34
136 6 34
31 160 34
28 69 34
163 59 34
115 55 34
16 87 34
102 127 33
120 94 33
106 73 33
69 111 33
117 121 33
126 70 33
7 83 33
142 22 32
69 181 32
190 14 32
67 154 32
60 106 32
106 25 32
26 161 32
61 193 31
58 26 31
34 22 31
16 161 31
194 66 31
99 13 31
9 188 31
134 140 31
45 67 30
129 1 30
3 23 30
168 145 30
28 84 30
168 15 30
143 121 30
45 37 30
152 47 30
54 93 30
67 112 29
88 14 29
152 161 29
30 37 29
128 15 29
163 71 29
155 106 29
160 150 29
195 77 28
165 111 28
176 164 28
94 95 28
91 4 28
125 166 28
31 184 28
82 149 27
47 97 27
196 34 27
132 54 27
30 60 27
142 93 27
47 87 27
28 115 27
83 97 27
65 54 26
139 51 26
134 142 26
51 146 26
63 140 26
34 137 26
46 26 26
184 155 25
154 30 25
83 172 25
93 40 25
98 163 25
61 36 25
33 64 25
42 68 24
71 0 24
171 148 24
39 36 24
11 177 24
132 60 24
147 3 24
70 184 24
44 188 24
70 19 23
8 50 23
49 197 23
166 145 23
38 143 23
95 190 23
160 179 23
12 166 23
17 73 23
154 129 22
84 86 22
61 115 22
115 75 22
150 125 22
75 63 22
69 190 22
91 52 22
94 124 21
79 49 21
167 53 21
177 42 21
174 19 21
49 10 21
150 137 20
21 168 20
43 2 20
123 15 20
174 128 20
1 83 20
52 157 20
162 147 19
134 102 19
131 191 19
182 11 19
7 55 19
82 197 19
21 88 19
110 106 19
189 130 19
138 52 18
165 108 18
128 86 18
134 41 18
82 38 18
161 25 18
111 5 18
158 12 18
87 172 18
89 50 17
49 194 17
33 133 17
39 183 17
78 160 17
5 189 17
112 154 17
178 42 16
87 111 16
13 158 16
89 199 16
175 124 16
114 101 16
88 126 16
195 49 16
146 156 15
6 75 15
6 39 15
39 0 15
23 39 15
5 102 14
88 41 14
161 95 14
176 92 14
126 68 14
191 83 14
12 142 13
37 68 13
181 132 13
11 29 13
150 187 13
151 11 13
185 94 13
14 113 13
119 20 13
110 69 13
97 78 12
137 2 12
38 197 12
107 51 12
43 17 12
124 84 12
41 141 12
62 53 12
127 8 12
66 133 12
115 138 11
16 134 11
34 57 11
136 160 11
81 156 11
2 98 11
90 172 11
90 185 10
58 166 10
135 65 10
75 91 10
117 60 10
165 61 10
114 148 9
40 53 9
129 194 9
87 56 9
130 160 9
72 86 9
112 16 9
86 160 9
155 121 9
76 16 8
58 72 8
31 125 8
134 191 8
130 115 8
129 162 8
90 132 8
151 3 8
163 65 7
5 154 7
186 189 7
55 181 6
10 99 5
122 101 5
153 59 5
94 54 5
28 59 5
2 153 5
110 53 5
139 19 5
95 131 5
49 179 5
22 196 5
127 139 4
186 196 4
165 140 4
91 148 4
55 16 4
7 30 4
189 55 4
155 120 4
137 116 3
40 118 3
88 111 3
50 95 3
11 47 2
119 123 2
137 37 2
71 68 2
71 7 2
14 53 2
192 22 1
170 40 1
180 125 1
35 119 1
87 174 1
135 199 1
133 26 1
23 186 1
166 133 1
26 131 1
