0 1 100
1 2 100
2 3 100
3 4 100
4 5 100
5 0 100
5 2 100
5 5 100
6 3 100
6 5 100
6 6 100
7 5 100
7 6 100
7 6 100
8 2 100
8 3 100
8 7 100
9 7 100
9 2 100
9 4 100
10 6 100
10 1 100
10 9 100
11 5 100
11 7 100
11 5 100
12 1 100
12 3 100
12 11 100
13 1 100
13 5 100
13 8 100
14 3 100
14 5 100
14 2 100
15 2 100
15 3 100
15 12 100
16 3 100
16 6 100
16 0 100
17 0 100
17 9 100
17 3 100
18 9 100
18 9 100
18 7 100
19 6 100
19 3 100
19 5 100
20 7 100
20 11 100
20 13 100
21 7 100
21 19 100
21 7 100
22 8 100
22 7 100
22 13 100
23 6 100
23 9 100
23 12 100
24 17 100
24 4 100
24 17 100
25 11 100
25 7 100
25 17 100
26 4 100
26 7 100
26 2 100
27 8 100
27 21 100
27 0 100
28 6 100
28 7 100
28 11 100
29 9 100
29 18 100
29 29 100
30 5 100
30 29 100
30 26 100
31 8 100
31 3 100
31 4 100
32 3 100
32 19 100
32 20 100
33 7 100
33 25 100
33 9 100
34 5 100
34 11 100
34 3 100
35 1 100
35 6 100
35 3 100
36 18 100
36 3 100
36 24 100
37 3 100
37 5 100
37 12 100
38 7 100
38 8 100
38 13 100
39 30 100
39 37 100
39 38 100
40 20 100
40 36 100
40 1 100
41 3 100
41 19 100
41 6 100
42 4 100
42 7 100
42 19 100
43 8 100
43 18 100
43 0 100
44 7 100
44 18 100
44 11 100
45 8 100
45 19 100
45 31 100
46 4 100
46 31 100
46 5 100
47 1 100
47 34 100
47 8 100
48 46 100
48 34 100
48 45 100
49 9 100
49 8 100
49 3 100
50 9 100
50 37 100
50 1 100
51 26 100
51 37 100
51 13 100
52 8 100
52 3 100
52 7 100
53 2 100
53 44 100
53 9 100
54 20 100
54 33 100
54 45 100
55 3 100
55 3 100
55 4 100
56 10 100
56 35 100
56 43 100
57 5 100
57 5 100
57 7 100
58 9 100
58 8 100
58 9 100
59 8 100
59 27 100
59 0 100
60 6 100
60 35 100
60 19 100
61 45 100
61 6 100
61 6 100
62 0 100
62 6 100
62 18 100
63 3 100
63 34 100
63 13 100
64 9 100
64 7 100
64 3 100
65 58 100
65 25 100
65 29 100
66 3 100
66 1 100
66 15 100
67 7 100
67 5 100
67 17 100
68 25 100
68 2 100
68 7 100
69 7 100
69 25 100
69 3 100
70 3 100
70 7 100
70 18 100
71 14 100
71 6 100
71 19 100
72 3 100
72 62 100
72 11 100
73 44 100
73 18 100
73 12 100
74 5 100
74 11 100
74 17 100
75 3 100
75 35 100
75 70 100
76 35 100
76 9 100
76 68 100
77 35 100
77 9 100
77 49 100
78 17 100
78 36 100
78 42 100
79 2 100
79 17 100
79 75 100
80 12 100
80 7 100
80 9 100
81 6 100
81 7 100
81 33 100
82 5 100
82 58 100
82 0 100
83 6 100
83 59 100
83 71 100
84 35 100
84 7 100
84 67 100
85 3 100
85 62 100
85 29 100
86 3 100
86 15 100
86 45 100
87 20 100
87 1 100
87 3 100
88 0 100
88 7 100
88 6 100
89 7 100
89 8 100
89 5 100
90 65 100
90 22 100
90 0 100
91 18 100
91 27 100
91 6 100
92 3 100
92 79 100
92 7 100
93 24 100
93 40 100
93 81 100
94 3 100
94 41 100
94 12 100
95 61 100
95 34 100
95 63 100
96 29 100
96 50 100
96 6 100
97 13 100
97 6 100
97 15 100
98 18 100
98 38 100
98 93 100
99 66 100
99 8 100
99 71 100
100 2 100
100 94 100
100 22 100
101 3 100
101 20 100
101 68 100
102 6 100
102 1 100
102 38 100
103 51 100
103 49 100
103 3 100
104 15 100
104 0 100
104 14 100
105 8 100
105 39 100
105 83 100
106 9 100
106 3 100
106 7 100
107 8 100
107 12 100
107 56 100
108 68 100
108 13 100
108 8 100
109 79 100
109 65 100
109 9 100
110 3 100
110 86 100
110 96 100
111 45 100
111 75 100
111 17 100
112 18 100
112 18 100
112 22 100
113 0 100
113 5 100
113 9 100
114 20 100
114 24 100
114 110 100
115 72 100
115 73 100
115 3 100
116 6 100
116 66 100
116 17 100
117 0 100
117 111 100
117 0 100
118 88 100
118 29 100
118 9 100
119 18 100
119 0 100
119 4 100
120 13 100
120 59 100
120 61 100
121 50 100
121 17 100
121 22 100
122 19 100
122 107 100
122 35 100
123 35 100
123 52 100
123 68 100
124 20 100
124 67 100
124 113 100
125 7 100
125 61 100
125 9 100
126 49 100
126 3 100
126 12 100
127 35 100
127 127 100
127 7 100
128 7 100
128 7 100
128 126 100
129 6 100
129 58 100
129 3 100
130 93 100
130 126 100
130 11 100
131 3 100
131 86 100
131 124 100
132 45 100
132 91 100
132 9 100
133 3 100
133 44 100
133 68 100
134 73 100
134 76 100
134 0 100
135 13 100
135 31 100
135 135 100
136 12 100
136 3 100
136 127 100
137 3 100
137 8 100
137 9 100
138 3 100
138 129 100
138 1 100
139 7 100
139 124 100
139 17 100
140 1 100
140 8 100
140 32 100
141 33 100
141 3 100
141 62 100
142 51 100
142 6 100
142 3 100
143 79 100
143 42 100
143 78 100
144 71 100
144 18 100
144 39 100
145 80 100
145 7 100
145 9 100
146 3 100
146 110 100
146 21 100
147 5 100
147 42 100
147 8 100
148 6 100
148 37 100
148 82 100
149 8 100
149 29 100
149 78 100
150 52 100
150 123 100
150 27 100
151 44 100
151 25 100
151 123 100
152 12 100
152 13 100
152 7 100
153 8 100
153 127 100
153 0 100
154 100 100
154 24 100
154 6 100
155 0 100
155 3 100
155 6 100
156 124 100
156 3 100
156 107 100
157 0 100
157 97 100
157 124 100
158 35 100
158 130 100
158 3 100
159 136 100
159 74 100
159 9 100
160 152 100
160 77 100
160 9 100
161 3 100
161 17 100
161 1 100
162 0 100
162 18 100
162 78 100
163 7 100
163 15 100
163 8 100
164 96 100
164 58 100
164 111 100
165 0 100
165 6 100
165 44 100
166 8 100
166 113 100
166 69 100
167 18 100
167 7 100
167 4 100
168 97 100
168 49 100
168 28 100
169 68 100
169 90 100
169 99 100
170 6 100
170 7 100
170 51 100
171 0 100
171 50 100
171 0 100
172 144 100
172 3 100
172 95 100
173 56 100
173 74 100
173 94 100
174 68 100
174 29 100
174 5 100
175 28 100
175 25 100
175 65 100
176 3 100
176 3 100
176 18 100
177 9 100
177 35 100
177 13 100
178 80 100
178 3 100
178 2 100
179 59 100
179 12 100
179 27 100
180 15 100
180 23 100
180 37 100
181 3 100
181 29 100
181 57 100
182 121 100
182 9 100
182 60 100
183 55 100
183 9 100
183 33 100
184 50 100
184 20 100
184 97 100
185 72 100
185 184 100
185 6 100
186 46 100
186 8 100
186 9 100
187 9 100
187 49 100
187 75 100
188 29 100
188 75 100
188 114 100
189 18 100
189 122 100
189 0 100
190 44 100
190 165 100
190 56 100
191 3 100
191 45 100
191 3 100
192 33 100
192 170 100
192 6 100
193 25 100
193 107 100
193 35 100
194 5 100
194 5 100
194 3 100
195 186 100
195 19 100
195 74 100
196 0 100
196 51 100
196 196 100
197 0 100
197 19 100
197 144 100
198 7 100
198 186 100
198 28 100
199 127 100
199 3 100
199 76 100
