92 49 100
37 15 100
68 92 100
106 168 100
195 128 100
106 125 100
122 196 99
11 138 99
144 115 99
21 4 99
33 25 99
117 161 99
196 113 99
73 83 99
72 156 99
74 109 99
8 180 99
83 48 99
36 90 99
147 48 98
53 119 98
130 39 98
8 0 98
190 74 98
56 20 98
35 120 98
74 13 97
95 115 97
151 63 97
72 83 97
42 156 97
139 74 97
137 161 97
95 38 97
20 143 97
9 8 97
118 159 97
41 12 97
73 88 97
151 92 97
17 94 97
57 135 96
29 165 96
40 12 96
98 65 96
21 91 96
174 149 96
49 159 96
4 197 96
182 47 96
198 72 96
171 108 95
157 199 95
181 119 95
182 163 95
77 129 95
59 7 94
93 187 94
186 9 94
24 16 94
86 59 94
12 65 94
103 36 94
46 129 94
105 146 94
188 139 94
110 128 94
179 65 94
148 61 94
17 174 94
106 197 94
20 109 94
147 153 93
23 106 93
138 90 93
152 139 93
184 177 93
93 132 93
20 40 93
132 38 93
173 54 93
32 68 93
167 14 93
25 91 93
7 117 93
152 198 93
95 1 93
119 19 92
177 179 92
27 153 92
197 60 92
193 48 92
1 98 92
198 108 92
150 127 92
82 137 92
78 45 92
39 104 91
83 10 91
93 158 91
50 66 91
106 90 91
45 198 91
69 18 91
170 5 91
28 16 91
115 131 91
109 139 91
36 49 90
100 33 90
84 159 90
39 98 90
181 156 90
154 92 90
165 147 90
18 118 90
135 102 90
194 179 90
11 173 90
63 143 90
1 130 89
189 178 89
21 24 89
45 148 89
146 58 89
181 103 89
132 21 89
66 42 89
172 28 89
162 22 89
34 62 89
62 138 89
33 3 89
61 103 89
22 170 89
122 89 88
174 80 88
137 45 88
159 145 88
39 76 88
123 14 88
19 174 88
145 190 88
165 184 88
134 56 88
139 54 88
154 73 88
199 165 87
74 145 87
143 88 87
182 148 87
86 131 87
25 192 87
184 102 87
195 129 87
151 72 87
106 82 87
183 149 87
43 86 87
148 112 87
165 8 86
30 48 86
58 36 86
78 144 86
64 38 86
32 20 86
108 199 86
7 93 86
166 125 86
66 100 86
35 53 86
39 57 86
89 77 86
40 170 86
92 107 86
111 196 86
85 64 85
187 60 85
192 183 85
20 51 85
27 137 85
152 70 85
111 55 85
11 185 85
145 198 85
106 129 85
62 72 85
175 67 84
180 41 84
30 18 84
86 193 84
170 36 84
50 129 84
158 1 84
125 158 83
117 120 83
159 184 83
74 154 83
74 56 83
160 105 83
183 151 83
155 123 83
189 75 83
44 54 83
88 67 82
178 83 82
68 86 82
32 19 82
13 26 82
47 26 82
16 62 82
124 3 82
31 97 82
112 195 82
132 65 82
68 168 82
199 173 82
61 162 81
123 113 81
98 112 81
118 101 81
198 155 81
142 81 80
137 189 80
2 184 80
104 150 80
47 138 80
127 99 80
41 99 79
90 146 79
112 55 79
148 88 79
29 158 79
178 16 79
7 8 79
75 73 79
131 26 79
166 180 79
85 13 78
80 87 78
97 198 78
175 55 78
74 95 78
107 98 78
67 105 78
132 122 78
20 161 78
19 106 78
69 152 77
186 47 77
56 172 77
112 46 77
99 158 77
158 85 77
95 29 77
97 184 77
163 177 77
37 199 76
116 196 76
34 112 76
191 195 76
83 19 76
191 3 76
189 132 76
24 135 76
77 39 76
65 127 76
79 116 76
1 199 76
154 123 76
124 171 76
199 109 76
145 186 75
147 197 75
93 77 75
185 189 75
135 11 75
160 165 75
112 99 75
102 70 75
102 3 75
105 183 75
199 100 75
33 188 75
17 0 74
174 145 74
199 87 74
122 76 74
45 57 74
176 102 74
59 199 74
32 30 74
78 130 74
51 74 74
103 138 73
114 185 73
185 4 73
120 15 73
13 103 73
152 43 73
2 182 73
5 27 73
103 53 73
176 197 73
124 6 73
184 77 72
25 62 72
132 57 72
134 152 72
49 129 72
146 150 72
174 89 72
171 120 72
115 184 72
61 15 72
197 132 72
76 117 71
26 14 71
90 165 71
23 8 71
59 81 71
24 145 71
31 132 71
71 35 71
34 199 71
104 86 71
31 0 71
58 75 71
30 188 71
91 194 71
109 128 70
92 48 70
177 135 70
75 127 70
197 18 70
126 174 70
138 199 70
2 37 70
150 141 70
49 77 70
18 27 70
159 89 70
98 169 70
29 41 70
96 120 70
137 39 70
8 124 69
86 107 69
53 60 69
35 31 69
193 54 69
109 169 69
110 189 69
82 166 69
181 44 69
45 83 68
71 191 68
183 89 68
119 36 68
41 196 68
26 45 68
170 55 68
54 184 68
125 88 68
66 67 68
166 109 68
186 39 67
126 88 67
57 42 67
97 133 67
151 164 67
190 151 67
160 155 67
77 190 67
30 169 67
38 167 66
195 118 66
180 58 66
169 138 66
96 54 66
96 148 66
96 123 66
135 22 65
144 167 65
104 195 65
82 5 65
66 50 65
29 30 65
30 117 65
64 153 65
57 4 65
141 167 65
22 167 65
108 145 65
193 113 65
196 171 65
99 46 65
21 196 65
88 199 65
111 192 65
89 137 65
90 83 65
174 39 64
191 127 64
67 151 64
164 48 64
80 37 64
199 42 64
57 134 64
158 126 64
54 177 64
84 12 64
108 154 63
149 174 63
180 146 63
75 13 63
40 14 63
164 104 63
74 36 63
59 114 63
167 101 63
155 179 63
39 184 63
198 118 63
135 132 63
4 152 63
163 168 63
69 4 63
60 190 63
158 14 63
145 155 62
78 128 62
165 124 62
83 135 62
69 92 62
154 151 62
86 197 62
142 157 62
15 56 62
149 194 62
100 188 62
89 177 62
120 196 62
104 142 62
135 127 61
62 181 61
60 101 61
16 193 61
0 23 61
106 172 61
65 103 61
43 180 61
47 86 61
66 138 60
77 133 60
143 163 60
25 63 60
131 161 60
37 12 60
41 91 60
50 164 60
146 142 60
30 84 60
106 7 60
85 0 60
3 141 59
38 54 59
163 62 59
189 167 59
112 166 59
28 197 59
139 179 59
3 147 59
176 22 59
23 82 59
9 163 59
43 152 59
184 176 59
168 150 59
76 178 59
91 97 59
120 49 59
90 30 59
127 97 59
69 17 58
72 180 58
130 161 58
104 41 58
170 121 58
115 26 58
9 28 58
78 139 58
169 2 58
107 91 58
110 143 58
90 193 58
94 81 58
0 183 57
123 23 57
147 10 57
70 8 57
28 158 57
150 43 57
31 113 57
115 49 57
26 19 57
122 68 57
18 99 57
126 42 57
190 69 56
81 136 56
146 96 56
167 54 56
166 21 56
90 7 56
111 74 56
170 96 56
101 173 56
5 14 56
159 12 56
31 60 56
1 13 56
93 49 56
134 78 56
27 5 56
191 108 56
183 20 55
110 119 55
192 1 55
26 104 55
47 31 55
155 187 55
18 110 55
133 91 55
185 158 55
119 174 55
139 146 54
89 94 54
45 186 54
175 36 54
85 171 54
88 15 54
196 124 54
8 163 54
128 72 54
115 71 54
122 4 54
31 155 54
142 194 54
134 127 54
39 73 53
193 82 53
68 38 53
102 0 53
31 20 53
91 141 53
172 47 53
175 132 53
96 145 53
158 170 53
159 162 53
54 31 52
126 136 52
26 127 52
32 165 52
77 182 52
56 10 52
130 189 52
107 178 51
3 176 51
24 74 51
157 73 51
98 123 51
35 106 51
139 196 51
149 72 51
175 160 51
24 121 51
159 169 51
117 160 51
178 144 51
126 149 51
5 115 51
127 165 50
46 149 50
129 7 50
35 67 50
24 83 50
2 159 50
63 24 50
174 160 50
4 21 50
135 143 50
12 29 50
142 152 50
50 115 50
89 149 50
77 95 49
198 47 49
128 161 49
191 83 49
75 104 49
13 158 49
194 66 49
186 196 49
181 197 49
72 1 49
174 199 49
6 39 49
39 36 49
47 15 49
23 180 49
21 14 49
107 166 48
17 175 48
137 181 48
44 125 48
111 5 48
91 148 48
111 50 48
196 57 48
134 140 47
54 93 47
129 151 47
183 132 47
162 21 47
88 9 47
87 172 47
132 60 47
190 14 47
124 149 46
139 137 46
115 138 46
27 186 46
186 18 46
81 130 46
32 125 46
138 52 46
195 77 46
65 148 46
29 108 46
105 69 46
174 73 45
84 70 45
137 116 45
84 178 45
80 91 45
195 163 45
123 77 45
125 72 45
95 190 45
89 143 44
66 79 44
188 7 44
1 83 44
46 26 44
122 101 44
59 172 44
112 154 44
176 13 44
161 180 43
162 148 43
161 95 43
93 74 43
88 14 43
22 196 43
91 60 43
185 22 43
110 7 43
7 15 43
168 145 43
10 99 42
189 52 42
180 125 42
66 36 42
114 195 42
90 185 42
182 193 42
176 164 42
169 115 42
11 108 42
32 126 42
82 38 42
148 149 42
45 37 42
78 160 42
87 174 42
69 190 42
182 11 41
106 25 41
164 15 41
88 126 41
81 30 41
117 175 41
149 134 41
114 101 41
132 180 41
155 142 41
168 15 41
94 95 41
130 160 41
142 22 41
158 12 41
87 133 40
91 52 40
132 54 40
179 30 40
114 98 40
112 13 40
3 9 40
65 80 40
12 142 39
95 128 39
49 179 39
164 73 39
49 10 39
35 119 39
117 60 39
99 13 39
134 102 39
44 188 39
7 157 39
31 39 38
66 133 38
135 65 38
7 116 38
197 114 38
24 11 38
134 41 38
181 65 38
12 166 38
40 53 38
16 87 38
128 86 38
113 34 38
132 105 38
99 6 38
120 157 38
170 80 38
169 135 37
47 39 37
65 28 37
40 118 37
31 160 37
81 25 37
34 72 37
188 177 37
112 16 37
32 58 37
166 133 37
31 6 36
82 197 36
131 36 36
156 11 36
37 183 36
37 190 36
146 156 36
185 108 36
161 65 36
101 194 36
21 88 35
159 127 35
39 0 35
93 40 35
34 84 35
55 181 35
31 177 35
9 145 35
105 16 35
174 52 35
72 158 35
129 194 35
12 34 35
76 172 35
143 180 34
185 44 34
62 19 34
27 55 34
49 177 34
11 177 34
94 124 34
152 171 34
7 83 34
158 161 33
178 42 33
93 71 33
126 32 33
106 160 33
6 75 33
33 64 33
2 153 33
182 121 33
144 146 33
9 188 32
106 2 32
141 112 32
71 7 32
152 189 32
67 154 32
21 168 32
194 124 32
126 73 31
128 104 31
17 73 31
39 183 31
89 173 31
190 129 31
164 120 31
117 128 31
14 113 31
65 54 31
174 19 31
137 86 30
186 189 30
159 41 30
166 145 30
50 77 30
110 69 30
2 30 30
123 106 30
35 139 30
81 156 30
73 105 30
136 6 30
143 121 30
161 110 30
42 128 30
185 56 30
119 20 30
48 56 30
135 199 29
172 105 29
144 188 29
48 71 29
55 16 29
83 172 29
64 44 29
75 91 29
63 183 29
153 128 29
1 29 29
8 56 28
168 117 28
83 97 28
196 115 28
33 133 28
26 83 28
61 115 28
17 86 28
87 79 28
50 33 28
31 125 27
67 15 27
101 14 27
26 105 27
56 24 27
194 44 27
71 86 27
26 131 27
189 126 27
175 144 27
76 16 27
139 19 27
12 182 27
102 147 27
114 176 27
174 128 26
69 181 26
135 70 26
198 176 26
150 187 26
127 8 26
38 141 26
172 25 26
8 50 26
185 94 26
31 184 26
129 79 26
97 78 26
33 85 26
126 76 25
28 127 25
35 96 25
150 142 25
157 28 25
149 82 25
71 0 25
106 73 25
115 55 25
67 84 25
167 53 25
5 154 25
31 86 25
28 69 25
95 131 25
73 166 25
110 106 25
62 52 24
23 186 24
1 105 24
109 7 24
189 93 24
155 182 24
132 129 24
90 169 24
170 40 24
169 70 24
43 17 24
101 172 24
33 89 24
28 84 24
4 120 24
182 46 24
130 9 24
110 27 24
181 41 24
146 72 24
125 166 24
100 190 23
162 147 23
199 97 23
199 2 23
1 152 23
47 97 23
7 94 23
58 166 23
100 184 23
137 2 23
189 55 23
184 28 23
176 92 22
153 43 22
33 39 22
53 117 22
165 108 22
75 103 22
85 184 22
0 43 22
10 119 22
175 128 22
114 148 22
84 86 22
88 41 22
45 172 22
165 61 22
8 72 21
197 20 21
101 147 21
81 172 21
154 129 21
117 121 21
82 149 20
72 86 20
110 53 20
105 83 20
36 170 20
134 142 20
150 137 20
14 29 20
142 36 19
137 37 19
152 47 19
33 113 19
151 3 19
5 189 19
26 60 19
129 162 19
46 171 19
58 26 19
184 42 19
181 132 19
98 159 19
109 187 19
87 111 19
123 16 19
191 112 18
71 68 18
77 177 18
112 104 18
121 178 18
152 161 18
177 111 18
96 85 17
142 93 17
9 123 17
11 47 17
153 59 17
123 15 17
189 130 17
160 179 17
10 88 17
42 68 17
64 164 17
34 137 17
62 53 17
188 103 17
155 106 16
45 97 16
80 96 16
101 179 16
7 55 16
20 1 16
126 5 16
101 122 16
12 171 16
121 103 16
175 28 16
49 197 16
5 188 16
134 191 16
88 111 16
38 143 16
41 103 16
192 43 15
58 72 15
115 75 15
61 36 15
129 11 15
126 70 15
19 169 15
129 1 15
90 172 15
165 50 15
93 7 15
123 71 14
155 162 14
75 153 14
38 197 14
2 125 14
104 88 14
170 128 14
30 177 14
87 54 14
77 189 14
54 4 14
26 93 14
50 103 14
26 140 14
78 103 14
54 160 14
73 84 14
34 127 14
12 55 14
71 182 13
144 45 13
27 18 13
43 2 13
6 88 13
126 68 13
125 59 13
30 60 13
7 24 13
66 118 13
93 84 13
195 49 13
33 179 12
168 192 12
158 150 12
171 148 12
75 63 12
175 124 12
14 53 12
19 77 12
90 110 12
52 157 12
161 25 12
59 148 12
184 155 12
66 14 11
45 114 11
50 95 11
91 28 11
131 191 11
41 141 11
80 172 11
4 150 11
91 4 11
172 68 11
93 113 11
163 71 10
13 39 10
143 37 10
5 102 10
34 22 10
16 161 10
136 160 10
137 70 10
151 102 10
30 37 10
60 55 10
165 111 10
76 94 10
31 57 9
20 105 9
46 182 9
49 194 9
105 37 9
169 143 9
89 199 9
84 7 9
109 178 9
72 123 9
98 163 9
183 105 9
90 132 9
69 111 8
102 127 8
86 160 8
3 23 8
131 87 8
165 140 8
70 19 8
172 134 8
2 98 7
155 120 7
150 125 7
105 141 7
37 68 7
63 140 7
160 150 7
14 115 6
163 65 6
28 115 6
28 59 6
135 173 6
133 68 6
11 29 6
70 184 6
22 187 6
130 87 6
139 51 6
20 23 6
51 146 6
25 74 6
177 42 6
120 94 5
83 18 5
158 166 5
0 85 5
103 123 5
133 26 5
75 168 5
44 88 5
34 57 5
6 125 4
89 50 4
60 106 4
47 87 4
198 128 4
73 193 4
109 167 4
128 81 4
50 71 4
107 51 4
166 39 4
23 39 4
192 22 4
187 37 4
98 20 3
81 19 3
87 56 3
73 158 3
154 30 3
178 0 3
124 84 3
130 115 3
45 67 3
147 3 3
27 1 3
111 123 3
197 148 3
89 2 3
67 112 3
61 193 3
151 11 2
16 134 2
75 155 2
6 144 2
77 171 2
196 34 2
155 121 2
35 122 2
128 15 2
152 178 2
119 123 1
94 54 1
18 39 1
26 161 1
116 42 1
7 30 1
163 59 1
106 144 1
127 139 1
79 68 1
79 49 1
56 102 1
101 0 1
97 79 1
170 31 1
15 115 1
