1319 1325 86
1674 451 86
906 1839 85
68 452 85
1858 390 84
712 1145 84
1773 692 84
244 1605 83
1844 681 83
17 1129 83
1692 694 83
219 1796 83
605 1263 83
7 97 83
1941 317 82
1760 848 82
64 695 82
209 1084 82
1987 1686 82
775 560 82
639 1516 82
1356 260 82
1347 1546 82
1355 250 82
1824 1486 82
1020 422 82
310 1010 81
1493 492 81
457 811 81
30 1704 81
843 1294 81
216 658 81
1974 1180 81
574 846 81
387 1438 81
1257 1166 81
576 1842 81
998 1373 81
390 978 81
211 757 81
72 568 81
698 407 81
27 437 81
1212 139 80
1720 1310 80
555 1524 80
1388 33 80
513 544 80
1236 517 80
151 1891 80
743 1242 80
97 1932 80
514 59 80
1187 1740 80
875 1133 80
1449 1156 80
529 1449 80
668 583 80
1493 811 80
1371 454 80
1808 1869 80
1011 787 80
1859 1963 80
869 1705 80
273 1474 80
968 1772 80
1626 1021 80
136 1281 79
1693 4 79
625 402 79
412 1607 79
555 1415 79
581 360 79
1472 155 79
588 1656 79
904 379 79
1832 934 79
1018 566 79
663 933 79
517 1688 79
1350 1692 79
1791 1993 79
1699 15 79
762 801 79
1766 658 79
1188 1885 79
1235 1317 79
1920 843 79
28 1755 79
561 1906 79
64 1177 79
1616 841 79
633 317 78
1851 1913 78
746 583 78
538 1252 78
264 1883 78
1794 1788 78
1022 860 78
694 1328 78
351 1161 78
150 616 78
1229 1376 78
1813 634 78
1450 1579 78
601 85 78
118 1715 78
308 975 78
168 1242 78
1382 1668 78
74 1479 78
148 1601 78
579 347 78
1959 671 78
285 213 78
709 788 78
516 307 78
1793 166 78
50 102 78
213 1570 78
1356 778 78
512 1604 78
631 914 78
1 287 78
402 900 78
1084 1180 78
879 1738 78
294 797 77
821 1416 77
117 55 77
1657 1167 77
950 679 77
313 1483 77
394 1415 77
1663 266 77
811 1321 77
37 767 77
278 841 77
296 1832 77
1761 961 77
1105 1876 77
1953 1894 77
1577 1163 77
1799 1624 77
1953 74 77
680 965 77
1750 230 77
989 621 77
248 1519 77
472 1681 77
1700 357 77
982 1991 77
711 1335 77
970 1999 77
533 154 77
1415 1188 77
1761 356 77
1568 65 77
70 389 77
1761 787 77
732 1147 77
1078 785 77
1785 53 77
61 620 77
936 0 77
1886 399 77
761 795 77
715 9 77
4 1550 77
1906 869 77
137 486 77
1428 931 77
1718 206 77
918 1835 77
1766 40 77
1112 199 77
1868 956 77
1375 1447 77
216 38 77
1635 63 77
574 872 77
1675 1445 77
1407 1821 77
43 28 77
611 72 77
1201 67 77
306 1931 77
1457 284 77
424 22 77
1962 162 77
275 805 77
298 1234 76
589 546 76
1655 1063 76
91 1821 76
243 1983 76
1400 656 76
1246 1854 76
1288 633 76
1364 787 76
1429 345 76
1297 502 76
933 1138 76
1780 456 76
315 1631 76
657 123 76
411 269 76
557 1782 76
1249 1948 76
785 1213 76
1444 3 76
443 1734 76
1684 92 76
1343 554 76
1213 847 76
1437 1214 76
148 83 76
833 135 76
177 278 76
110 1965 76
781 1505 76
1492 218 76
1570 977 76
1800 65 76
1788 161 76
1038 1587 76
1307 1544 76
1078 435 76
1415 1358 76
554 1986 76
340 639 76
1219 1502 76
1881 544 76
1489 1536 76
1818 819 75
1917 1719 75
1028 1595 75
1032 1565 75
1925 198 75
1634 996 75
1026 1613 75
686 1224 75
1810 843 75
937 791 75
1651 1512 75
1150 366 75
1824 1545 75
1394 1790 75
309 1535 75
462 10 75
1159 699 75
1676 499 75
958 514 75
1092 989 75
314 281 75
119 1236 75
1426 1126 75
236 797 75
933 613 75
1906 1423 75
130 978 75
1462 1830 75
1351 1269 75
682 1049 75
360 1774 75
1523 1745 75
91 1574 75
403 1635 75
389 1590 75
179 957 75
1113 1813 75
435 1913 75
10 1587 75
1140 214 75
484 1401 75
1495 1433 75
1874 726 75
589 662 75
329 1309 75
1638 1067 75
1539 24 75
1819 666 75
1695 85 75
1692 1433 75
1143 781 75
1103 1787 75
630 459 75
981 991 75
851 416 75
1734 1761 75
1643 677 75
1067 1788 74
933 1971 74
1061 1214 74
999 413 74
1980 1884 74
1752 294 74
1206 242 74
306 1848 74
939 1656 74
92 1896 74
846 975 74
1589 672 74
93 861 74
408 521 74
942 166 74
171 1900 74
1238 1895 74
1470 306 74
1929 1599 74
518 458 74
1234 657 74
1387 1191 74
1957 1835 74
1850 1727 74
618 1085 74
1901 1140 74
1860 1516 74
226 1548 74
1191 318 74
1644 1772 74
1893 1778 74
1157 602 74
906 634 74
209 1154 74
1055 1169 74
237 411 74
1262 229 74
1492 312 74
394 347 74
1608 1847 74
1640 1 74
1049 648 74
1046 1458 74
1765 1134 74
1306 1225 74
126 1649 74
6 1439 74
893 593 74
1806 1970 74
1226 1209 74
280 1575 74
365 1578 74
668 482 74
1903 1456 74
882 243 74
3 676 74
1733 169 74
1127 321 74
235 1859 74
507 332 74
668 1459 74
153 1444 74
763 66 74
298 685 74
622 454 74
1129 943 74
1849 1181 73
1990 1774 73
1040 437 73
784 195 73
784 76 73
1599 1021 73
1080 1054 73
261 1666 73
1398 1105 73
1630 1666 73
1490 1616 73
516 379 73
772 1450 73
1575 969 73
1574 310 73
588 1039 73
1898 1814 73
746 509 73
1041 588 73
1170 249 73
1067 1488 73
1358 539 73
900 506 73
459 228 73
431 1480 73
537 1552 73
154 873 73
680 519 73
1969 884 73
1006 974 73
1226 608 73
485 887 73
1342 720 73
1387 952 73
1369 603 73
193 257 73
558 201 73
1091 844 73
1069 1508 73
928 1960 73
1462 1645 73
1411 1681 73
913 890 73
1129 318 73
132 1131 73
1853 1195 73
747 68 73
1712 1986 73
900 1378 73
1502 1585 73
968 708 73
499 1512 73
575 1499 73
1212 1902 73
1274 1018 73
145 1776 73
519 827 73
795 1154 73
1877 283 73
455 1888 73
944 1676 73
951 319 73
40 1272 73
1288 1338 73
1581 1407 73
1410 1749 72
137 11 72
1566 1250 72
276 717 72
1720 1817 72
501 831 72
108 1796 72
1305 804 72
989 519 72
1324 1938 72
1270 959 72
364 631 72
127 876 72
235 1390 72
1321 1778 72
926 1718 72
620 900 72
53 994 72
460 555 72
1528 9 72
0 207 72
1904 520 72
75 655 72
927 1659 72
407 797 72
899 1240 72
1445 1172 72
834 1348 72
1771 954 72
1057 1408 72
941 226 72
1513 849 72
295 1272 72
834 592 72
615 404 72
1800 936 72
1649 902 72
118 308 72
658 99 72
1925 1647 72
1857 1788 72
1426 465 72
13 796 72
891 1118 72
1173 787 72
187 1173 72
1972 11 72
449 622 72
802 74 72
1720 696 72
1168 527 72
312 1872 72
799 1039 72
1839 749 72
752 1058 72
1877 1248 72
1737 1396 72
1113 625 72
809 457 72
575 462 72
1536 271 72
1338 5 72
744 243 72
1521 236 72
987 1605 72
1368 1099 72
897 360 72
1478 243 72
1363 76 72
1422 270 72
1403 928 72
284 1361 72
1840 1434 72
1441 638 72
329 1823 72
848 567 72
2 1286 72
1512 1883 72
1797 1412 72
1497 1799 72
1181 1421 72
741 877 72
535 89 72
1142 457 72
609 3 72
534 996 71
480 701 71
52 408 71
1764 1784 71
1612 902 71
1159 1026 71
1850 1363 71
644 320 71
1341 1979 71
1838 746 71
737 577 71
1967 1115 71
1390 1183 71
1068 851 71
447 425 71
1731 1356 71
1116 1551 71
437 341 71
839 1281 71
149 1875 71
494 888 71
1104 1389 71
1833 715 71
1111 1369 71
1170 654 71
1794 1215 71
687 1509 71
754 1463 71
1427 1084 71
866 1584 71
1793 891 71
1406 1302 71
1728 1522 71
1488 1487 71
1623 1872 71
1832 433 71
1120 1531 71
1001 1537 71
111 712 71
645 912 71
1587 1870 71
1742 623 71
254 1303 71
305 1570 71
931 1264 71
1461 1477 71
251 185 71
714 173 71
1970 8 71
411 1413 71
1257 1104 71
1827 243 71
396 877 71
966 1885 71
569 1417 71
1301 420 71
303 1267 71
910 495 71
1219 1196 71
1657 1317 71
93 1354 71
217 918 71
1047 1010 71
1669 384 71
1219 751 71
708 1851 71
537 456 71
1570 1771 71
1292 1220 71
253 1272 71
707 94 71
1817 1977 71
1009 1430 71
1424 340 71
1431 1663 71
1857 947 71
1628 356 71
1514 830 71
396 189 71
999 398 71
697 467 70
1117 341 70
391 1985 70
947 830 70
408 443 70
1139 1740 70
1883 635 70
1634 489 70
666 238 70
978 2 70
514 1484 70
139 1255 70
315 741 70
1757 658 70
1038 1773 70
1216 1728 70
133 430 70
1728 1052 70
1890 634 70
281 1659 70
969 1376 70
1008 126 70
146 1483 70
1677 921 70
1605 1514 70
1828 240 70
333 221 70
110 1399 70
423 950 70
1513 1412 70
1170 7 70
1998 976 70
1823 1419 70
1042 850 70
895 255 70
1967 380 70
1441 109 70
471 1133 70
1060 1101 70
1676 738 70
1388 1274 70
1527 534 70
1364 1140 70
1500 946 70
1609 439 70
1741 641 70
456 185 70
653 777 70
373 1339 70
991 678 70
1336 837 70
441 1544 70
1156 1931 70
1911 1374 70
586 1591 70
522 995 70
484 624 70
1826 1885 70
326 555 70
1867 198 70
558 694 70
438 112 70
439 995 70
1804 1362 70
25 1760 70
1660 1653 70
689 515 70
827 1472 70
1601 317 70
1178 993 70
1704 1427 70
952 1937 70
216 47 70
1557 793 70
1697 735 70
993 1639 70
774 1027 70
1204 1044 70
558 1305 70
1281 684 70
1963 1089 70
1892 572 70
224 1858 70
1019 64 70
1507 394 70
1193 668 70
122 1432 70
1836 1896 70
937 1828 70
1818 1173 70
1187 499 70
354 1845 69
227 389 69
97 1014 69
683 443 69
336 1431 69
717 952 69
629 917 69
1881 179 69
938 1851 69
1115 768 69
1100 3 69
973 1760 69
1154 332 69
871 1947 69
42 1582 69
920 382 69
1906 653 69
235 400 69
956 1333 69
1566 1440 69
1488 425 69
1744 1944 69
1254 1079 69
1258 321 69
762 1704 69
1200 1894 69
163 956 69
608 929 69
81 635 69
713 1670 69
742 865 69
1365 1345 69
1410 904 69
232 177 69
1092 888 69
1091 1913 69
743 1016 69
363 997 69
1964 734 69
801 1147 69
557 165 69
1771 1696 69
1625 573 69
908 1469 69
1841 578 69
826 150 69
1591 843 69
28 1973 69
1500 1295 69
736 1547 69
268 1676 69
463 1618 69
343 1516 69
1422 1362 69
430 1644 69
484 175 69
1824 1642 69
52 1884 69
290 1713 69
1654 393 69
1597 780 68
1917 532 68
1636 1726 68
189 1695 68
565 240 68
24 1110 68
439 1776 68
1614 1647 68
1163 716 68
1658 1069 68
1399 408 68
1869 40 68
1735 1258 68
220 1397 68
829 116 68
711 1656 68
1856 952 68
478 713 68
515 1178 68
986 1265 68
1610 837 68
1803 1052 68
146 522 68
1258 339 68
604 1813 68
1278 98 68
1872 1148 68
1766 243 68
1593 850 68
239 689 68
1189 929 68
1762 839 68
967 1739 68
641 584 68
1092 1184 68
1697 676 68
1274 1988 68
581 128 68
1285 1736 68
842 758 68
1422 279 68
1271 133 68
1449 392 68
1643 20 68
1749 1518 68
1126 1001 68
307 204 68
35 1594 68
1490 460 68
1730 1626 68
1308 1997 68
711 730 68
1569 925 68
1593 1065 68
593 1872 68
24 356 68
957 1473 68
1057 1258 68
217 1895 68
1232 175 68
295 1621 68
1677 1738 68
61 1388 68
1761 782 68
118 1254 68
1366 1449 68
1684 1176 68
1840 1130 68
1826 35 68
539 92 68
1587 1772 68
1511 728 68
920 1705 68
900 5 68
84 1657 68
585 1217 68
1824 67 68
1292 609 68
372 774 68
1270 482 68
510 1312 68
172 1926 68
1254 119 68
957 1232 68
1478 1655 67
1229 1576 67
1594 1906 67
1193 1873 67
90 1647 67
573 898 67
988 90 67
1849 1007 67
1044 571 67
1317 596 67
723 1185 67
828 1739 67
1981 1320 67
29 1618 67
1329 1121 67
539 224 67
413 602 67
1812 1192 67
702 1116 67
166 149 67
827 886 67
432 1931 67
1801 244 67
621 1709 67
443 1714 67
1488 1315 67
77 848 67
2 995 67
395 937 67
1188 584 67
658 875 67
989 152 67
395 1036 67
1385 1702 67
870 1744 67
1449 1780 67
1882 855 67
1745 1650 67
657 289 67
797 1171 67
1892 461 67
1327 617 67
1087 570 67
310 1392 67
1370 978 67
555 1973 67
511 841 67
1900 184 67
1180 343 67
1956 471 67
482 1855 67
1370 337 67
156 575 67
1495 784 67
198 1953 67
12 1688 67
1057 221 67
546 1342 67
1026 1383 67
594 97 67
1990 1811 67
301 53 67
1843 1915 67
579 96 67
733 19 67
1530 1499 67
1638 529 67
471 874 67
1804 1027 67
74 1448 67
1197 1661 67
1212 1227 67
82 418 67
223 1597 67
140 1037 67
508 1517 67
1110 501 67
1130 159 67
10 125 67
1440 1301 67
402 138 66
227 198 66
921 1747 66
1865 1730 66
1368 265 66
1827 769 66
1351 266 66
1280 444 66
14 128 66
830 1129 66
595 1140 66
1105 1278 66
822 575 66
1467 915 66
209 663 66
1310 165 66
888 616 66
1554 61 66
317 1508 66
670 720 66
1862 286 66
185 1228 66
1074 1216 66
1582 1771 66
570 104 66
1086 814 66
1518 766 66
550 12 66
1119 1147 66
1425 648 66
1299 101 66
1699 64 66
394 1376 66
1754 1508 66
1926 207 66
172 1623 66
1863 756 66
1361 1203 66
732 1219 66
1730 61 66
1678 608 66
722 1212 66
1242 1545 66
508 1928 66
1207 1873 66
130 1261 66
1880 5 66
934 1281 66
608 898 66
1071 1703 66
580 1454 66
1972 1654 66
934 929 66
1464 1075 66
1649 1231 66
1569 1944 66
1273 532 66
1164 1746 66
1146 1086 66
928 1433 66
1299 1857 66
335 665 66
1825 656 65
1005 1795 65
1258 67 65
1805 261 65
1583 1319 65
400 1151 65
779 806 65
671 242 65
1687 1544 65
1521 1996 65
583 1522 65
591 1917 65
1494 1483 65
1297 702 65
1556 805 65
36 685 65
1166 768 65
486 1264 65
1854 555 65
312 863 65
403 1882 65
1609 832 65
1815 98 65
1992 1792 65
246 1861 65
333 808 65
739 110 65
1538 496 65
1195 1982 65
1866 1592 65
1848 571 65
930 1319 65
1368 382 65
1281 76 65
444 1060 65
452 1916 65
1473 26 65
578 1435 65
1420 1455 65
154 1940 65
1830 1410 65
1514 1943 65
1162 731 65
359 952 65
681 1968 65
1252 459 65
993 1706 65
951 199 65
1480 867 65
1334 1496 65
833 1954 65
476 609 65
571 1674 65
1171 341 65
1059 1935 65
562 898 65
1137 1475 65
1168 562 65
784 754 65
652 441 65
376 382 65
1473 731 65
1516 1872 65
1923 1345 65
270 1010 65
1543 559 65
160 1269 65
155 380 65
660 590 65
1886 1191 65
1434 230 65
260 843 65
44 883 65
323 746 65
633 296 65
273 919 65
588 883 65
1994 124 65
1036 1808 65
688 1539 64
1984 820 64
829 1883 64
1260 23 64
1017 1217 64
1882 193 64
1213 999 64
364 1695 64
760 1523 64
1687 1531 64
961 1047 64
1990 374 64
1521 1331 64
1923 111 64
586 520 64
1887 988 64
1374 1353 64
725 1735 64
835 1224 64
1474 974 64
632 1330 64
1437 654 64
1659 1311 64
1736 178 64
516 784 64
478 561 64
1815 455 64
784 581 64
675 1905 64
143 838 64
1706 1227 64
1830 1015 64
1429 1169 64
1615 1259 64
1989 1 64
484 1682 64
463 1199 64
249 988 64
1295 1993 64
1522 1043 64
1999 1650 64
191 317 64
1414 575 64
913 1699 64
1555 1542 64
1392 1822 64
1380 591 64
1838 734 64
1271 247 64
1466 603 64
1220 1822 64
1049 344 64
1420 1316 64
1299 982 64
505 1934 64
311 45 64
1191 1334 64
1475 322 64
876 1310 64
1753 1183 64
970 425 64
728 636 64
1285 863 64
193 10 64
1686 1250 64
1777 421 64
249 1600 64
552 899 64
1230 1792 64
271 1314 64
870 742 64
1032 865 64
217 543 64
13 588 63
1902 1750 63
1130 948 63
34 1310 63
1488 499 63
998 1564 63
1554 1617 63
35 602 63
1497 1609 63
1723 1916 63
719 1028 63
249 1437 63
1964 1062 63
1619 1879 63
1447 402 63
615 128 63
617 1959 63
1826 1729 63
43 853 63
1931 1274 63
298 693 63
795 361 63
130 1393 63
1093 875 63
89 947 63
1881 201 63
942 260 63
106 1456 63
49 111 63
1734 622 63
1989 1859 63
1111 1499 63
684 1552 63
430 466 63
236 1738 63
816 1684 63
1197 1528 63
885 576 63
1939 1964 63
163 1616 63
1670 1694 63
1327 1800 63
207 1614 63
1181 81 63
497 1166 63
1353 820 63
1838 309 63
883 539 63
247 1750 63
884 715 63
216 560 63
789 737 63
953 703 63
663 1280 63
767 1324 63
189 849 63
380 161 63
325 1693 63
101 1581 63
225 493 63
581 586 63
1708 611 63
1655 537 63
307 566 63
1309 332 63
1153 1528 63
1253 1706 63
1886 882 63
1492 60 63
1428 115 63
581 1720 63
59 392 63
908 948 63
622 1339 63
1230 644 63
447 525 63
1013 1747 63
1821 335 63
1788 82 63
465 1088 63
1561 802 63
662 1823 62
1536 1438 62
1109 805 62
390 1666 62
188 1112 62
1784 1499 62
363 453 62
1674 1317 62
370 757 62
1910 1896 62
455 1500 62
1806 387 62
1261 207 62
1985 578 62
996 1265 62
456 733 62
1024 1075 62
1470 585 62
1728 1196 62
194 1710 62
1131 1179 62
1315 1049 62
255 1008 62
1640 1213 62
294 1145 62
580 455 62
516 360 62
1673 1488 62
1367 1782 62
1779 459 62
20 187 62
288 1536 62
52 444 62
868 555 62
190 1446 62
403 761 62
639 746 62
1791 1570 62
193 292 62
798 1451 62
1057 1988 62
1377 1897 62
1803 1859 62
803 379 62
138 1197 62
637 1296 62
1503 1414 62
1698 1802 62
1329 621 62
1114 217 62
1233 457 62
1254 1119 62
1739 1213 62
1679 931 62
1641 755 62
495 1915 62
1403 612 62
684 915 62
1669 475 62
1435 1622 62
1152 264 62
1654 891 62
1115 1060 62
1232 476 62
576 323 62
568 44 62
17 957 62
1229 396 62
339 365 62
80 1269 62
304 320 62
498 1692 61
1973 1478 61
1780 71 61
188 1863 61
574 821 61
1413 863 61
1418 1725 61
259 1504 61
291 847 61
821 1740 61
1480 848 61
813 688 61
588 1000 61
952 1814 61
1926 1111 61
1006 58 61
1689 1170 61
1147 1073 61
918 217 61
1791 41 61
1714 96 61
1813 874 61
805 606 61
1802 1449 61
1859 1084 61
1666 1560 61
160 1737 61
37 518 61
1628 57 61
749 491 61
1735 1146 61
1092 571 61
1249 1059 61
1227 1645 61
988 163 61
1877 187 61
362 8 61
1087 1236 61
984 619 61
448 1217 61
76 1199 61
1872 333 61
1414 755 61
1061 982 61
709 1313 61
1353 72 61
773 913 61
1036 277 61
1217 1875 61
400 860 61
26 1078 61
66 722 61
1723 402 61
863 1711 61
307 620 61
535 420 61
1660 451 61
1470 1019 61
1585 1893 61
690 1652 61
184 876 61
73 155 61
973 789 61
326 1282 61
1076 229 61
547 771 61
312 1773 61
500 1585 61
839 714 61
514 1720 61
420 284 61
1516 1635 61
1476 988 61
1946 984 61
690 648 61
173 1413 61
455 954 61
1209 363 61
1358 316 61
93 101 61
1910 1629 61
223 1891 61
1268 470 61
1288 575 61
1645 517 61
562 880 61
748 1420 61
192 1077 61
933 995 61
1627 802 61
1169 1112 61
1959 931 61
1193 1736 60
1081 879 60
302 853 60
1928 576 60
1079 245 60
4 1992 60
1213 1083 60
1091 128 60
360 997 60
1844 1616 60
256 1655 60
1994 98 60
1516 1285 60
242 968 60
1504 333 60
802 856 60
99 522 60
315 1979 60
949 905 60
662 78 60
1288 1284 60
513 630 60
1170 137 60
1631 1085 60
455 354 60
1870 1058 60
485 1538 60
499 819 60
1321 1119 60
575 294 60
966 534 60
1153 1134 60
796 1754 60
1373 547 60
1562 1375 60
657 445 60
907 1827 60
414 1546 60
259 1387 60
1342 263 60
1306 172 60
406 1379 60
1853 1363 60
856 1411 60
789 1698 60
753 1563 60
463 1887 60
888 1183 60
902 377 60
1357 951 60
1789 784 60
1138 824 60
1391 1741 60
269 1204 60
1321 912 60
299 688 60
1192 1234 60
1034 1312 60
93 143 60
960 575 60
1219 1111 60
405 1516 60
473 347 60
1992 879 60
1728 873 60
903 1365 60
513 1820 60
1141 1226 60
198 1996 60
1299 957 60
1433 1595 60
236 1932 60
1658 622 60
842 1803 60
490 319 59
1658 258 59
265 785 59
1867 91 59
1295 1234 59
1232 1871 59
461 1281 59
417 615 59
1607 1262 59
1003 708 59
1560 1694 59
659 957 59
1806 804 59
902 1324 59
1522 1817 59
203 415 59
1628 147 59
1378 801 59
1244 1657 59
384 1500 59
1063 288 59
305 1658 59
568 1906 59
1519 41 59
926 1397 59
1303 696 59
1180 503 59
1215 553 59
747 675 59
737 668 59
237 1246 59
442 910 59
1582 1137 59
720 67 59
130 1404 59
886 413 59
1600 1276 59
732 998 59
661 502 59
159 1556 59
1859 12 59
1559 1007 59
1098 496 59
671 1116 59
1985 884 59
1827 94 59
1802 1612 59
1758 1243 59
1830 1198 59
850 1641 59
202 90 59
1436 1793 59
1084 677 59
221 1870 59
429 1908 59
453 1759 59
1981 1302 59
646 1475 59
516 138 59
1144 1106 59
207 667 59
511 1734 59
1102 946 59
675 37 59
269 1973 59
1011 989 59
206 786 59
872 1166 59
1381 235 59
1424 633 59
692 926 59
1930 497 59
1197 1202 59
292 930 59
1402 1251 59
1833 1042 59
903 1653 58
865 1258 58
1136 518 58
1394 900 58
601 655 58
127 330 58
146 383 58
1130 1073 58
1461 505 58
83 1422 58
1995 597 58
444 688 58
1257 220 58
412 1085 58
364 1162 58
1198 1512 58
772 1715 58
614 1970 58
258 220 58
773 670 58
1710 481 58
447 1442 58
364 1263 58
1555 1460 58
817 254 58
1769 1331 58
864 73 58
772 1820 58
842 368 58
1450 1365 58
1692 1539 58
1633 88 58
684 546 58
141 1437 58
1028 1246 58
1035 224 58
687 1794 58
1160 472 58
1035 528 58
1104 34 58
1878 1856 58
178 1434 58
121 1178 58
558 471 58
11 1802 58
646 260 58
148 30 58
1131 1881 58
223 1696 58
1321 1846 58
1805 766 58
757 676 58
1998 1088 58
111 650 58
409 388 58
1737 268 58
902 326 58
1065 1734 58
1955 1354 58
304 1655 58
769 1829 58
377 515 58
328 1166 58
1594 1562 58
1174 785 58
977 105 58
1982 231 58
568 1726 58
380 550 58
848 592 58
1415 663 58
98 1864 58
1761 1916 58
510 1390 58
543 687 58
34 1875 57
688 1354 57
1156 446 57
503 1742 57
1225 1434 57
540 1385 57
81 281 57
772 845 57
844 1503 57
764 836 57
362 99 57
435 1903 57
941 172 57
1551 764 57
1144 1866 57
1835 420 57
364 1214 57
418 1135 57
875 487 57
1960 1014 57
687 480 57
588 1165 57
1089 1302 57
465 1185 57
192 1682 57
592 1346 57
1325 1428 57
1145 1715 57
1154 1741 57
1709 836 57
888 30 57
1620 1463 57
208 1046 57
690 1297 57
1878 1525 57
911 955 57
973 0 57
823 933 57
1446 751 57
906 695 57
227 476 57
455 1224 57
912 981 57
808 1413 57
1256 491 57
137 788 57
346 1351 57
1444 557 57
1433 119 57
432 1759 57
1833 275 57
1641 129 57
430 1178 57
470 880 57
1891 1339 57
122 611 57
1736 930 57
145 1684 57
657 1172 57
994 515 57
851 1613 57
1217 50 57
1672 1453 57
1035 1907 57
892 895 57
1578 288 57
1204 400 57
1011 324 57
1996 842 57
471 57 57
589 704 56
1173 879 56
346 673 56
476 1318 56
688 739 56
1044 1612 56
77 1062 56
83 601 56
1433 357 56
1380 455 56
1110 1894 56
220 70 56
1882 1266 56
1560 241 56
175 1495 56
913 162 56
412 1773 56
1024 1713 56
1249 1284 56
254 1327 56
1083 1339 56
807 1554 56
958 175 56
233 1130 56
1742 957 56
954 1684 56
1436 1983 56
818 1723 56
214 690 56
1960 1541 56
1566 364 56
673 1244 56
462 684 56
376 1021 56
258 1997 56
165 1128 56
1676 1281 56
1894 1595 56
44 1458 56
1455 310 56
707 858 56
1986 202 56
1620 1479 56
542 259 56
470 214 56
1535 1784 56
1244 232 56
1904 1995 56
454 1003 56
513 945 56
1486 1658 56
1170 920 56
523 1399 56
847 1088 56
26 1316 56
1128 96 56
982 1028 56
1660 401 56
1078 142 56
1265 1070 56
1397 1458 56
424 1686 56
175 712 56
545 1756 56
1573 1909 56
867 973 56
1735 1515 56
979 1416 56
1490 1308 56
915 713 56
1338 1984 56
687 104 56
608 199 55
1920 797 55
1657 1597 55
1343 1902 55
529 327 55
760 666 55
983 1037 55
939 569 55
1909 1216 55
1605 1832 55
262 338 55
214 533 55
264 290 55
1255 59 55
1498 1479 55
86 1039 55
1243 445 55
1161 1949 55
478 1451 55
444 1910 55
254 1554 55
869 462 55
1925 898 55
1101 1156 55
36 1738 55
1606 871 55
764 974 55
973 1869 55
1100 1159 55
287 1447 55
990 323 55
1981 196 55
1572 179 55
339 1227 55
1253 757 55
1324 428 55
824 1410 55
748 1119 55
1339 705 55
305 119 55
717 1130 55
371 1189 55
665 105 55
912 73 55
1202 47 55
783 1407 55
963 607 55
860 132 55
1049 1678 55
1948 707 55
1982 1336 55
1117 1891 55
967 1395 55
1981 1197 55
192 604 55
318 235 55
1112 433 55
235 1498 55
921 1537 55
769 1530 55
1291 631 55
896 1861 55
1367 1794 55
1222 1019 55
1750 714 55
915 1784 55
388 870 55
1828 1443 55
355 394 55
308 286 55
344 894 55
67 96 55
1900 697 55
971 650 55
1244 316 55
1387 898 55
1439 1561 55
938 1619 55
610 1502 55
179 1015 55
1420 786 55
1496 816 55
403 613 55
768 498 54
1493 1436 54
948 613 54
1997 459 54
1431 603 54
1792 1461 54
591 458 54
1290 1170 54
1277 359 54
283 3 54
1931 1884 54
1549 1443 54
199 90 54
508 588 54
1315 1636 54
815 700 54
1362 1298 54
995 1156 54
796 1674 54
242 1931 54
1379 1936 54
927 1298 54
1590 539 54
155 1003 54
1328 993 54
608 1821 54
1545 1326 54
1513 1458 54
1873 482 54
77 274 54
1596 286 54
466 208 54
1410 170 54
960 91 54
1459 1537 54
1188 669 54
95 1690 54
1556 784 54
490 971 54
354 239 54
1280 893 54
1380 1159 54
487 712 54
650 111 54
179 1784 54
956 1983 54
234 49 54
988 1342 54
1628 500 54
1003 1314 54
1594 1502 54
827 1019 54
393 501 54
1974 1902 54
143 1260 54
405 1098 54
1263 1710 54
1039 1909 54
314 623 54
404 1191 54
441 1082 54
561 1541 54
1464 279 54
991 357 54
1938 775 54
151 1101 54
793 1908 54
129 130 54
710 1202 54
535 1534 54
235 1597 54
131 1526 54
488 753 54
569 1847 54
393 1744 54
1536 1203 54
977 1275 54
1338 611 54
337 126 54
936 1162 54
693 1631 54
827 1204 54
1504 1327 54
216 239 54
300 434 54
426 945 54
1747 1818 54
937 1152 54
1978 89 54
1810 196 54
1277 983 53
1008 1359 53
1812 1986 53
1073 421 53
598 1572 53
909 56 53
707 443 53
416 454 53
837 244 53
1363 981 53
1979 560 53
1292 341 53
100 1623 53
1425 1961 53
508 889 53
273 1782 53
1117 7 53
1814 744 53
279 676 53
1850 844 53
393 495 53
243 1759 53
814 1012 53
1286 1896 53
1459 1356 53
1654 1869 53
991 1318 53
882 506 53
55 753 53
114 1379 53
1335 1989 53
1121 1123 53
912 700 53
70 1986 53
1119 1037 53
1754 266 53
776 1227 53
1556 1876 53
1328 57 53
1538 1870 53
1417 1518 53
1914 1306 53
1103 605 53
110 1903 53
1641 1941 53
47 58 53
337 1018 53
1369 1240 53
1755 451 53
1476 1002 53
1430 1594 53
1998 804 53
223 25 53
208 851 53
19 1641 53
1047 1548 53
948 1930 53
899 216 53
659 700 53
57 1181 53
178 854 53
1932 618 53
1344 1187 53
1606 738 53
286 714 53
1800 1448 53
69 1839 53
1585 1624 53
772 857 53
143 1045 53
1355 1469 52
1800 1604 52
1286 504 52
1387 796 52
356 747 52
77 68 52
440 1394 52
278 1268 52
1314 1205 52
463 55 52
842 1097 52
209 147 52
395 793 52
936 1073 52
1034 1184 52
672 1141 52
1484 895 52
1469 517 52
478 861 52
1065 1740 52
249 99 52
1743 1089 52
1777 976 52
885 542 52
98 1563 52
1947 1274 52
1849 1008 52
1340 808 52
1582 942 52
1399 774 52
527 1972 52
1926 1475 52
823 410 52
493 1636 52
585 50 52
1223 624 52
1607 264 52
1140 1169 52
1142 446 52
1624 489 52
1059 1402 52
343 1261 52
1351 1616 52
713 1283 52
564 1390 52
1767 785 52
683 1395 52
151 1845 52
221 1838 52
1087 293 52
649 640 52
938 169 52
979 276 52
349 154 52
1304 1349 52
544 1431 52
591 1670 52
1547 304 52
40 1930 52
1066 1146 52
1670 531 52
1653 1258 52
40 1345 52
1427 400 52
719 1054 52
788 1832 52
1525 408 52
1693 576 52
1058 1150 52
544 1550 52
1814 500 52
269 1706 52
1569 503 52
618 768 52
855 1376 52
1753 712 52
207 637 52
763 960 51
552 1961 51
1444 257 51
1363 116 51
678 131 51
1501 1565 51
480 24 51
72 1639 51
609 1999 51
661 1879 51
943 1726 51
1484 163 51
345 51 51
1718 1195 51
1001 1462 51
1383 248 51
790 1906 51
344 529 51
1332 490 51
92 1430 51
387 1612 51
1847 1556 51
689 1962 51
550 1400 51
1642 1475 51
275 684 51
591 1746 51
1791 1447 51
1991 1257 51
67 1008 51
1933 1366 51
401 310 51
649 1287 51
607 779 51
1798 722 51
394 419 51
1918 1102 51
1034 1334 51
516 1446 51
827 1200 51
983 886 51
1401 1552 51
1444 1477 51
446 1152 51
1594 1647 51
1931 1073 51
287 1216 51
356 1754 51
83 365 51
1004 1927 51
194 455 51
1733 625 51
1692 806 51
1989 257 51
21 1636 51
37 736 51
1362 1078 51
796 1996 51
1804 1251 51
295 281 51
1064 1415 51
1109 231 51
1000 1353 51
609 1933 51
710 300 51
260 816 51
84 624 51
865 1814 51
486 1025 51
756 724 51
36 253 51
1330 361 51
981 335 51
43 380 51
1546 1228 51
875 926 51
346 1464 51
517 1885 51
1900 441 51
1218 1889 50
1586 1204 50
909 950 50
1047 1493 50
287 1849 50
1769 559 50
1510 436 50
321 1066 50
1114 800 50
1691 460 50
1312 1465 50
134 874 50
1296 1979 50
164 1056 50
819 667 50
1197 1123 50
537 924 50
278 880 50
1402 460 50
592 520 50
557 90 50
1675 1091 50
897 918 50
981 970 50
1259 358 50
953 1700 50
123 1659 50
94 740 50
1413 1648 50
1471 1961 50
875 1851 50
1505 1271 50
742 1076 50
633 505 50
836 1642 50
122 371 50
258 10 50
713 1909 50
1844 789 50
1523 161 50
445 519 50
1733 238 50
522 1505 50
775 123 50
538 1812 50
1217 1071 50
1774 1562 50
375 1957 50
1703 404 50
1499 1478 50
1423 1519 50
1526 914 50
270 689 50
1259 1094 50
1578 189 50
122 1095 50
1642 746 50
1821 470 50
1322 1307 50
1185 1229 50
1298 724 50
413 901 50
1853 84 50
292 1879 50
145 1160 50
884 1407 50
142 957 50
1073 55 50
557 1130 50
1758 270 50
903 181 50
227 1750 50
304 1069 50
1007 346 50
656 693 50
1822 1468 50
984 354 50
118 383 50
1649 98 49
115 524 49
1057 1546 49
1416 774 49
191 606 49
335 1484 49
228 1404 49
581 1402 49
1791 22 49
965 968 49
1935 1595 49
59 513 49
135 1681 49
1214 1324 49
1117 1744 49
683 649 49
86 1176 49
1373 872 49
76 1433 49
1901 496 49
985 454 49
1293 440 49
635 276 49
554 1026 49
790 226 49
1995 50 49
972 362 49
1847 13 49
824 1222 49
342 1946 49
427 1890 49
1092 1936 49
1841 140 49
705 1845 49
485 386 49
675 1411 49
801 49 49
666 1009 49
344 1896 49
1586 1822 49
377 224 49
434 968 49
1475 990 49
640 1419 49
554 1377 49
1743 239 49
175 1198 49
1654 809 49
1417 1941 49
643 663 49
1183 65 49
995 1964 49
888 1609 49
1738 1561 49
956 1219 49
1197 1033 49
1270 864 49
368 1760 49
1906 37 49
1274 1785 49
224 688 49
1382 1112 49
815 1820 49
820 598 49
71 741 49
1444 58 49
171 1700 49
16 1223 49
1634 551 49
1609 1368 49
735 1702 48
564 1731 48
218 1896 48
262 77 48
976 755 48
1998 1873 48
574 1993 48
79 462 48
196 1910 48
1787 1412 48
1097 1304 48
1828 55 48
83 1922 48
567 1872 48
1758 613 48
342 1843 48
487 316 48
859 1786 48
903 153 48
1071 1280 48
604 399 48
654 792 48
807 220 48
1915 1254 48
674 920 48
893 264 48
1721 1139 48
593 603 48
172 1747 48
145 336 48
338 1046 48
1774 1810 48
540 454 48
1113 1654 48
1012 128 48
1114 1589 48
787 1618 48
364 891 48
1888 142 48
1415 191 48
915 117 48
216 566 48
601 1391 48
1554 300 48
1598 1653 48
1950 657 48
613 490 48
854 1327 48
1258 1242 48
1433 1754 48
1339 871 48
1616 779 48
1942 1648 48
44 697 48
1149 414 48
1971 1463 48
1540 503 48
1817 1657 48
1428 1458 48
346 546 48
1576 340 47
69 920 47
1377 1193 47
1177 612 47
384 1196 47
707 1919 47
1299 837 47
1918 1629 47
522 437 47
291 457 47
25 332 47
167 799 47
1277 530 47
925 1617 47
1798 1945 47
1621 1173 47
730 1206 47
1882 1193 47
1161 324 47
1480 127 47
1121 332 47
1982 1536 47
1590 1317 47
1381 177 47
453 1306 47
561 1406 47
1149 1002 47
930 3 47
842 1446 47
825 193 47
1338 555 47
1113 825 47
286 401 47
1871 421 47
1122 174 47
1305 1919 47
244 111 47
1140 1393 47
1397 455 47
1784 672 47
421 1908 47
1234 723 47
1828 603 47
137 1767 47
1265 1075 47
1306 383 47
903 344 47
349 1661 47
1036 895 47
1048 576 47
1566 81 47
439 803 47
1349 749 47
393 1809 47
1445 944 47
747 500 47
827 856 47
1208 488 47
244 543 47
61 258 47
1880 1147 47
796 1998 47
579 1994 47
1494 1414 47
1847 1956 47
399 1619 47
1030 1276 47
153 121 47
1630 122 47
662 1180 47
1681 1971 47
1040 1353 47
61 189 47
1325 535 47
1584 170 47
272 1359 47
1052 1462 47
649 1185 47
881 805 47
988 1951 47
982 1494 47
257 281 47
34 1001 46
77 1348 46
1457 1825 46
1466 227 46
41 1126 46
34 1087 46
1884 651 46
1717 104 46
158 1163 46
1400 1128 46
1654 1391 46
1318 555 46
1208 938 46
1224 1700 46
1666 1724 46
1912 30 46
1188 392 46
312 1543 46
34 319 46
1612 539 46
664 484 46
1617 848 46
1041 1659 46
1228 243 46
1040 568 46
854 363 46
881 1224 46
945 1071 46
1781 1504 46
610 35 46
161 80 46
4 48 46
787 904 46
1123 1220 46
1463 1206 46
352 924 46
688 1825 46
1069 1743 46
1035 103 46
1969 490 46
1479 1783 46
264 48 46
437 752 46
1569 400 46
1540 1561 46
1431 1402 46
1500 1669 46
913 104 46
514 1768 46
1243 1477 46
444 316 46
999 0 46
202 1285 46
1377 1297 46
1618 1731 46
232 536 46
193 1415 46
293 1590 46
1572 746 46
871 1210 46
735 1611 46
1615 896 46
1762 1304 46
278 361 46
349 1603 46
445 1670 46
479 1032 46
803 268 46
1088 716 46
731 1641 46
1649 1454 46
280 1146 46
978 1234 46
1454 482 46
662 671 46
781 1253 46
1747 917 45
904 257 45
928 690 45
1467 1034 45
1936 909 45
144 1305 45
886 150 45
93 967 45
1118 674 45
1713 1588 45
674 1754 45
1556 69 45
1681 139 45
763 1900 45
1984 1426 45
1535 1763 45
464 1111 45
944 1572 45
1974 1630 45
850 881 45
102 954 45
539 633 45
75 1061 45
1259 315 45
747 1616 45
627 1856 45
1188 403 45
156 1973 45
1341 379 45
1362 822 45
758 1136 45
1681 1715 45
1218 366 45
1353 1819 45
162 939 45
112 1681 45
610 443 45
1640 150 45
1199 921 45
125 1506 45
1447 239 45
1305 980 45
1142 795 45
646 1140 45
1426 1619 45
1130 465 45
1805 1136 45
972 866 45
722 811 45
1314 764 45
1314 132 45
221 1032 45
198 497 45
1353 866 45
97 911 45
168 638 45
652 190 45
1454 1453 45
1226 925 45
383 1040 45
660 1683 45
409 654 45
361 1353 45
85 830 45
203 303 45
876 710 45
1057 1629 45
320 176 45
530 1785 45
1253 180 45
532 1898 45
1938 1511 45
1752 696 45
1114 1455 45
1751 652 45
1769 1065 45
1794 178 45
1771 1801 44
901 438 44
1900 1348 44
1808 1114 44
897 1030 44
1747 1563 44
1440 1200 44
752 1103 44
642 1612 44
1353 1642 44
1427 149 44
1758 1216 44
232 144 44
562 1672 44
1909 1335 44
982 642 44
1245 1753 44
245 1758 44
1839 1451 44
1576 842 44
898 1913 44
552 826 44
221 447 44
1187 1209 44
1641 1845 44
581 1566 44
984 1878 44
1865 1287 44
1739 1076 44
1750 1512 44
261 1307 44
171 1885 44
782 1855 44
1252 1238 44
1026 640 44
1322 506 44
738 1141 44
1424 1255 44
150 1600 44
756 1539 44
1442 620 44
1293 982 44
1177 813 44
64 746 44
1867 971 44
1885 1868 44
106 742 44
1428 249 44
487 1598 44
30 951 44
1411 954 44
572 299 44
1145 1900 44
1618 413 44
216 325 44
1973 1757 44
746 1918 44
91 407 44
316 807 44
318 1902 44
432 1780 44
312 94 44
320 831 44
82 336 44
844 1755 44
939 1977 44
1882 1148 44
860 2 44
1976 1468 44
1603 820 44
297 976 44
1630 441 44
1242 1731 44
1473 1924 44
1937 1873 44
38 1737 44
231 1234 43
627 1553 43
476 1546 43
34 1300 43
16 873 43
439 1610 43
1805 1692 43
1403 1450 43
891 380 43
1436 604 43
851 438 43
97 362 43
266 146 43
332 820 43
1652 1268 43
129 972 43
961 58 43
625 893 43
1042 1825 43
618 811 43
127 1454 43
1180 409 43
455 17 43
731 1245 43
444 159 43
1297 1728 43
486 288 43
1190 683 43
659 799 43
1511 818 43
896 869 43
1946 1278 43
1171 868 43
287 470 43
1238 1737 43
660 401 43
1062 903 43
1541 1292 43
554 1606 43
68 1900 43
1326 1249 43
309 1385 43
1968 1411 43
987 286 43
969 386 43
284 1175 43
601 1376 43
341 1933 43
636 646 43
1532 751 43
847 690 43
59 836 43
753 1920 43
1209 1785 43
739 1433 43
1144 64 43
1267 743 43
1234 1717 43
867 1907 43
1777 346 43
1872 908 43
1254 303 43
190 1893 43
1456 1362 43
1499 680 43
1402 1826 43
899 1816 43
421 1901 43
452 1682 43
1918 1636 43
1163 1057 43
1379 664 43
1879 1858 43
247 382 43
203 1496 43
813 1025 43
1184 583 43
1841 1016 43
1959 1033 43
745 1819 43
586 575 43
1647 686 43
148 1331 43
249 1362 43
545 1854 43
1396 69 42
963 1135 42
533 1262 42
1821 1738 42
210 1787 42
634 961 42
874 927 42
252 487 42
1302 853 42
1322 1923 42
1949 398 42
1332 1987 42
1789 433 42
832 383 42
390 653 42
1276 714 42
1377 1597 42
1975 147 42
260 404 42
901 1575 42
634 1254 42
501 211 42
1737 1639 42
114 1816 42
1532 518 42
323 620 42
273 1543 42
1826 312 42
1863 1869 42
1373 1391 42
1839 988 42
1214 839 42
1834 733 42
107 1820 42
771 941 42
61 53 42
673 55 42
1950 66 42
1656 314 42
1393 576 42
1289 1230 42
180 567 42
980 1960 42
1814 271 42
1766 1585 42
211 118 42
1427 333 42
1581 1247 42
1876 1609 42
1637 1294 42
161 566 42
1156 223 42
1837 417 42
1554 1626 42
720 1903 42
1862 1533 42
1031 637 42
790 491 42
1537 1253 42
1437 1032 42
65 247 42
102 1165 42
1826 1965 42
105 1345 42
440 506 42
984 592 42
274 581 42
305 454 42
1894 1920 42
552 1601 42
33 109 42
1754 1923 42
1683 1460 42
20 1067 42
1340 1812 42
1178 1017 42
1670 715 42
1748 85 42
1337 1781 41
697 1655 41
541 441 41
994 1051 41
1610 1842 41
1692 103 41
965 396 41
293 1511 41
583 1743 41
1540 524 41
456 116 41
1273 1093 41
1733 777 41
1204 1085 41
1202 290 41
678 731 41
790 1826 41
467 1827 41
685 1342 41
922 824 41
776 1304 41
238 325 41
1752 476 41
3 815 41
1543 863 41
1564 1266 41
557 1169 41
1890 371 41
1277 620 41
884 127 41
143 534 41
714 423 41
1452 1626 41
1823 1199 41
779 747 41
572 800 41
410 1366 41
456 93 41
392 1089 41
1666 1065 41
950 1291 41
448 1023 41
1214 138 41
1939 1892 41
1394 920 41
1811 985 41
876 1920 41
1477 1492 41
1794 252 41
510 1225 41
1148 1903 41
190 1029 41
613 1055 41
1512 1362 41
1678 1461 41
1856 837 41
1330 1676 41
1612 81 41
1635 1847 41
751 9 41
196 1192 41
1248 1152 41
223 1741 41
306 1930 41
428 922 41
1898 1713 41
1422 1606 40
86 1701 40
767 1180 40
320 1829 40
1431 1855 40
1231 1123 40
1703 191 40
669 874 40
301 1590 40
830 317 40
1729 345 40
1957 481 40
889 1439 40
1020 87 40
1336 1191 40
1485 1079 40
514 1245 40
1794 309 40
653 1432 40
653 1612 40
1766 1893 40
1400 668 40
1103 1743 40
1937 1362 40
1349 1223 40
1029 1942 40
1993 172 40
785 314 40
534 1216 40
1399 182 40
1933 661 40
255 290 40
1221 717 40
1222 994 40
1561 600 40
575 1255 40
1766 269 40
329 902 40
586 256 40
768 81 40
182 888 40
478 227 40
1824 595 40
1266 403 40
1348 1852 40
679 1937 40
433 350 40
1990 340 40
928 383 40
1597 514 40
1847 1328 40
1283 534 40
1892 910 40
1518 1539 40
1494 359 40
593 239 40
1884 868 40
1256 779 40
638 869 40
1117 826 40
1961 1496 40
454 1806 40
1783 25 40
1022 1366 40
1506 337 40
1801 668 40
753 1200 40
575 1853 39
136 1683 39
1017 1060 39
562 1411 39
1211 1572 39
514 949 39
499 303 39
148 440 39
1636 1875 39
1974 1063 39
1246 401 39
1927 1287 39
292 1894 39
699 141 39
1420 1787 39
1010 1151 39
1394 1467 39
1116 487 39
368 1 39
1115 739 39
215 1162 39
74 80 39
1002 525 39
1259 580 39
1486 19 39
604 878 39
108 605 39
1316 1953 39
1864 1818 39
289 1608 39
1856 311 39
1038 891 39
1505 1570 39
1711 17 39
577 423 39
1397 780 39
1154 1707 39
1474 1632 39
742 570 39
1143 941 39
1756 1284 39
307 991 39
753 1270 39
701 1779 39
431 1930 39
1082 1595 39
698 109 39
883 1838 39
1447 1300 39
393 1364 39
1021 1197 39
254 1510 39
1538 600 39
1283 385 39
1717 1095 39
651 742 39
1085 330 39
184 421 39
1154 1777 39
356 7 39
925 1166 39
1883 30 39
1367 745 39
956 1577 39
1940 117 39
295 767 39
934 490 39
1041 806 39
1676 412 39
722 939 39
1200 437 38
763 1125 38
1772 1603 38
401 1524 38
1658 1611 38
683 532 38
1133 1780 38
1173 1305 38
405 1057 38
621 1055 38
315 804 38
1046 1973 38
1823 502 38
78 1053 38
1770 748 38
186 1429 38
1685 1176 38
41 1811 38
1275 607 38
1950 701 38
1479 1307 38
518 817 38
1883 1561 38
322 804 38
1706 1452 38
10 1660 38
1434 549 38
1360 1113 38
1492 1039 38
1607 164 38
240 12 38
635 1881 38
813 1657 38
838 1347 38
1228 1692 38
499 854 38
552 1810 38
769 981 38
866 1135 38
1190 1957 38
1492 594 38
1735 158 38
1870 295 38
264 1694 38
240 1505 38
1019 952 38
1214 218 38
689 209 38
716 1886 38
1614 893 38
1585 1181 38
480 1973 38
320 1185 38
672 1515 38
1699 783 38
827 1509 38
720 787 38
758 469 38
982 454 38
1686 360 38
1082 1719 38
741 179 38
777 642 38
1654 1454 38
802 1803 38
105 1404 38
1138 1963 38
1775 564 38
802 881 38
590 1366 38
1212 1742 38
1694 1724 38
1203 1740 38
1824 1207 38
1215 1423 38
1770 1630 38
1987 86 38
1817 798 38
614 548 37
350 235 37
872 1225 37
1090 929 37
776 300 37
1284 24 37
1987 1702 37
824 756 37
1623 1188 37
799 1745 37
259 1318 37
1645 137 37
1580 1765 37
973 455 37
1098 196 37
1884 757 37
887 1197 37
671 45 37
1609 1522 37
609 346 37
420 640 37
1137 374 37
540 275 37
704 1366 37
580 37 37
1899 1905 37
1940 1829 37
1575 581 37
1257 1117 37
811 184 37
1476 1813 37
1433 850 37
1450 144 37
1659 1429 37
1095 1483 37
218 1054 37
147 407 37
1116 1870 37
1846 1993 37
1333 509 37
1013 1740 37
8 686 37
656 774 37
1777 675 37
1657 555 37
213 1541 37
1887 1031 37
1029 167 37
1916 1348 37
1981 882 37
751 1607 37
596 239 37
413 748 37
1086 443 37
417 168 37
1548 1271 37
106 124 37
1139 499 37
1857 1845 37
178 1092 37
624 1148 37
979 1346 37
1525 1570 37
45 1035 37
1506 406 37
15 760 37
1066 1785 37
456 1938 37
1064 1799 37
1437 543 37
1865 1133 37
1890 370 36
1358 153 36
1511 143 36
1060 708 36
1756 891 36
1745 986 36
674 1497 36
1347 738 36
752 1582 36
1958 1788 36
501 214 36
252 952 36
66 612 36
1959 1448 36
1871 1309 36
1584 275 36
722 1761 36
1969 795 36
1873 999 36
1071 359 36
237 101 36
68 559 36
701 1222 36
208 1852 36
5 1780 36
397 1437 36
1545 324 36
424 457 36
32 754 36
240 1137 36
1113 1741 36
1015 1347 36
1469 1058 36
863 1371 36
334 1858 36
1783 1990 36
1438 1942 36
331 1368 36
213 519 36
987 1645 36
1022 1743 36
295 1952 36
1372 1378 36
1669 8 36
1219 146 36
1680 883 36
1614 1888 36
762 589 36
1758 118 36
512 9 36
1178 934 36
1244 523 36
1026 1919 36
205 1946 36
1634 550 36
1429 868 36
908 1898 36
762 878 36
638 1218 36
711 1757 36
171 298 36
850 891 36
383 667 36
1562 982 36
1446 319 36
81 352 36
630 1837 36
179 55 36
1615 946 36
1652 19 36
1316 1465 36
1618 1256 36
1264 1837 36
1627 486 36
1024 548 36
1156 1483 36
732 471 36
1093 1324 36
1174 1528 36
1808 559 36
1699 924 36
1620 1759 36
19 1452 35
1082 203 35
1117 1610 35
1069 220 35
144 716 35
1588 963 35
1225 1333 35
756 41 35
1192 69 35
935 140 35
1145 727 35
1264 856 35
816 327 35
1500 503 35
430 57 35
1393 1373 35
545 1181 35
560 678 35
1944 1215 35
281 885 35
594 1749 35
1529 832 35
232 359 35
1150 1293 35
1502 809 35
1576 953 35
1189 1302 35
874 1870 35
1115 1669 35
1713 1030 35
693 359 35
123 566 35
1631 1727 35
1529 1242 35
1765 840 35
305 1720 35
1613 1298 35
1492 1779 35
989 1244 35
1878 1823 35
1828 285 35
471 1523 35
33 1466 35
830 1479 35
644 862 35
1735 341 35
115 537 35
1177 791 35
1963 245 35
472 181 35
767 405 35
1931 1409 35
1527 574 35
1034 969 35
1682 474 35
664 537 35
1429 305 35
527 1176 35
1012 413 35
1361 765 35
740 52 35
1383 527 35
1264 1123 35
1549 942 35
96 1005 35
587 351 35
1370 631 35
1011 775 35
4 1158 35
1871 515 35
723 1960 35
656 143 35
898 1659 35
1487 125 35
1596 633 35
354 643 35
1811 805 35
929 108 35
425 1608 35
1025 1158 35
1720 1607 34
1595 991 34
255 892 34
1699 1865 34
1135 1319 34
748 1853 34
819 1785 34
394 1469 34
55 1488 34
1579 194 34
391 35 34
549 1550 34
36 78 34
77 616 34
1963 778 34
1877 572 34
729 1894 34
44 1974 34
1998 424 34
1698 1819 34
1684 1935 34
377 512 34
661 1066 34
1964 1846 34
1743 533 34
634 316 34
1871 47 34
1888 1703 34
1579 120 34
188 1541 34
1396 983 34
1655 8 34
1644 1910 34
1918 1010 34
1788 872 34
892 681 34
1240 1282 34
663 1175 34
700 834 34
1355 704 34
1821 1818 34
243 1489 34
511 1500 34
977 1331 34
884 1217 34
162 1850 34
232 742 34
1584 1515 34
936 180 34
1705 820 34
176 1542 34
463 926 34
1505 336 34
844 841 34
507 1868 34
1290 1788 34
1311 1299 34
814 1656 34
1999 1242 34
150 677 34
1086 224 34
317 1864 34
281 1192 34
432 1669 34
1762 1260 34
1214 1939 34
166 654 34
1510 678 34
1423 1601 34
1403 710 33
1139 784 33
1450 524 33
283 1258 33
1513 1932 33
87 19 33
40 1496 33
1449 1615 33
1663 1261 33
367 183 33
534 1090 33
1179 842 33
324 220 33
1659 397 33
760 1640 33
1100 1563 33
1702 1974 33
1718 1669 33
581 715 33
1777 467 33
1945 558 33
1892 105 33
1240 632 33
1502 1997 33
1538 835 33
1348 45 33
332 82 33
484 1355 33
327 987 33
774 1497 33
1483 151 33
1059 212 33
460 1149 33
1253 1413 33
436 1216 33
1776 1290 33
154 978 33
419 1081 33
389 1205 33
332 132 33
1510 1039 33
44 689 33
85 720 33
1769 796 33
865 1713 33
1973 416 33
724 246 33
1186 640 33
516 679 33
456 510 33
52 775 33
1571 1958 33
610 1309 33
1911 1979 33
1699 1876 33
1070 1176 33
492 98 33
821 131 33
282 279 33
1561 1579 33
1650 1389 33
1660 380 33
550 1871 33
1749 685 33
1948 1556 33
1518 1777 33
1714 604 33
1968 1781 33
1684 704 33
1313 1036 33
462 891 33
1866 1795 33
639 592 33
492 1359 33
1886 1299 33
1308 261 33
1588 1551 33
1193 22 33
139 184 33
799 1629 33
310 654 33
603 848 33
1011 1676 32
1611 1868 32
1625 897 32
708 729 32
586 487 32
1878 1355 32
11 1595 32
1197 519 32
1844 1792 32
1517 1744 32
1497 441 32
435 288 32
937 774 32
1690 1338 32
159 1083 32
1452 152 32
878 124 32
1288 900 32
1429 1272 32
1816 1537 32
1139 848 32
38 14 32
1568 1775 32
147 1616 32
1400 667 32
497 1917 32
1792 618 32
1208 1374 32
897 883 32
1408 982 32
1322 1622 32
688 716 32
1632 1471 32
941 1239 32
220 1069 32
148 1022 32
512 1607 32
1811 1229 32
1492 180 32
40 1231 32
1916 257 32
1520 1748 32
723 894 32
183 1339 32
1832 1666 32
1967 1940 32
1916 1413 32
166 670 32
677 1292 32
957 998 32
1146 1650 32
1810 1516 32
858 1727 32
7 1933 32
775 1727 32
1091 1761 32
145 1201 32
586 110 32
1815 1866 32
917 1419 32
1629 1463 32
1946 204 32
364 248 32
1686 279 32
1986 1315 32
833 506 32
1889 160 32
1888 677 32
1211 35 32
1459 1715 32
1445 943 32
101 1624 32
1516 1583 32
219 1976 32
165 767 32
1660 553 32
450 145 32
149 1461 32
1328 1830 32
62 1811 32
825 870 31
63 1771 31
1156 1285 31
698 604 31
1043 1937 31
1278 1470 31
959 1968 31
1959 578 31
15 1296 31
1185 1522 31
1754 1684 31
34 1849 31
1791 1761 31
261 1208 31
1181 640 31
1528 1321 31
1105 696 31
513 792 31
1569 1425 31
664 702 31
703 698 31
353 1381 31
733 224 31
951 407 31
1671 926 31
910 1086 31
450 1463 31
598 1700 31
1456 171 31
1264 1270 31
74 1285 31
1573 413 31
1079 444 31
424 1382 31
128 761 31
73 316 31
1485 1581 31
690 258 31
134 993 31
756 1192 31
1414 1971 31
341 1873 31
65 1118 31
1272 1497 31
1422 1635 31
124 22 31
1883 426 31
994 501 31
1236 468 31
1389 879 31
1316 1200 31
1995 372 31
750 29 31
61 298 31
1829 311 31
1563 1143 31
1800 1931 31
1731 1769 31
1082 1074 31
44 508 31
902 1067 31
287 1868 31
87 956 31
1862 1928 31
1243 1953 31
1925 1472 31
909 1522 31
391 1814 31
197 1240 31
1863 857 31
426 1833 31
155 354 31
718 1101 31
535 1457 31
1976 128 31
1594 652 31
1514 683 31
938 808 31
251 1400 31
517 510 31
1115 1661 30
188 1858 30
1337 1548 30
73 312 30
1858 456 30
7 1676 30
1086 803 30
1255 604 30
247 1850 30
366 442 30
1261 1970 30
912 1929 30
1788 707 30
211 88 30
1799 232 30
1252 163 30
656 930 30
1962 1558 30
359 121 30
612 1200 30
640 1901 30
1074 1394 30
1211 197 30
725 120 30
268 166 30
832 358 30
1656 1640 30
5 286 30
99 1343 30
1356 1242 30
1824 1544 30
405 128 30
918 1788 30
981 778 30
1077 823 30
1421 1583 30
1691 51 30
1180 1821 30
533 1106 30
1739 698 30
1677 815 30
1114 786 30
370 249 30
1789 1821 30
323 941 30
776 891 30
1761 1683 30
1408 584 30
514 986 30
1654 854 30
446 1778 30
1439 1718 30
1334 153 30
1342 1285 30
1419 1842 30
508 1277 30
1749 1726 30
531 1635 30
114 565 30
1980 43 30
230 797 30
653 649 30
426 1390 30
1531 1161 30
76 1296 30
507 1670 30
1251 1643 30
1240 622 30
1755 1189 30
793 234 30
1403 384 30
498 1899 30
1675 701 30
1996 1105 30
1438 1364 30
1042 1254 29
1190 564 29
1685 1459 29
1928 624 29
191 1335 29
1397 1197 29
221 1762 29
1841 170 29
73 1915 29
1533 661 29
1769 1175 29
1954 861 29
1848 929 29
112 60 29
93 1781 29
109 549 29
1751 878 29
1819 1860 29
566 1588 29
531 944 29
482 1505 29
730 314 29
911 1299 29
475 971 29
878 92 29
47 224 29
1089 1686 29
946 1512 29
502 53 29
1061 647 29
551 334 29
859 1280 29
1108 470 29
1820 1838 29
423 1820 29
1952 82 29
684 680 29
104 1676 29
1075 137 29
1309 548 29
1497 709 29
1819 736 29
971 1873 29
1503 1460 29
606 433 29
1097 1870 29
194 430 29
837 339 29
1528 696 29
1325 163 29
487 1319 29
62 922 29
1823 1315 29
1742 529 29
454 657 29
1995 168 29
1392 1947 29
656 526 29
1245 1605 29
1829 1696 29
495 1742 29
359 1883 29
1152 1591 29
1627 1388 29
712 1154 29
1725 190 29
441 1608 29
1543 384 29
140 659 29
410 736 29
1960 1341 29
835 438 29
1668 1923 29
599 1083 29
1315 1823 29
356 1825 28
232 549 28
1603 1237 28
1761 1557 28
1362 161 28
1341 1380 28
1188 1659 28
1829 1630 28
1475 1301 28
945 1359 28
1426 899 28
1901 1807 28
1145 280 28
1022 661 28
990 107 28
445 1484 28
828 737 28
780 402 28
1329 402 28
407 464 28
981 1413 28
949 1091 28
1761 1781 28
1670 1307 28
1431 1201 28
1456 1049 28
232 1268 28
891 1648 28
1859 596 28
1749 1228 28
1217 939 28
1705 686 28
1273 510 28
1285 63 28
666 1355 28
1869 854 28
1387 151 28
592 1325 28
1334 427 28
944 1594 28
1592 1434 28
63 1909 28
1879 317 28
600 723 28
1917 488 28
1803 1361 28
1966 1900 28
1542 309 28
851 1471 28
1748 524 28
1775 1955 28
255 286 28
1649 400 28
1494 1329 28
749 1571 28
1700 1458 28
1977 156 28
1423 773 28
1453 1895 28
989 206 28
950 998 28
423 1815 28
1617 1911 28
1329 1097 28
114 1088 28
1542 195 28
726 616 28
1017 832 28
556 804 28
1710 229 28
1654 1047 28
1258 1275 28
47 341 28
730 1104 28
1280 38 28
1685 1432 28
116 1493 28
1199 1368 28
1831 1747 28
687 1708 28
1177 1878 28
1179 182 28
517 25 28
479 114 28
324 908 27
1719 682 27
750 694 27
618 513 27
1940 975 27
1118 192 27
306 449 27
1847 6 27
798 1192 27
4 1238 27
1593 1857 27
1489 1198 27
622 1903 27
1725 932 27
1255 1046 27
1380 701 27
1128 662 27
858 270 27
1432 632 27
597 326 27
688 359 27
177 223 27
123 532 27
733 1466 27
1271 357 27
1084 363 27
927 1675 27
906 999 27
1585 759 27
1094 1446 27
57 1130 27
1737 396 27
571 689 27
99 872 27
769 1280 27
1384 784 27
1399 825 27
1859 737 27
1092 1190 27
1342 632 27
178 292 27
812 354 27
569 1445 27
710 459 27
1370 890 27
572 1054 27
1820 1256 27
1186 1162 27
1069 1272 27
417 1223 27
623 825 27
1258 28 27
785 135 27
1175 1653 27
1246 895 27
1161 213 27
1466 192 27
699 154 27
1205 1441 27
1047 909 27
1430 1322 27
1864 465 27
210 446 27
807 1247 27
1877 1371 27
397 1907 27
771 1247 27
1530 1340 27
699 1436 27
1219 593 27
1018 970 27
258 721 27
1767 1465 27
1905 525 27
830 1374 27
641 1739 26
340 1140 26
1648 1571 26
87 536 26
708 611 26
1737 329 26
1500 1784 26
112 869 26
1172 1865 26
883 856 26
527 1761 26
1489 1648 26
1460 1948 26
254 92 26
768 592 26
835 1565 26
955 1846 26
709 1760 26
1172 387 26
1798 382 26
539 30 26
399 682 26
1690 440 26
874 54 26
1212 726 26
310 377 26
180 0 26
840 528 26
831 15 26
531 573 26
1785 1128 26
896 1320 26
361 105 26
1283 953 26
290 295 26
1877 970 26
1537 1587 26
22 1596 26
10 294 26
1364 872 26
715 265 26
1100 1177 26
383 1668 26
793 547 26
111 1237 26
1876 1981 26
1917 734 26
78 1977 26
1436 1314 26
1422 1019 26
1261 1434 26
1272 631 26
1450 186 26
250 1827 26
936 1010 26
733 1364 26
954 984 26
698 1296 26
367 1329 26
1049 426 26
1910 891 26
1773 1446 26
652 743 26
1583 871 26
1694 481 26
621 904 26
1014 1152 26
697 1884 26
861 1172 26
519 682 26
235 1397 26
1958 129 26
1623 1066 26
1190 1888 26
1143 475 26
637 357 26
1543 569 26
547 581 26
1035 96 26
50 401 26
1892 1907 26
1540 1818 26
1675 1591 26
26 104 26
735 1401 26
684 738 26
320 1837 26
1137 140 26
803 410 26
873 440 26
577 1389 26
269 24 25
1951 749 25
43 602 25
841 188 25
322 581 25
1764 8 25
1454 702 25
269 1592 25
372 768 25
1837 404 25
842 1156 25
1254 1330 25
849 1031 25
465 178 25
1026 1145 25
1074 851 25
746 865 25
9 1467 25
1943 505 25
1058 1686 25
1506 1374 25
264 258 25
218 1562 25
242 389 25
1331 1070 25
779 1510 25
1766 657 25
74 998 25
1409 1475 25
1232 341 25
1561 1733 25
1400 1070 25
693 479 25
1268 262 25
1061 269 25
109 1350 25
1279 221 25
1783 1589 25
250 1729 25
434 1830 25
486 836 25
1320 1234 25
1397 150 25
1876 1080 25
1250 1484 25
331 1024 25
6 1132 25
296 1890 25
905 1688 25
792 951 25
483 145 25
1581 1828 25
295 1449 25
1601 1606 25
211 1630 25
634 1171 25
1380 1054 25
1862 790 25
665 425 25
654 380 25
1946 75 25
22 1876 25
133 568 25
962 1528 25
530 316 25
1738 1 25
509 105 25
242 403 25
1460 1927 25
889 49 25
1942 1719 25
1427 1541 25
1503 1199 25
899 1365 25
1661 476 25
1537 610 25
853 906 25
586 489 25
609 973 25
1650 216 25
1033 131 25
1113 722 24
714 1619 24
238 1948 24
1466 1800 24
135 641 24
951 1618 24
1403 25 24
733 984 24
516 431 24
1033 1720 24
1927 22 24
1520 1433 24
408 978 24
1983 537 24
1906 163 24
374 298 24
1193 1826 24
339 1763 24
1919 1378 24
1706 1545 24
200 1204 24
1383 775 24
1978 1481 24
239 70 24
1976 966 24
1699 899 24
1564 787 24
1660 1852 24
185 372 24
1617 331 24
464 1968 24
1095 1485 24
1734 701 24
1403 73 24
274 410 24
607 1340 24
828 1782 24
1154 1363 24
1177 1422 24
702 950 24
1506 1401 24
1076 1024 24
1184 211 24
1662 821 24
1569 889 24
344 1668 24
1660 718 24
791 761 24
547 1133 24
1234 165 24
695 75 24
1202 1917 24
987 118 24
1802 1037 24
601 1220 24
955 1959 24
1696 1078 24
676 1790 24
494 677 24
190 147 24
80 1560 24
1824 47 24
1252 1410 24
722 891 24
616 491 24
801 721 24
1094 437 24
1897 476 24
1276 870 24
1753 800 24
1779 1448 24
839 1198 24
1030 1974 24
1875 876 24
1856 206 24
1212 71 24
477 202 24
1764 582 24
1103 1028 24
978 1263 24
1841 1287 24
183 112 24
437 196 24
1458 1072 24
505 492 24
283 1988 24
1440 67 24
1760 1877 24
99 946 24
1783 288 24
604 205 24
1543 740 24
440 1994 24
1247 1498 24
964 726 23
1780 1503 23
1545 59 23
1848 1512 23
1255 757 23
408 467 23
135 422 23
948 1979 23
813 1735 23
1440 36 23
1468 1869 23
1691 1062 23
354 635 23
213 1758 23
859 1010 23
1264 510 23
1791 944 23
801 1728 23
69 1098 23
525 994 23
139 587 23
89 45 23
1620 1981 23
172 1906 23
734 1000 23
68 1485 23
550 1474 23
162 1056 23
1046 1814 23
1029 1628 23
1402 1823 23
423 947 23
1744 1774 23
281 85 23
35 1186 23
1113 1737 23
1350 1485 23
1568 1825 23
1728 288 23
1232 1965 23
1432 835 23
349 292 23
1640 1432 23
1887 451 23
1691 1781 23
522 988 23
1150 211 23
1998 1497 23
1949 1884 23
1732 1459 23
995 180 23
1962 1148 23
311 599 23
1773 1212 23
1228 1774 23
1352 1924 23
512 876 23
873 1240 23
632 444 23
723 1187 23
1904 1255 23
97 711 23
1180 1632 23
860 1121 23
1811 416 23
273 1207 23
1215 364 23
1896 1861 22
881 162 22
1767 48 22
229 1600 22
1240 757 22
736 1053 22
939 258 22
547 936 22
1797 663 22
12 1359 22
1268 198 22
1745 402 22
1296 1353 22
1072 414 22
754 1128 22
480 1229 22
1468 638 22
647 1132 22
404 1424 22
1509 196 22
890 1017 22
238 258 22
580 80 22
1138 596 22
785 1509 22
1366 1374 22
75 1594 22
1988 977 22
1641 1674 22
1127 526 22
1332 69 22
43 779 22
19 80 22
766 1021 22
1005 754 22
935 1231 22
1256 1021 22
331 1894 22
32 1630 22
561 1656 22
1998 500 22
1366 1732 22
1355 1049 22
915 529 22
577 1737 22
1505 220 22
1943 938 22
937 1753 22
816 1360 22
17 85 22
485 1204 22
1068 1358 22
113 877 22
179 1971 22
1958 893 22
1262 1665 22
1593 1894 22
1360 48 22
278 1885 22
335 661 22
100 983 22
218 171 22
1548 1374 22
1691 409 22
1267 1459 22
106 1248 22
1664 1905 22
449 777 22
1657 1264 22
1933 639 22
531 1555 22
581 1821 22
81 939 22
76 1371 22
687 1284 22
1718 1655 22
921 440 22
635 1737 21
1046 1901 21
1361 1234 21
78 791 21
1449 1704 21
371 1861 21
549 199 21
1187 771 21
247 1912 21
1711 569 21
797 1700 21
323 1749 21
456 448 21
184 723 21
650 1275 21
332 315 21
282 1849 21
1151 1177 21
803 946 21
968 875 21
1383 670 21
1951 1160 21
1354 1831 21
1297 943 21
843 1786 21
1638 359 21
1182 1195 21
1791 882 21
745 508 21
1953 522 21
1275 528 21
1443 1870 21
464 17 21
1964 1019 21
448 985 21
669 1826 21
695 1407 21
1313 1768 21
1729 1098 21
1087 213 21
961 217 21
232 1626 21
1213 1749 21
1024 1184 21
591 261 21
786 19 21
832 1734 21
88 1010 21
1501 1282 21
492 1561 21
1327 1763 21
1598 1975 21
1161 1329 21
675 168 21
255 583 21
1397 1830 21
1928 1873 21
1424 189 21
693 1179 21
671 246 21
1013 660 21
1307 71 21
467 512 21
1949 1077 21
750 1344 21
650 1571 21
1551 1691 21
1547 458 21
14 1173 21
503 126 21
388 1908 21
744 856 21
50 1026 21
470 518 21
688 1796 21
440 544 21
941 1093 21
1749 1116 21
1710 547 21
980 1511 21
1477 1169 21
574 429 21
835 1906 21
828 10 21
647 67 21
1377 711 21
115 654 20
1403 1969 20
852 657 20
610 1093 20
1936 473 20
150 1541 20
675 955 20
360 991 20
239 609 20
586 979 20
1304 1119 20
1283 859 20
620 945 20
1455 1197 20
1271 111 20
726 70 20
308 1843 20
840 279 20
296 1931 20
1599 225 20
439 1556 20
1053 1466 20
482 74 20
248 1335 20
1834 184 20
23 913 20
1481 712 20
1549 164 20
719 524 20
152 680 20
436 520 20
747 1350 20
740 1489 20
100 1874 20
326 917 20
415 1921 20
1128 1567 20
1744 671 20
308 808 20
182 844 20
757 230 20
1691 276 20
106 1776 20
541 1478 20
297 1288 20
339 1605 20
1610 1680 20
694 1042 20
799 1160 20
1618 290 20
1995 426 20
384 1863 20
1727 1262 20
1176 1615 20
149 1132 20
937 914 20
1906 1476 20
820 977 20
827 357 20
1208 226 20
1211 365 20
1180 1007 20
584 894 20
1937 1880 20
931 91 20
1474 1677 20
938 11 20
1631 1469 20
554 377 20
360 1739 19
1958 579 19
1668 602 19
370 422 19
1679 1222 19
650 1136 19
1162 636 19
1544 1367 19
1139 896 19
514 1388 19
787 916 19
603 399 19
919 1522 19
255 1892 19
602 811 19
1183 1460 19
244 9 19
1767 1149 19
1214 1344 19
1811 1125 19
203 1639 19
665 1189 19
739 312 19
1604 13 19
811 983 19
1576 1116 19
259 356 19
1005 1157 19
1850 352 19
1834 306 19
681 61 19
729 1774 19
1789 1255 19
355 1610 19
859 1956 19
839 1176 19
1792 305 19
1053 772 19
447 59 19
8 1359 19
147 392 19
732 1286 19
1930 280 19
462 351 19
858 1273 19
1445 1379 19
1738 667 19
1150 1192 19
906 347 19
565 1316 19
1479 1782 19
227 94 19
1544 620 19
1459 1014 19
749 983 19
388 1054 19
1592 1521 19
1782 698 19
1330 1013 19
1753 1874 19
238 828 19
1097 987 19
891 1922 19
498 1919 19
1718 1424 19
472 1199 19
413 53 19
375 393 19
768 1309 19
667 222 19
1733 704 19
477 1120 19
546 1253 19
830 1357 19
1977 1641 19
925 1984 19
769 1870 19
540 1275 19
931 961 19
490 655 19
516 467 19
1441 1950 19
131 1033 19
1339 1548 19
1533 137 19
53 1391 19
1275 1369 18
400 1408 18
1381 100 18
1668 708 18
498 487 18
1359 785 18
1481 800 18
387 1879 18
303 1723 18
1947 1803 18
249 393 18
72 580 18
662 1756 18
1284 150 18
549 1388 18
73 91 18
755 947 18
1036 76 18
925 1575 18
102 574 18
314 1535 18
1213 1632 18
1869 1158 18
1618 1251 18
1365 1431 18
969 1540 18
699 1327 18
1103 805 18
1483 808 18
1671 0 18
462 448 18
1292 270 18
473 908 18
326 1453 18
972 1865 18
246 85 18
351 1443 18
410 147 18
670 421 18
897 279 18
135 1958 18
895 175 18
1064 1052 18
1862 1948 18
1240 481 18
246 419 18
319 224 18
101 1697 18
1410 1986 18
1216 1513 18
1443 1994 18
1060 1293 18
1037 1094 18
1453 262 18
156 1964 18
1621 1339 18
657 921 18
1859 1422 18
850 1505 18
580 1892 18
649 1852 18
1388 911 18
1355 912 18
36 130 18
780 1261 18
1976 159 18
141 769 18
451 1352 18
947 767 18
1316 429 18
282 1284 18
661 269 17
1923 741 17
1219 145 17
1606 654 17
1629 1041 17
283 295 17
1807 1950 17
1371 1027 17
1002 1175 17
1246 1348 17
861 28 17
1087 264 17
763 812 17
92 137 17
1374 323 17
189 42 17
1273 227 17
1346 111 17
422 618 17
1826 1799 17
136 1687 17
95 1115 17
690 1834 17
1322 393 17
1402 171 17
1656 589 17
1637 1594 17
1116 897 17
662 1740 17
1311 1260 17
433 562 17
1374 361 17
1832 1789 17
321 634 17
219 1952 17
838 1529 17
1961 745 17
495 503 17
1033 1729 17
1218 856 17
1706 1970 17
1037 614 17
1125 786 17
822 1809 17
1764 1449 17
1533 1030 17
1131 875 17
1787 720 17
517 112 17
1330 1308 17
265 742 17
937 506 17
1142 672 17
258 1098 17
501 1238 17
1814 52 17
203 1176 17
1502 28 17
430 1875 17
931 1463 17
883 457 17
280 838 17
1005 1136 17
956 1910 17
1335 392 17
774 532 17
95 1810 17
1438 566 17
410 1635 17
1359 1105 17
1137 325 17
54 1719 17
1168 1708 17
1661 404 17
520 1806 17
605 1547 17
1870 359 17
989 1064 17
270 566 17
192 651 17
968 636 17
542 352 17
971 463 17
538 131 17
842 431 16
1653 96 16
1654 1343 16
1139 1533 16
1618 1870 16
567 1610 16
1486 1459 16
423 317 16
1043 1149 16
194 1538 16
1526 1794 16
5 1681 16
1083 1005 16
1987 1033 16
282 1075 16
1960 247 16
224 1169 16
1946 1542 16
681 1440 16
1482 1696 16
681 1078 16
344 600 16
1098 1649 16
736 174 16
1563 1778 16
398 424 16
1477 759 16
62 1558 16
1693 395 16
901 1636 16
1279 9 16
649 155 16
1850 1409 16
144 1677 16
1987 1566 16
1179 1202 16
204 1715 16
1981 1129 16
1940 1217 16
1816 915 16
658 609 16
241 270 16
1727 1921 16
284 1872 16
1760 1397 16
1426 1249 16
1425 1966 16
547 1215 16
224 1460 16
544 1576 16
1709 1603 16
919 1589 16
1940 1140 16
547 41 16
1961 1847 16
1928 806 16
479 1231 16
1877 1244 16
113 1371 16
1915 723 16
1434 750 16
1564 569 16
1839 552 16
548 1341 16
142 1485 16
684 10 16
1242 510 16
135 604 16
1909 1023 16
55 1389 16
304 133 16
1585 1064 16
1592 815 16
1398 1492 16
1221 1423 16
1530 1993 16
812 1931 16
534 1893 15
855 1062 15
1780 1749 15
1679 610 15
1882 1200 15
856 1193 15
241 1950 15
1530 37 15
352 152 15
775 926 15
1034 1534 15
480 1437 15
1026 392 15
20 559 15
1519 1758 15
43 73 15
258 82 15
1298 953 15
1460 224 15
1969 1739 15
663 830 15
382 526 15
812 347 15
1173 597 15
1255 1218 15
45 1412 15
1875 799 15
1897 1717 15
1236 1497 15
775 260 15
1795 1099 15
647 1800 15
93 1441 15
1966 651 15
1238 1759 15
1286 1973 15
546 1047 15
1607 1479 15
630 144 15
1239 132 15
16 1286 15
1382 395 15
409 1494 15
758 1326 15
225 209 15
1293 400 15
139 767 15
1277 1798 15
1903 78 15
1863 1280 15
326 378 15
1771 412 15
483 1971 15
541 804 15
1517 80 15
1854 1211 15
658 738 15
1832 776 15
1703 1726 15
1906 1322 15
1870 1847 15
1483 1171 15
586 78 15
1931 1967 15
956 859 15
1392 934 15
1246 1533 15
24 907 15
1955 1333 15
224 302 15
551 1137 14
1420 1418 14
1844 163 14
1504 388 14
1760 1670 14
1299 789 14
1360 1736 14
712 1848 14
635 1079 14
261 1136 14
1337 1586 14
298 58 14
1696 857 14
931 865 14
1285 263 14
1042 872 14
1490 1754 14
1441 931 14
760 881 14
1467 92 14
1338 1296 14
1440 1361 14
833 1909 14
923 260 14
1596 266 14
651 344 14
783 685 14
1523 1724 14
1530 1550 14
1426 78 14
174 1468 14
1219 292 14
729 13 14
1858 311 14
241 1044 14
1382 1762 14
1572 1062 14
1727 656 14
639 837 14
1563 519 14
1708 1424 14
1392 588 14
702 620 14
937 1706 14
726 384 14
1101 1802 14
82 182 14
1918 1291 14
763 1033 14
62 1227 14
1375 712 14
802 1623 14
1437 1303 14
446 252 14
1587 1408 14
1488 841 14
928 635 14
453 1483 14
666 1233 14
1015 267 14
41 1019 14
220 1023 14
1823 1937 14
489 1497 14
1612 1543 14
1450 678 14
526 339 14
1197 1411 14
1603 246 14
621 965 14
917 1411 14
553 342 14
645 1949 14
211 1492 14
263 611 14
1981 226 14
117 319 13
1327 1471 13
1370 969 13
56 1764 13
1972 92 13
243 1247 13
59 637 13
1723 1164 13
279 125 13
968 589 13
815 1617 13
1591 1057 13
598 487 13
1893 1567 13
941 589 13
1903 1933 13
655 405 13
1151 220 13
484 85 13
7 261 13
1783 1056 13
1761 461 13
306 1352 13
1641 993 13
1302 966 13
760 1575 13
1307 1488 13
1905 1345 13
582 1192 13
1987 1183 13
1318 1578 13
230 1647 13
55 1270 13
976 961 13
731 98 13
123 580 13
1295 1079 13
679 1340 13
752 374 13
1463 1210 13
665 1422 13
440 193 13
1556 1077 13
493 52 13
1220 1256 13
814 1128 13
1084 1103 13
561 940 13
1058 771 13
704 515 13
995 1893 13
1658 1183 13
539 215 13
1799 347 13
650 831 13
1949 1409 13
99 1528 13
727 14 13
15 677 13
1055 1230 13
1730 1743 13
1208 247 13
1510 811 13
1966 109 13
1648 842 13
1257 1225 13
1777 73 12
1521 1059 12
1163 936 12
467 364 12
181 735 12
1561 154 12
1764 28 12
1626 849 12
1663 749 12
321 236 12
1196 1915 12
303 1405 12
583 424 12
918 1150 12
103 638 12
248 1346 12
338 151 12
1234 1193 12
862 272 12
212 1850 12
882 1738 12
1750 1230 12
310 1907 12
350 66 12
1594 363 12
456 714 12
1849 1791 12
1014 1640 12
1729 1378 12
1688 204 12
380 1491 12
1862 118 12
1137 599 12
676 775 12
537 498 12
684 1607 12
1557 1420 12
1089 1477 12
1346 543 12
862 1463 12
1407 117 12
439 1733 12
387 1403 12
1089 1725 12
758 428 12
555 1961 12
1503 15 12
138 1184 12
282 1924 12
805 1896 12
1816 534 12
1693 18 12
90 1284 12
911 1720 12
1408 1148 12
78 1316 12
62 1526 12
889 1965 12
1441 278 12
1810 845 12
1251 1594 12
561 97 12
1890 274 12
671 1868 12
1661 1559 12
133 1562 12
627 1749 12
1420 414 12
116 1156 12
1077 162 12
332 3 12
368 1007 12
968 401 12
957 493 12
1692 1688 12
1517 1702 12
397 1278 11
330 1374 11
1577 246 11
1960 446 11
874 278 11
465 726 11
91 1136 11
959 90 11
1965 1023 11
666 1478 11
962 772 11
211 1504 11
1784 8 11
124 1502 11
1434 1048 11
1633 330 11
1974 164 11
1753 534 11
13 1199 11
1863 1009 11
1268 859 11
1949 1849 11
354 1462 11
487 1421 11
1303 1623 11
112 1486 11
771 324 11
338 1728 11
1213 1599 11
1485 426 11
580 1068 11
1861 550 11
894 1133 11
553 1183 11
449 551 11
1616 954 11
1202 657 11
1200 1417 11
712 734 11
32 1093 11
311 1551 11
1392 1418 11
374 895 11
665 1108 11
1530 1901 11
1718 208 11
23 511 11
1273 92 11
557 1967 11
1713 463 11
1541 452 11
884 1398 11
898 411 11
359 384 11
933 1205 11
1096 1086 11
890 1750 11
1891 774 11
835 1819 11
409 444 11
729 688 11
1009 1449 11
725 305 11
625 1861 11
1052 121 11
1366 149 11
1233 446 11
715 1020 11
1304 63 11
576 1976 11
899 357 11
1145 724 11
934 6 11
666 513 11
1671 686 11
511 70 11
1843 1195 11
109 917 10
286 375 10
1812 1201 10
1953 1633 10
988 1640 10
822 1348 10
751 1822 10
250 129 10
702 926 10
1626 916 10
1628 1388 10
1151 1166 10
737 1069 10
1542 1806 10
1794 532 10
1232 44 10
1679 1908 10
871 299 10
842 492 10
160 1567 10
973 1371 10
1571 1678 10
401 367 10
1117 220 10
1797 1533 10
214 1031 10
639 1273 10
226 945 10
1032 1290 10
1216 1136 10
285 1145 10
1082 1095 10
177 1142 10
957 1812 10
12 1342 10
1629 417 10
1743 378 10
375 1026 10
883 1047 10
1457 1894 10
459 1105 10
580 1017 10
956 999 10
210 336 10
1636 892 10
1782 281 10
1318 893 10
750 1877 10
343 1259 10
296 92 10
608 10 10
520 1909 10
723 556 10
144 1702 10
1330 353 10
1763 1100 10
1040 666 10
565 603 10
1190 1602 10
1864 1878 10
1435 1704 10
1599 1951 10
1014 162 10
933 388 10
138 368 10
1166 656 10
924 763 10
26 1859 10
930 82 10
1890 788 10
922 1516 10
1917 537 10
327 691 10
314 1662 10
71 951 10
1830 328 10
665 602 10
53 1154 10
778 1322 10
274 1223 9
36 204 9
343 159 9
329 692 9
1113 1117 9
209 735 9
1357 360 9
698 286 9
564 1157 9
1819 1104 9
1247 1742 9
1596 1970 9
722 1524 9
1094 1850 9
225 740 9
543 1807 9
717 1507 9
1699 1006 9
1036 24 9
731 1823 9
1859 21 9
457 841 9
878 458 9
1074 1080 9
787 445 9
976 498 9
1581 156 9
717 1171 9
1493 284 9
2 1892 9
29 1282 9
1233 829 9
776 340 9
1169 874 9
311 487 9
797 1688 9
649 1811 9
1653 1030 9
1296 1179 9
1152 619 9
415 1904 9
1072 1282 9
1209 423 9
1249 1527 9
843 1941 9
408 938 9
1838 240 9
929 1156 9
1368 871 9
1536 1691 9
219 1550 9
944 1480 9
1262 176 9
1086 933 9
634 862 9
328 408 9
1528 710 9
692 1243 9
1499 39 9
1044 615 9
818 1653 9
492 6 9
1601 1841 9
639 1115 9
1352 718 9
847 1679 9
1661 1348 9
1808 1810 9
960 1525 9
1966 256 9
93 1559 9
823 911 9
1284 195 9
1640 1286 9
880 846 9
1191 1818 9
1614 1972 9
1209 1941 9
668 741 9
1176 647 9
1346 279 9
1808 878 8
314 530 8
1933 766 8
427 450 8
1459 200 8
440 1115 8
1502 977 8
113 1029 8
1174 392 8
251 85 8
277 304 8
1037 1998 8
239 148 8
1175 763 8
474 1568 8
1284 239 8
59 1119 8
189 1262 8
1023 1161 8
1968 1568 8
1313 1245 8
1577 463 8
792 983 8
63 319 8
481 25 8
88 1094 8
1874 91 8
1140 1401 8
598 1509 8
304 1862 8
1895 1356 8
681 1266 8
1033 1005 8
584 74 8
466 1130 8
777 604 8
1306 400 8
879 276 8
1314 226 8
1444 777 8
1350 198 8
1730 1637 8
1081 1767 8
517 170 8
1105 86 8
1725 140 8
971 363 8
1789 1209 8
1092 606 8
590 1926 8
766 1006 8
351 34 8
1277 624 8
1318 456 8
337 1641 8
1435 1946 8
789 1818 8
566 1077 8
1397 296 8
335 1889 8
178 1138 8
827 1962 8
1787 307 8
171 1905 8
981 196 8
1577 1789 8
1999 1458 8
1113 632 8
300 728 8
1810 477 8
1940 1311 8
1172 545 8
155 1760 8
715 337 8
438 284 8
24 1237 8
188 1942 8
837 561 8
1412 748 8
884 759 8
12 184 8
1151 1758 8
1169 790 8
935 1567 8
1541 205 8
252 690 7
1002 372 7
1466 381 7
111 745 7
493 115 7
1864 1844 7
669 1404 7
1010 1844 7
1106 20 7
1566 645 7
267 1713 7
1874 671 7
327 230 7
120 1273 7
1055 1601 7
246 253 7
931 1815 7
684 1891 7
1519 251 7
644 1470 7
702 544 7
282 1267 7
357 362 7
1471 934 7
84 376 7
802 740 7
1002 726 7
1502 267 7
883 1796 7
169 1901 7
1732 1795 7
1070 1476 7
1157 228 7
773 481 7
1048 454 7
1765 994 7
1387 1438 7
1327 796 7
397 805 7
685 1435 7
961 439 7
672 315 7
1733 1598 7
1102 489 7
1576 1291 7
1443 1054 7
1165 2 7
320 660 7
399 1709 7
589 1867 7
1708 1618 7
638 685 7
1309 464 7
165 76 7
912 134 7
184 949 7
456 861 7
371 1864 7
571 1037 7
1288 1571 7
1846 1714 7
1453 1602 7
1911 1226 7
1083 1588 7
1752 130 7
1486 1870 7
97 1167 7
1570 1679 7
780 75 7
1238 613 7
299 662 7
1436 976 7
1779 1890 7
1074 826 7
1841 1979 7
1090 1941 7
1220 70 7
1046 1641 7
428 1748 7
1077 1962 7
1855 377 7
1615 1225 7
276 1505 7
698 1114 7
873 1383 7
732 837 7
960 2 7
1868 463 7
25 391 7
1465 1970 6
938 1775 6
1607 1826 6
1520 1506 6
1779 568 6
580 207 6
90 1269 6
171 1422 6
1832 782 6
197 1602 6
91 1094 6
1250 854 6
1434 1544 6
310 541 6
1496 1538 6
1874 1603 6
1529 601 6
1042 1965 6
1908 1878 6
1266 1865 6
569 513 6
189 1574 6
687 726 6
1172 926 6
1241 200 6
455 1465 6
165 1151 6
594 582 6
1789 428 6
337 738 6
1344 566 6
1116 559 6
1627 1337 6
1054 292 6
401 1008 6
1255 76 6
1494 565 6
1034 123 6
1531 849 6
1513 1975 6
689 657 6
24 1201 6
1898 1523 6
665 1466 6
1802 692 6
1428 1077 6
133 346 6
1341 336 6
1987 1297 6
365 1748 6
1408 951 6
999 481 6
426 827 6
487 892 6
1083 680 6
1218 1745 6
1068 180 6
1345 1011 6
1052 1197 6
988 191 6
1330 1199 6
399 59 6
288 1908 6
254 326 6
1622 1824 6
1411 1171 6
999 286 6
651 1988 6
1536 1207 6
35 81 6
1480 1430 6
1899 462 6
135 866 6
1743 367 6
390 323 5
1664 1856 5
1182 41 5
876 570 5
1093 786 5
165 1108 5
1455 1336 5
1910 1811 5
405 768 5
364 1435 5
687 273 5
1299 1743 5
742 244 5
1269 1420 5
826 809 5
1587 611 5
1289 603 5
1139 1374 5
377 462 5
128 1374 5
910 1545 5
1058 720 5
1149 472 5
209 1270 5
1993 1100 5
382 508 5
1668 1153 5
896 1127 5
1944 1288 5
186 1143 5
1487 791 5
1538 508 5
1605 1490 5
442 651 5
388 26 5
1839 4 5
1090 439 5
1582 454 5
323 278 5
490 995 5
335 635 5
976 1689 5
1439 1952 5
946 279 5
1487 1749 5
772 1694 5
1244 211 5
240 173 5
1397 1046 5
982 165 5
664 258 5
398 1994 5
1657 275 5
460 109 5
143 1957 5
335 1637 5
1697 1931 5
1625 1439 5
139 223 5
1556 1684 5
713 1640 5
1502 591 5
858 227 5
1968 1432 5
1823 791 5
594 748 5
1702 477 5
1995 1533 5
1098 1604 5
1009 936 5
998 1131 5
1370 255 5
50 474 5
1651 407 5
1779 703 5
1710 1687 5
1645 1054 4
376 580 4
581 1648 4
847 694 4
1803 1514 4
1492 732 4
906 752 4
1439 1300 4
1668 1085 4
628 1356 4
1017 344 4
302 1443 4
1788 1558 4
961 1230 4
1080 1869 4
127 1208 4
1102 765 4
1154 99 4
394 402 4
1918 410 4
252 1030 4
857 1867 4
1972 1831 4
1561 1759 4
89 874 4
1579 1510 4
1209 1351 4
1889 1462 4
991 735 4
924 1037 4
1845 281 4
537 65 4
732 251 4
189 1986 4
1612 533 4
466 1203 4
1765 518 4
1626 39 4
126 1442 4
370 722 4
1589 372 4
992 1585 4
513 1229 4
1447 1690 4
863 558 4
1775 1631 4
685 980 4
1568 722 4
628 1329 4
1628 1548 4
123 482 4
522 105 4
1283 892 4
1419 1369 4
360 931 4
404 285 4
655 1418 4
1544 104 4
242 390 4
299 1051 4
521 501 4
27 256 4
537 1647 4
255 1154 3
1967 1862 3
1622 1518 3
1604 1583 3
220 1175 3
1934 1498 3
571 775 3
1193 144 3
16 1413 3
135 1103 3
503 834 3
1636 920 3
1123 804 3
736 952 3
1968 834 3
1100 1484 3
502 1204 3
946 1954 3
905 1500 3
456 1001 3
1581 1872 3
600 1678 3
1029 1627 3
1413 1057 3
1151 1108 3
1408 174 3
1910 1870 3
1967 1088 3
1218 246 3
1884 1006 3
1969 363 3
1019 1962 3
1378 419 3
1394 898 3
1586 1033 3
592 749 3
1400 628 3
729 315 3
459 290 3
1328 484 3
1472 95 3
84 724 3
554 1152 3
1135 1290 3
100 1411 3
439 946 3
208 1677 3
416 1664 3
1420 1475 3
751 533 3
1287 979 3
79 1482 3
1267 1688 3
1689 1219 3
1787 384 3
1165 511 3
1 448 3
1937 1705 3
478 102 3
1544 250 3
1973 323 3
1129 1279 3
653 1539 3
251 1596 3
1738 1946 3
1055 1427 3
49 1650 3
1000 1739 3
41 698 3
389 881 3
1317 1158 3
1992 948 3
1714 1123 3
1704 365 3
1596 1708 3
721 1336 3
1449 951 3
397 1992 3
1702 1087 3
2 1245 3
1118 26 3
185 1806 3
1437 1079 3
111 1702 3
716 1173 3
214 1637 3
1154 1313 3
1563 1145 3
1029 876 3
1985 402 3
974 185 3
1219 554 3
595 1299 3
1812 1849 3
83 1332 3
317 1378 3
1244 1376 3
151 1152 3
1431 952 3
892 126 3
1043 1032 2
1140 456 2
1437 128 2
1601 390 2
436 1823 2
370 578 2
739 765 2
587 1941 2
485 1741 2
1027 1570 2
90 1281 2
186 770 2
1438 1210 2
1561 491 2
1045 458 2
1494 1720 2
999 1887 2
183 1289 2
274 1288 2
839 601 2
1966 1787 2
912 1473 2
1179 1891 2
1465 1972 2
1483 1187 2
1913 1558 2
1378 72 2
1512 504 2
1029 1131 2
381 256 2
1048 313 2
1902 1614 2
332 79 2
708 1877 2
1745 250 2
406 1858 2
512 708 2
1923 1648 2
1194 536 2
1613 726 2
1481 1443 2
90 1885 2
1175 695 2
1473 691 2
444 1100 2
1097 270 2
128 1108 2
1566 1562 2
502 1961 2
936 447 2
1723 1376 2
853 766 2
50 1848 2
1887 681 2
684 806 2
1197 1158 2
82 1227 2
1472 1531 2
1625 487 2
1930 1694 2
540 470 2
1159 1301 2
291 784 2
338 842 2
1140 403 2
808 1143 2
680 1862 2
33 38 2
1120 1171 2
212 60 2
15 1761 2
547 1183 2
1693 912 2
1218 1957 2
1123 331 2
670 315 2
321 1058 2
218 331 2
153 1326 2
1215 249 2
18 1414 2
1447 1353 2
265 1296 1
1506 1647 1
1878 131 1
1410 750 1
349 1018 1
339 224 1
1886 353 1
70 136 1
177 1489 1
1773 261 1
809 1151 1
951 766 1
396 703 1
1492 910 1
1073 1833 1
1578 1698 1
243 957 1
1728 1391 1
1447 1545 1
559 878 1
1024 1439 1
1129 217 1
838 204 1
1592 26 1
1301 1893 1
1220 1295 1
493 435 1
1579 763 1
1997 1013 1
1828 696 1
1804 40 1
1678 595 1
1767 236 1
428 340 1
1688 1309 1
107 479 1
1283 1777 1
1616 190 1
398 1174 1
877 799 1
1832 1064 1
839 1273 1
702 1842 1
291 1831 1
10 1359 1
1403 334 1
94 690 1
1138 697 1
125 1105 1
845 1166 1
877 1297 1
350 1743 1
244 1685 1
556 352 1
505 308 1
66 1138 1
686 657 1
906 1155 1
1705 1305 1
1300 48 1
186 535 1
1331 1379 1
1441 803 1
176 1048 1
1523 1609 1
1 1288 1
99 1683 1
1893 795 1
1499 696 1
1928 331 1
298 404 1
1708 1841 1
496 637 1
628 489 1
892 876 1
189 1401 1
1935 1192 1
437 1801 1
597 516 1
644 537 1
1670 433 1
