0 111 100
0 174 100
0 614 100
0 666 100
1 317 100
1 547 100
1 740 100
1 765 100
1 776 100
2 726 100
2 796 100
3 147 100
3 282 100
3 348 100
3 609 100
3 785 100
4 163 100
4 305 100
4 490 100
4 631 100
4 749 100
4 795 100
5 132 100
5 566 100
6 82 100
6 355 100
6 434 100
7 408 100
7 440 100
8 385 100
8 414 100
8 512 100
8 596 100
10 305 100
12 176 100
12 507 100
12 509 100
13 505 100
13 549 100
13 670 100
13 779 100
14 74 100
14 518 100
14 532 100
14 715 100
15 646 100
16 66 100
17 273 100
17 373 100
17 392 100
17 439 100
18 694 100
19 76 100
19 514 100
19 527 100
19 543 100
19 596 100
19 634 100
19 709 100
20 155 100
20 409 100
21 355 100
21 485 100
21 548 100
21 760 100
22 175 100
23 209 100
24 17 100
24 195 100
24 457 100
24 536 100
24 561 100
25 147 100
25 252 100
25 308 100
25 436 100
25 528 100
25 661 100
25 694 100
25 724 100
26 125 100
26 426 100
27 75 100
27 193 100
27 707 100
27 761 100
28 58 100
28 424 100
29 48 100
29 207 100
29 456 100
29 481 100
29 762 100
29 769 100
30 424 100
30 506 100
30 553 100
30 783 100
31 281 100
32 273 100
32 411 100
32 724 100
33 45 100
33 217 100
33 350 100
33 759 100
34 431 100
35 733 100
35 741 100
36 378 100
37 501 100
37 677 100
38 66 100
38 139 100
38 263 100
38 546 100
39 102 100
39 232 100
39 297 100
39 369 100
39 406 100
39 426 100
40 139 100
40 342 100
41 750 100
41 763 100
41 795 100
42 9 100
42 141 100
42 406 100
42 699 100
43 50 100
43 146 100
43 233 100
43 415 100
43 428 100
43 710 100
43 719 100
44 270 100
44 487 100
44 660 100
44 662 100
45 41 100
45 272 100
45 504 100
46 278 100
46 280 100
46 461 100
46 635 100
46 676 100
47 227 100
47 577 100
47 707 100
48 139 100
48 171 100
48 378 100
48 587 100
48 647 100
49 162 100
49 401 100
49 416 100
49 780 100
50 508 100
50 710 100
50 767 100
51 14 100
51 191 100
51 248 100
51 571 100
51 636 100
52 57 100
52 255 100
52 503 100
53 370 100
53 663 100
54 480 100
54 586 100
54 654 100
54 734 100
54 794 100
55 11 100
55 143 100
55 584 100
56 203 100
56 204 100
56 264 100
56 364 100
56 623 100
57 40 100
57 395 100
57 747 100
58 632 100
58 757 100
59 16 100
59 177 100
60 14 100
60 366 100
60 588 100
60 605 100
60 710 100
61 445 100
61 716 100
61 747 100
62 137 100
63 113 100
63 189 100
63 473 100
63 496 100
64 203 100
65 98 100
65 157 100
65 255 100
65 281 100
65 429 100
65 629 100
65 679 100
66 695 100
67 95 100
68 98 100
68 426 100
68 515 100
68 541 100
68 730 100
69 4 100
69 200 100
69 284 100
69 308 100
70 243 100
70 272 100
70 279 100
70 567 100
71 72 100
71 313 100
72 440 100
73 176 100
73 659 100
73 746 100
74 623 100
75 123 100
75 223 100
75 435 100
75 543 100
75 609 100
76 400 100
76 703 100
77 763 100
78 63 100
78 621 100
78 789 100
79 64 100
79 502 100
79 595 100
80 294 100
80 521 100
80 777 100
81 395 100
82 119 100
82 178 100
82 225 100
82 371 100
82 400 100
82 652 100
82 680 100
82 683 100
83 54 100
83 658 100
83 683 100
84 15 100
84 34 100
85 8 100
85 92 100
85 145 100
85 545 100
86 292 100
86 415 100
87 327 100
87 481 100
88 269 100
88 514 100
89 444 100
89 534 100
90 151 100
90 201 100
90 242 100
90 360 100
90 435 100
90 490 100
90 585 100
91 245 100
91 625 100
92 78 100
92 108 100
92 229 100
92 248 100
93 13 100
93 117 100
93 273 100
94 23 100
94 37 100
94 548 100
95 147 100
95 760 100
96 121 100
96 146 100
96 357 100
96 718 100
97 107 100
97 456 100
98 231 100
98 319 100
99 461 100
99 507 100
100 482 100
101 2 100
101 113 100
101 169 100
101 533 100
102 100 100
102 151 100
102 159 100
102 196 100
102 322 100
102 360 100
102 497 100
102 509 100
102 631 100
102 751 100
103 406 100
103 693 100
104 220 100
104 347 100
104 414 100
104 487 100
104 574 100
104 685 100
104 781 100
105 57 100
105 85 100
105 88 100
105 724 100
106 281 100
106 668 100
106 737 100
107 140 100
107 198 100
107 562 100
108 141 100
108 269 100
108 276 100
108 479 100
108 566 100
108 603 100
109 177 100
109 619 100
109 697 100
110 239 100
110 600 100
110 629 100
111 87 100
111 617 100
111 656 100
112 45 100
112 95 100
112 120 100
112 271 100
112 337 100
112 372 100
113 73 100
113 102 100
113 158 100
113 212 100
113 515 100
113 578 100
113 585 100
114 338 100
115 2 100
115 322 100
115 399 100
116 445 100
117 728 100
117 771 100
118 316 100
118 578 100
118 608 100
118 731 100
119 15 100
119 263 100
119 491 100
119 540 100
120 75 100
120 280 100
120 347 100
120 403 100
120 799 100
121 428 100
122 398 100
123 550 100
123 721 100
123 779 100
124 148 100
124 273 100
124 590 100
124 645 100
124 680 100
124 740 100
125 16 100
125 21 100
125 54 100
125 450 100
125 462 100
125 610 100
126 97 100
126 130 100
126 160 100
126 415 100
126 448 100
126 605 100
127 318 100
127 613 100
127 671 100
128 414 100
128 730 100
128 761 100
129 403 100
129 509 100
130 108 100
130 237 100
131 255 100
131 527 100
131 689 100
131 722 100
132 222 100
132 618 100
132 719 100
132 749 100
133 97 100
133 223 100
134 58 100
134 345 100
134 672 100
135 526 100
136 119 100
136 662 100
137 164 100
137 284 100
139 68 100
139 198 100
139 235 100
139 332 100
139 542 100
140 44 100
140 545 100
141 73 100
141 312 100
141 403 100
141 437 100
141 593 100
142 66 100
142 292 100
142 557 100
142 753 100
143 540 100
143 685 100
144 14 100
144 547 100
144 692 100
145 613 100
146 378 100
146 467 100
146 607 100
147 106 100
147 245 100
148 423 100
148 458 100
148 693 100
148 708 100
149 237 100
149 351 100
149 549 100
149 614 100
150 167 100
150 381 100
152 87 100
152 185 100
152 652 100
153 187 100
154 30 100
154 260 100
154 288 100
154 475 100
154 480 100
155 5 100
155 112 100
155 162 100
155 187 100
155 225 100
155 409 100
155 504 100
155 548 100
155 690 100
156 597 100
156 723 100
157 71 100
157 560 100
157 693 100
158 470 100
158 486 100
158 741 100
159 494 100
159 579 100
159 750 100
159 765 100
160 296 100
160 571 100
161 133 100
161 169 100
161 526 100
162 38 100
162 302 100
162 444 100
163 650 100
164 139 100
164 742 100
164 790 100
165 599 100
166 43 100
166 684 100
167 179 100
168 140 100
168 159 100
168 219 100
168 526 100
169 627 100
170 8 100
170 172 100
170 303 100
170 341 100
170 571 100
171 92 100
171 181 100
171 446 100
171 462 100
172 5 100
172 384 100
172 402 100
173 19 100
173 250 100
173 340 100
173 754 100
174 83 100
174 231 100
174 260 100
174 750 100
175 235 100
175 584 100
176 169 100
176 187 100
176 499 100
177 440 100
177 472 100
177 740 100
178 458 100
178 575 100
179 208 100
179 496 100
179 531 100
179 661 100
180 65 100
180 135 100
180 266 100
180 350 100
180 527 100
180 683 100
180 746 100
181 401 100
181 504 100
181 704 100
182 339 100
182 409 100
182 413 100
182 523 100
182 576 100
182 756 100
183 599 100
184 140 100
184 439 100
185 330 100
185 577 100
185 620 100
185 662 100
185 722 100
185 732 100
186 459 100
186 496 100
186 682 100
186 797 100
187 112 100
187 581 100
188 21 100
188 141 100
188 211 100
188 407 100
189 13 100
189 73 100
189 313 100
189 479 100
189 733 100
190 63 100
190 144 100
190 175 100
190 444 100
190 621 100
190 683 100
190 703 100
191 283 100
192 32 100
192 139 100
193 349 100
194 214 100
194 302 100
194 312 100
195 114 100
195 505 100
196 5 100
196 54 100
196 365 100
196 419 100
197 76 100
197 411 100
197 697 100
197 783 100
198 448 100
198 766 100
199 48 100
199 302 100
199 401 100
199 754 100
200 102 100
201 167 100
201 299 100
201 439 100
201 514 100
201 515 100
201 756 100
202 187 100
202 668 100
203 243 100
203 518 100
203 633 100
203 642 100
204 709 100
205 37 100
205 79 100
205 212 100
205 720 100
206 440 100
207 343 100
209 38 100
209 124 100
209 391 100
209 454 100
209 509 100
209 648 100
209 780 100
210 113 100
210 228 100
210 550 100
210 583 100
212 399 100
212 477 100
212 714 100
212 721 100
212 786 100
212 795 100
213 638 100
213 755 100
214 466 100
215 65 100
215 325 100
215 468 100
216 2 100
216 126 100
216 544 100
216 672 100
217 23 100
217 86 100
217 390 100
217 423 100
217 635 100
217 636 100
217 744 100
217 751 100
217 783 100
218 569 100
219 90 100
219 197 100
219 756 100
220 229 100
220 332 100
220 449 100
222 80 100
222 296 100
223 146 100
223 169 100
223 388 100
223 594 100
224 74 100
224 411 100
224 466 100
225 182 100
225 401 100
225 551 100
225 748 100
225 777 100
226 56 100
226 59 100
226 87 100
226 90 100
226 623 100
227 122 100
227 200 100
227 418 100
227 630 100
228 405 100
228 549 100
229 591 100
230 102 100
230 191 100
230 419 100
230 427 100
230 574 100
230 703 100
230 766 100
232 504 100
232 633 100
233 477 100
234 76 100
235 18 100
235 322 100
235 678 100
236 218 100
236 381 100
237 240 100
237 486 100
238 52 100
238 390 100
238 414 100
238 708 100
239 769 100
240 322 100
240 675 100
240 733 100
241 35 100
241 48 100
241 144 100
241 152 100
241 413 100
241 594 100
241 771 100
242 31 100
242 133 100
242 363 100
244 10 100
244 246 100
244 368 100
244 538 100
244 542 100
244 597 100
244 619 100
244 736 100
245 47 100
245 123 100
245 276 100
245 475 100
245 752 100
246 88 100
246 545 100
246 561 100
246 734 100
247 409 100
247 413 100
247 566 100
247 773 100
248 139 100
248 155 100
248 205 100
248 277 100
248 719 100
248 751 100
249 716 100
250 159 100
250 280 100
250 283 100
250 538 100
251 147 100
251 290 100
252 264 100
252 412 100
253 5 100
253 203 100
253 224 100
253 336 100
253 485 100
253 490 100
253 601 100
253 686 100
253 736 100
254 23 100
254 139 100
254 308 100
254 735 100
255 149 100
255 177 100
255 281 100
255 694 100
256 335 100
257 143 100
257 798 100
258 96 100
258 179 100
258 237 100
258 343 100
259 412 100
259 466 100
260 90 100
260 634 100
261 120 100
261 153 100
261 464 100
262 140 100
262 798 100
263 285 100
263 538 100
263 576 100
263 627 100
264 672 100
264 705 100
264 749 100
265 211 100
265 231 100
265 327 100
265 421 100
265 445 100
265 532 100
265 533 100
266 214 100
266 406 100
267 70 100
267 108 100
267 501 100
268 360 100
268 473 100
268 797 100
269 603 100
269 719 100
271 59 100
271 179 100
271 339 100
271 457 100
271 558 100
272 91 100
272 350 100
272 602 100
273 486 100
274 169 100
274 228 100
274 479 100
274 790 100
275 340 100
275 660 100
276 133 100
276 369 100
276 712 100
277 371 100
277 590 100
277 655 100
278 342 100
278 434 100
278 614 100
279 300 100
279 454 100
280 415 100
280 790 100
281 664 100
281 783 100
282 180 100
282 434 100
282 458 100
282 493 100
282 554 100
282 643 100
284 559 100
285 13 100
285 131 100
285 206 100
285 274 100
286 110 100
286 214 100
286 510 100
286 542 100
286 661 100
286 788 100
287 320 100
287 490 100
287 585 100
287 609 100
288 728 100
289 234 100
289 339 100
289 530 100
289 651 100
290 64 100
290 381 100
291 339 100
292 33 100
293 34 100
293 72 100
293 74 100
293 138 100
294 208 100
294 635 100
295 298 100
295 674 100
295 723 100
296 307 100
296 351 100
297 8 100
297 180 100
297 346 100
297 351 100
298 650 100
299 382 100
299 572 100
300 268 100
300 367 100
300 559 100
300 590 100
300 751 100
300 796 100
301 96 100
301 317 100
301 556 100
301 647 100
301 667 100
302 677 100
303 82 100
303 236 100
303 505 100
303 671 100
304 38 100
304 267 100
304 559 100
304 739 100
305 110 100
305 242 100
305 418 100
306 318 100
306 492 100
306 788 100
307 331 100
307 460 100
308 575 100
309 320 100
310 530 100
310 673 100
312 11 100
312 120 100
312 442 100
312 519 100
312 567 100
312 611 100
312 656 100
313 104 100
313 123 100
313 179 100
313 651 100
313 729 100
313 761 100
314 164 100
314 503 100
315 40 100
315 224 100
315 379 100
315 738 100
316 58 100
316 93 100
316 305 100
316 726 100
317 178 100
317 221 100
317 501 100
317 639 100
318 145 100
318 398 100
318 485 100
319 237 100
319 260 100
319 474 100
320 160 100
320 234 100
320 349 100
320 456 100
320 492 100
320 668 100
320 694 100
321 75 100
321 529 100
322 58 100
322 443 100
322 453 100
322 647 100
322 693 100
322 772 100
323 68 100
323 117 100
323 261 100
323 368 100
323 604 100
323 741 100
324 132 100
324 504 100
324 720 100
325 174 100
326 201 100
326 402 100
326 661 100
327 149 100
327 582 100
327 787 100
328 392 100
328 401 100
329 80 100
329 313 100
329 482 100
329 513 100
329 790 100
330 193 100
330 703 100
331 30 100
331 189 100
331 495 100
332 272 100
333 96 100
333 478 100
333 581 100
333 684 100
334 169 100
334 237 100
334 669 100
334 677 100
335 35 100
335 62 100
335 116 100
335 292 100
335 784 100
336 64 100
336 180 100
336 304 100
336 459 100
337 301 100
337 307 100
337 459 100
337 606 100
337 729 100
338 315 100
338 487 100
338 783 100
339 330 100
341 7 100
341 328 100
341 586 100
342 13 100
342 580 100
343 280 100
343 402 100
344 444 100
344 506 100
345 59 100
345 385 100
346 159 100
346 177 100
346 348 100
346 505 100
346 704 100
348 69 100
348 284 100
348 389 100
349 202 100
349 436 100
349 670 100
350 97 100
350 128 100
350 191 100
350 552 100
351 157 100
351 545 100
351 645 100
352 412 100
352 431 100
352 698 100
352 742 100
353 744 100
354 544 100
354 579 100
355 80 100
355 254 100
355 292 100
356 331 100
356 657 100
356 777 100
357 190 100
357 557 100
357 702 100
358 389 100
358 495 100
359 469 100
360 73 100
360 342 100
360 431 100
361 206 100
361 704 100
362 776 100
363 135 100
363 258 100
363 346 100
363 531 100
363 729 100
363 737 100
364 159 100
364 777 100
365 560 100
366 109 100
366 152 100
366 178 100
366 268 100
366 504 100
366 607 100
366 725 100
366 774 100
367 180 100
367 186 100
367 700 100
368 249 100
368 682 100
368 778 100
368 792 100
369 19 100
369 493 100
371 162 100
371 337 100
372 215 100
372 290 100
372 389 100
372 793 100
373 266 100
373 424 100
373 446 100
373 468 100
373 662 100
374 176 100
375 58 100
375 137 100
375 306 100
375 488 100
375 794 100
376 794 100
377 382 100
377 632 100
378 80 100
378 690 100
378 755 100
379 370 100
379 443 100
379 572 100
380 278 100
380 425 100
380 451 100
380 551 100
380 643 100
381 66 100
381 369 100
382 24 100
382 212 100
382 587 100
382 711 100
382 712 100
383 444 100
383 679 100
384 334 100
384 580 100
384 657 100
385 665 100
386 69 100
386 320 100
387 33 100
387 415 100
387 795 100
388 658 100
389 195 100
389 353 100
389 553 100
389 702 100
390 21 100
390 677 100
391 592 100
392 154 100
392 228 100
392 359 100
393 95 100
393 369 100
393 464 100
393 466 100
393 759 100
394 528 100
397 273 100
397 402 100
397 575 100
397 623 100
397 668 100
398 39 100
398 146 100
398 197 100
398 328 100
398 389 100
398 496 100
398 593 100
398 705 100
398 786 100
399 103 100
399 473 100
400 20 100
400 68 100
400 124 100
400 270 100
400 588 100
400 670 100
400 704 100
402 96 100
402 224 100
402 261 100
402 494 100
402 547 100
402 755 100
403 14 100
403 143 100
403 305 100
404 200 100
404 730 100
405 119 100
405 140 100
405 521 100
406 220 100
406 751 100
407 75 100
407 249 100
407 381 100
408 81 100
408 792 100
409 248 100
409 255 100
409 478 100
410 89 100
410 181 100
410 210 100
410 262 100
410 473 100
410 536 100
410 577 100
411 141 100
411 230 100
411 287 100
411 475 100
411 662 100
412 204 100
412 472 100
413 366 100
415 278 100
415 282 100
415 389 100
415 691 100
415 727 100
416 0 100
416 348 100
416 451 100
416 502 100
416 779 100
417 283 100
417 537 100
417 553 100
418 495 100
418 523 100
418 636 100
418 648 100
418 675 100
418 704 100
418 730 100
419 319 100
420 790 100
421 647 100
422 114 100
422 134 100
422 658 100
423 70 100
423 317 100
423 393 100
423 415 100
423 468 100
424 239 100
424 284 100
424 726 100
425 298 100
425 444 100
425 512 100
425 552 100
425 567 100
425 708 100
426 183 100
426 565 100
427 22 100
427 91 100
427 93 100
427 431 100
427 453 100
428 55 100
428 235 100
428 268 100
428 387 100
429 27 100
429 382 100
430 106 100
430 165 100
430 495 100
430 628 100
430 724 100
431 80 100
432 205 100
433 362 100
433 552 100
434 134 100
434 161 100
434 208 100
434 224 100
434 473 100
434 769 100
435 91 100
435 389 100
435 507 100
435 740 100
435 750 100
436 132 100
436 682 100
436 683 100
437 148 100
437 193 100
437 480 100
437 668 100
438 173 100
438 464 100
438 600 100
439 584 100
440 454 100
440 749 100
441 164 100
442 125 100
442 372 100
442 612 100
442 674 100
443 448 100
443 740 100
443 741 100
444 636 100
445 194 100
445 462 100
445 516 100
446 310 100
446 545 100
447 54 100
447 190 100
448 95 100
449 184 100
449 497 100
451 164 100
451 217 100
451 444 100
451 798 100
452 82 100
452 161 100
452 659 100
452 709 100
452 771 100
453 272 100
453 311 100
453 656 100
454 220 100
455 175 100
455 467 100
455 669 100
456 132 100
456 535 100
456 610 100
456 748 100
457 246 100
457 497 100
457 545 100
458 696 100
459 97 100
459 139 100
459 335 100
459 369 100
459 413 100
459 786 100
460 110 100
460 414 100
460 533 100
461 377 100
462 38 100
462 375 100
462 556 100
462 680 100
463 283 100
463 390 100
464 166 100
465 278 100
465 478 100
465 503 100
466 38 100
466 323 100
466 444 100
466 667 100
467 117 100
467 231 100
467 233 100
467 784 100
468 325 100
468 665 100
469 198 100
469 291 100
469 409 100
469 504 100
469 512 100
470 0 100
470 367 100
470 738 100
471 182 100
471 354 100
471 361 100
471 632 100
472 382 100
472 574 100
472 576 100
472 701 100
472 731 100
472 746 100
473 143 100
473 329 100
473 415 100
474 246 100
474 365 100
474 655 100
474 693 100
475 190 100
475 490 100
475 503 100
475 547 100
476 40 100
476 58 100
476 155 100
476 769 100
477 294 100
477 307 100
477 430 100
477 432 100
477 523 100
478 20 100
478 108 100
478 361 100
478 371 100
478 411 100
478 529 100
478 558 100
478 586 100
478 589 100
478 656 100
480 115 100
480 593 100
480 727 100
481 84 100
481 195 100
481 535 100
482 371 100
482 407 100
482 521 100
482 762 100
483 201 100
484 22 100
484 472 100
484 664 100
484 721 100
484 790 100
485 594 100
485 601 100
486 404 100
486 413 100
486 607 100
487 67 100
488 111 100
488 148 100
488 592 100
489 356 100
489 538 100
489 578 100
490 562 100
492 217 100
492 255 100
492 257 100
493 404 100
493 708 100
494 36 100
494 184 100
494 248 100
494 618 100
495 110 100
495 286 100
495 399 100
495 472 100
496 161 100
496 181 100
496 596 100
497 78 100
497 80 100
497 82 100
497 103 100
497 224 100
497 455 100
497 558 100
497 691 100
497 728 100
499 2 100
499 673 100
499 682 100
500 10 100
500 102 100
500 330 100
500 535 100
501 53 100
501 131 100
501 545 100
502 539 100
502 668 100
503 436 100
504 743 100
504 773 100
505 711 100
506 640 100
507 88 100
507 331 100
507 595 100
507 605 100
508 466 100
508 781 100
509 497 100
509 626 100
509 695 100
510 529 100
511 119 100
511 350 100
512 50 100
512 106 100
512 298 100
512 661 100
513 156 100
513 547 100
513 771 100
514 13 100
514 435 100
515 114 100
515 128 100
515 403 100
515 409 100
515 503 100
515 552 100
515 725 100
516 15 100
516 278 100
516 753 100
517 6 100
517 48 100
518 303 100
518 396 100
519 283 100
519 369 100
519 444 100
520 79 100
520 351 100
520 367 100
521 60 100
521 493 100
521 633 100
521 646 100
521 651 100
522 465 100
522 527 100
523 4 100
523 219 100
523 283 100
523 669 100
524 104 100
524 493 100
524 583 100
524 635 100
525 784 100
526 129 100
526 652 100
526 730 100
527 203 100
527 251 100
527 264 100
527 365 100
528 682 100
529 16 100
529 92 100
529 342 100
530 105 100
530 220 100
530 299 100
530 338 100
530 486 100
531 76 100
531 115 100
531 313 100
531 433 100
532 367 100
532 415 100
532 469 100
533 178 100
533 193 100
533 581 100
533 685 100
533 725 100
534 797 100
535 787 100
536 44 100
536 230 100
536 374 100
536 562 100
537 547 100
537 774 100
538 21 100
538 193 100
538 792 100
539 79 100
539 183 100
539 346 100
540 312 100
540 481 100
540 634 100
542 59 100
542 353 100
542 400 100
543 263 100
543 536 100
543 654 100
543 750 100
544 219 100
544 484 100
544 634 100
546 202 100
546 420 100
546 448 100
546 590 100
547 155 100
547 708 100
548 57 100
548 97 100
548 119 100
548 124 100
548 135 100
548 175 100
549 666 100
550 7 100
550 282 100
550 423 100
550 541 100
550 658 100
550 681 100
551 609 100
551 790 100
552 105 100
552 489 100
552 680 100
552 753 100
552 774 100
552 790 100
554 629 100
555 237 100
556 288 100
556 419 100
556 498 100
557 125 100
557 173 100
558 371 100
558 560 100
558 583 100
558 592 100
559 491 100
559 632 100
560 134 100
560 623 100
560 687 100
561 659 100
561 734 100
561 778 100
562 121 100
562 615 100
562 777 100
563 259 100
563 359 100
564 372 100
564 392 100
564 681 100
564 717 100
565 251 100
565 387 100
565 531 100
565 591 100
565 797 100
566 238 100
566 319 100
566 476 100
567 50 100
567 51 100
567 352 100
567 428 100
567 445 100
567 576 100
567 611 100
568 56 100
568 109 100
568 366 100
569 68 100
569 552 100
569 695 100
570 121 100
570 407 100
571 29 100
571 274 100
572 32 100
572 170 100
572 211 100
572 241 100
572 416 100
572 519 100
572 579 100
572 623 100
573 543 100
573 555 100
574 110 100
574 146 100
574 150 100
574 490 100
574 497 100
574 678 100
575 592 100
575 603 100
575 759 100
576 241 100
576 456 100
576 759 100
577 384 100
578 156 100
578 349 100
578 586 100
579 108 100
579 567 100
579 699 100
580 59 100
580 250 100
581 97 100
583 126 100
583 480 100
583 570 100
583 716 100
585 718 100
585 788 100
586 412 100
586 684 100
587 265 100
587 637 100
588 159 100
589 194 100
589 704 100
590 316 100
591 373 100
591 384 100
591 392 100
591 467 100
591 564 100
592 30 100
592 154 100
592 422 100
592 613 100
593 206 100
594 43 100
594 88 100
594 115 100
594 289 100
594 491 100
594 557 100
594 669 100
595 381 100
595 536 100
595 565 100
596 240 100
596 329 100
596 410 100
596 447 100
596 510 100
596 726 100
597 165 100
597 444 100
597 596 100
598 174 100
598 199 100
598 350 100
598 655 100
599 20 100
599 64 100
599 69 100
599 299 100
599 323 100
599 379 100
599 448 100
600 112 100
600 249 100
600 394 100
600 564 100
600 731 100
601 113 100
601 125 100
601 254 100
601 335 100
601 448 100
601 650 100
602 259 100
602 281 100
602 282 100
602 401 100
603 105 100
603 189 100
603 353 100
603 395 100
603 418 100
603 559 100
603 708 100
604 238 100
604 670 100
605 110 100
605 348 100
606 244 100
606 530 100
606 574 100
607 245 100
607 692 100
608 217 100
608 574 100
609 142 100
609 296 100
609 368 100
610 36 100
610 315 100
610 525 100
611 22 100
611 214 100
611 229 100
611 414 100
612 337 100
612 539 100
612 754 100
614 434 100
614 567 100
615 342 100
615 412 100
616 25 100
616 174 100
616 260 100
616 413 100
616 550 100
617 364 100
617 614 100
618 453 100
618 585 100
619 265 100
619 676 100
620 56 100
620 735 100
621 136 100
621 576 100
621 596 100
621 634 100
621 763 100
622 15 100
622 118 100
622 149 100
622 794 100
623 380 100
623 652 100
624 234 100
625 59 100
625 80 100
626 68 100
626 231 100
626 244 100
626 531 100
626 787 100
627 240 100
627 539 100
628 552 100
628 584 100
628 643 100
628 674 100
629 159 100
629 182 100
631 13 100
631 101 100
631 336 100
631 463 100
631 706 100
632 54 100
632 118 100
632 480 100
632 523 100
633 14 100
633 30 100
633 36 100
633 265 100
633 514 100
634 253 100
634 514 100
634 633 100
634 738 100
634 786 100
635 268 100
635 702 100
636 27 100
636 386 100
636 454 100
637 141 100
637 173 100
637 512 100
637 590 100
638 22 100
638 487 100
638 555 100
638 605 100
640 778 100
641 1 100
641 55 100
641 369 100
641 782 100
642 67 100
642 233 100
642 236 100
643 513 100
643 559 100
643 721 100
644 60 100
644 265 100
645 291 100
645 292 100
645 377 100
646 100 100
646 611 100
646 614 100
647 25 100
647 199 100
647 791 100
648 100 100
648 523 100
648 650 100
649 389 100
650 26 100
650 348 100
650 506 100
651 325 100
652 359 100
652 474 100
653 269 100
653 381 100
653 433 100
653 636 100
654 22 100
654 99 100
654 451 100
654 657 100
655 145 100
655 361 100
655 459 100
655 599 100
656 97 100
656 106 100
656 327 100
656 329 100
656 393 100
656 645 100
657 790 100
658 404 100
658 617 100
658 626 100
658 709 100
660 103 100
660 382 100
660 399 100
660 488 100
661 102 100
661 736 100
661 750 100
662 283 100
662 647 100
663 697 100
664 328 100
664 503 100
665 421 100
665 473 100
665 477 100
665 727 100
666 291 100
666 605 100
666 621 100
666 632 100
667 358 100
667 496 100
667 775 100
667 793 100
668 127 100
668 405 100
668 456 100
669 398 100
670 127 100
670 133 100
670 275 100
670 277 100
670 666 100
670 791 100
671 220 100
671 418 100
671 449 100
672 231 100
673 337 100
673 764 100
673 778 100
674 371 100
674 793 100
674 799 100
675 119 100
675 570 100
675 649 100
675 665 100
675 709 100
675 765 100
676 274 100
676 460 100
676 520 100
677 85 100
677 167 100
678 339 100
678 565 100
679 164 100
679 334 100
679 651 100
679 756 100
680 135 100
680 235 100
680 576 100
681 59 100
681 165 100
681 365 100
682 19 100
682 208 100
682 248 100
683 168 100
683 467 100
683 496 100
683 585 100
683 766 100
684 122 100
684 377 100
685 592 100
685 645 100
686 191 100
686 207 100
686 342 100
686 370 100
687 349 100
687 452 100
687 453 100
687 501 100
688 160 100
688 256 100
688 589 100
688 764 100
689 57 100
689 269 100
689 399 100
689 721 100
690 473 100
690 729 100
691 332 100
691 710 100
692 240 100
693 232 100
693 647 100
693 691 100
694 117 100
694 192 100
694 240 100
694 471 100
695 45 100
695 404 100
695 516 100
695 706 100
696 109 100
696 326 100
696 343 100
697 78 100
697 175 100
697 242 100
697 461 100
697 614 100
698 31 100
698 292 100
698 319 100
698 369 100
698 396 100
699 32 100
699 531 100
699 593 100
700 384 100
700 508 100
700 760 100
701 562 100
702 65 100
703 90 100
703 321 100
703 571 100
704 39 100
704 52 100
704 86 100
704 260 100
705 371 100
705 465 100
705 562 100
706 52 100
706 156 100
707 36 100
707 172 100
707 366 100
707 482 100
708 201 100
708 507 100
708 570 100
709 39 100
711 2 100
712 16 100
712 85 100
712 283 100
713 156 100
713 203 100
713 322 100
713 408 100
713 418 100
713 486 100
713 680 100
714 116 100
714 513 100
714 731 100
715 205 100
715 291 100
716 167 100
716 543 100
716 575 100
716 743 100
718 298 100
718 433 100
718 486 100
718 725 100
719 456 100
719 734 100
720 633 100
721 739 100
721 774 100
722 50 100
722 481 100
723 184 100
724 562 100
724 611 100
724 665 100
726 114 100
726 613 100
726 745 100
727 169 100
727 702 100
728 768 100
729 297 100
729 543 100
729 760 100
730 482 100
730 542 100
731 230 100
731 300 100
731 316 100
731 548 100
731 668 100
731 685 100
732 10 100
732 473 100
733 43 100
733 703 100
734 72 100
734 475 100
734 710 100
735 85 100
735 138 100
735 168 100
735 515 100
736 399 100
736 700 100
737 398 100
737 606 100
739 47 100
739 80 100
739 453 100
739 625 100
740 0 100
740 95 100
740 497 100
740 564 100
740 568 100
740 789 100
740 794 100
741 42 100
741 163 100
741 474 100
741 623 100
741 719 100
742 46 100
742 129 100
742 440 100
742 508 100
743 142 100
743 308 100
743 579 100
743 741 100
744 106 100
744 264 100
744 594 100
744 724 100
745 79 100
745 161 100
745 790 100
746 151 100
746 233 100
746 513 100
746 640 100
747 111 100
747 191 100
747 194 100
747 253 100
748 28 100
748 195 100
748 441 100
750 180 100
750 355 100
750 500 100
750 635 100
751 95 100
751 394 100
752 271 100
752 424 100
752 750 100
753 213 100
753 239 100
753 346 100
753 652 100
753 699 100
754 155 100
754 328 100
754 383 100
754 564 100
754 638 100
755 129 100
755 336 100
755 534 100
756 388 100
756 713 100
757 320 100
757 427 100
757 532 100
758 244 100
758 546 100
758 795 100
759 187 100
759 796 100
760 235 100
760 256 100
760 318 100
760 473 100
761 172 100
761 413 100
761 629 100
762 43 100
762 361 100
762 699 100
763 412 100
763 500 100
763 607 100
763 636 100
765 171 100
765 326 100
766 428 100
766 590 100
767 3 100
768 138 100
769 146 100
769 295 100
769 528 100
770 450 100
771 442 100
771 772 100
772 308 100
772 540 100
772 579 100
772 697 100
772 739 100
773 141 100
773 641 100
773 678 100
773 759 100
773 790 100
774 750 100
775 54 100
775 290 100
775 761 100
775 790 100
775 793 100
778 227 100
778 316 100
778 355 100
778 430 100
778 504 100
779 61 100
779 154 100
780 116 100
780 164 100
780 571 100
780 709 100
780 776 100
781 364 100
782 364 100
782 771 100
783 242 100
783 642 100
783 769 100
784 80 100
784 307 100
784 723 100
785 155 100
785 517 100
785 595 100
786 63 100
786 108 100
786 128 100
786 308 100
786 715 100
787 385 100
788 407 100
788 767 100
789 161 100
789 296 100
789 554 100
789 791 100
790 139 100
790 183 100
790 424 100
790 608 100
790 696 100
791 6 100
791 9 100
791 44 100
791 186 100
791 400 100
792 78 100
792 365 100
792 383 100
792 557 100
793 235 100
793 373 100
793 781 100
794 320 100
795 270 100
795 564 100
795 733 100
796 633 100
797 283 100
797 433 100
797 436 100
797 537 100
798 8 100
798 437 100
798 506 100
798 757 100
798 777 100
798 780 100
799 320 100
799 427 100
799 490 100
799 714 100
