561 321 99
744 459 99
612 540 99
422 713 99
330 657 99
783 406 99
296 608 99
578 336 99
127 46 99
492 575 99
20 655 99
328 107 99
558 475 99
445 364 99
681 273 99
0 155 99
699 460 99
173 300 99
646 601 99
557 169 99
786 29 99
37 91 99
516 510 99
127 275 99
147 114 99
95 200 99
534 510 99
252 249 99
112 600 99
756 14 99
194 337 99
666 72 99
745 741 99
522 573 99
191 373 99
146 552 99
455 596 99
559 305 99
452 713 99
601 29 99
196 364 99
119 314 99
787 599 99
466 523 99
501 28 99
514 70 99
279 306 99
773 547 99
163 200 99
713 229 99
186 549 99
365 228 99
435 72 99
534 33 99
247 639 99
578 606 99
689 722 99
468 98 99
245 494 99
464 691 99
209 53 99
405 162 99
761 305 99
15 160 99
345 664 99
68 112 99
475 405 99
245 511 99
788 234 99
346 758 99
309 215 99
583 521 99
181 467 99
140 20 99
611 141 99
89 371 99
516 223 99
51 754 99
27 709 99
625 528 99
271 554 99
438 175 99
158 407 99
547 221 99
168 628 99
659 626 99
591 155 99
371 770 99
298 314 99
706 397 99
660 265 99
311 215 99
164 88 99
83 195 99
176 683 99
110 128 99
148 704 99
584 270 99
163 447 99
595 736 99
593 496 99
747 445 99
465 71 99
356 411 99
472 208 99
194 454 99
220 132 99
196 397 99
426 79 99
135 564 99
798 595 99
159 129 99
402 672 99
797 764 99
448 700 99
125 130 99
395 106 99
77 685 99
572 530 98
522 38 98
62 67 98
476 365 98
374 679 98
336 489 98
402 536 98
789 211 98
700 59 98
63 650 98
610 677 98
176 778 98
583 151 98
315 36 98
673 479 98
431 673 98
78 173 98
48 303 98
186 733 98
73 231 98
101 427 98
768 785 98
16 453 98
381 758 98
201 474 98
324 662 98
757 512 98
158 575 98
675 86 98
477 465 98
479 515 98
155 73 98
363 275 98
193 579 98
453 190 98
650 580 98
367 28 98
174 664 98
614 380 98
204 677 98
188 582 98
450 433 98
164 264 98
363 732 98
314 747 98
189 190 98
756 203 98
484 215 98
533 112 98
538 439 98
586 333 98
284 310 98
455 387 98
4 457 98
500 734 98
289 33 98
751 628 98
119 346 98
708 282 98
667 434 98
197 38 98
231 46 98
98 185 98
94 17 98
621 689 98
528 547 98
501 540 98
532 36 98
316 270 98
714 359 98
263 212 98
100 150 98
381 507 98
114 608 98
166 14 98
699 640 98
237 180 98
490 151 98
125 258 98
284 360 98
794 765 98
154 304 98
664 134 98
748 181 98
493 111 98
475 586 98
343 186 98
194 637 98
457 334 98
333 35 98
203 437 98
738 597 98
471 706 98
758 584 98
786 201 98
439 128 98
340 167 98
436 47 98
358 570 98
389 318 98
551 26 98
763 367 98
290 481 98
7 314 98
627 548 98
244 396 98
645 587 98
356 765 98
676 353 98
157 75 98
617 676 98
435 490 98
598 221 98
371 678 98
128 671 98
494 430 98
542 503 98
547 567 98
359 81 98
405 483 98
514 302 98
647 400 98
751 270 98
201 342 98
23 746 98
323 135 98
528 762 98
193 635 98
318 753 98
609 108 98
639 52 98
416 394 98
48 340 98
772 382 98
612 484 98
235 737 97
42 476 97
509 408 97
97 89 97
569 575 97
33 760 97
243 533 97
56 472 97
403 85 97
247 702 97
781 258 97
134 44 97
146 334 97
730 579 97
366 359 97
399 717 97
184 788 97
531 585 97
97 622 97
5 45 97
77 115 97
616 219 97
113 645 97
715 336 97
207 302 97
724 219 97
108 26 97
104 777 97
160 312 97
208 117 97
474 703 97
728 377 97
455 308 97
604 165 97
21 488 97
794 465 97
7 502 97
216 371 97
481 508 97
539 693 97
148 593 97
323 441 97
178 386 97
331 399 97
657 8 97
643 606 97
110 23 97
487 306 97
318 623 97
457 102 97
210 593 97
438 281 97
282 122 97
106 445 97
558 699 97
544 504 97
748 51 97
553 360 97
413 463 97
333 488 97
98 578 97
210 713 97
370 205 97
130 247 97
378 471 97
263 46 97
525 298 97
105 784 97
224 301 97
664 550 97
358 104 97
201 610 97
575 586 97
604 388 97
157 697 97
31 133 97
438 181 97
595 327 97
647 122 97
192 610 97
137 578 97
282 542 97
274 677 97
587 450 97
48 246 97
174 370 97
347 691 97
142 241 97
760 495 97
386 296 97
471 559 97
20 36 97
60 488 97
220 274 97
456 446 97
21 104 97
352 286 97
545 447 97
412 356 97
132 408 97
182 559 97
468 15 97
427 768 97
376 676 97
362 410 97
730 704 97
71 352 97
555 505 97
669 65 97
177 367 97
435 410 97
494 519 97
65 735 97
652 638 97
259 586 97
696 301 97
764 471 96
65 501 96
157 451 96
438 579 96
216 151 96
733 711 96
122 224 96
742 454 96
734 136 96
264 490 96
158 252 96
580 397 96
288 551 96
97 198 96
734 146 96
550 666 96
287 292 96
419 465 96
114 43 96
606 649 96
91 81 96
192 206 96
677 680 96
6 440 96
511 501 96
774 99 96
335 300 96
333 368 96
495 675 96
271 779 96
242 102 96
328 665 96
523 655 96
30 235 96
375 105 96
86 623 96
171 599 96
224 58 96
448 362 96
423 293 96
320 604 96
525 302 96
205 614 96
329 39 96
380 518 96
152 478 96
552 502 96
768 301 96
202 788 96
509 128 96
353 561 96
39 8 96
291 279 96
336 477 96
214 92 96
226 71 96
667 243 96
97 335 96
176 103 96
482 160 96
182 55 96
625 107 96
239 587 96
414 378 96
550 563 96
648 723 96
376 466 96
261 493 96
155 772 96
716 224 96
737 158 96
666 175 96
732 124 96
203 735 96
760 542 96
257 412 96
194 148 96
439 525 96
223 143 96
93 255 96
167 391 96
234 56 96
775 318 96
165 273 96
69 755 96
353 755 96
617 690 96
254 707 96
692 783 96
59 226 96
644 161 96
388 271 96
279 203 96
17 35 96
709 503 96
547 457 96
166 517 96
672 614 96
727 296 96
465 192 96
383 779 96
758 509 96
258 343 96
189 746 96
392 468 96
160 549 96
172 30 96
710 24 96
306 683 96
565 327 96
490 760 96
330 285 96
39 263 96
762 497 96
188 113 96
343 97 96
413 278 96
375 74 96
222 428 96
152 163 96
22 692 96
732 746 96
146 675 96
339 92 96
77 264 96
518 368 96
9 12 96
478 275 96
775 524 96
350 144 96
531 19 96
326 440 96
759 57 96
126 681 96
462 422 96
115 109 96
614 596 95
372 713 95
743 461 95
485 392 95
733 130 95
634 520 95
102 45 95
600 70 95
49 184 95
732 790 95
27 153 95
454 690 95
131 279 95
680 283 95
260 524 95
634 391 95
83 555 95
656 498 95
711 495 95
527 641 95
743 333 95
292 569 95
440 106 95
394 110 95
437 166 95
12 554 95
150 293 95
611 691 95
466 220 95
556 720 95
14 79 95
348 410 95
743 197 95
317 745 95
131 652 95
608 390 95
330 595 95
703 644 95
518 147 95
582 250 95
90 272 95
264 214 95
793 305 95
159 224 95
582 233 95
793 783 95
121 552 95
90 223 95
438 372 95
99 414 95
4 449 95
519 295 95
336 87 95
303 488 95
683 176 95
419 703 95
770 253 95
633 343 95
610 793 95
308 213 95
427 698 95
768 20 95
346 5 95
496 404 95
320 275 95
465 464 95
356 236 95
0 182 95
215 672 95
223 59 95
368 579 95
122 307 95
318 15 95
264 484 95
331 119 95
778 749 95
764 9 95
318 789 95
730 19 95
278 677 95
540 131 95
123 487 95
687 654 95
10 608 95
623 36 95
89 643 95
787 531 95
501 597 95
230 235 95
99 535 95
443 715 95
611 654 95
330 443 95
280 644 95
776 532 95
541 343 95
18 524 95
110 460 95
792 656 95
697 167 95
344 729 95
724 352 95
126 253 95
617 670 95
558 603 95
164 265 95
469 693 95
791 379 95
157 54 95
593 35 95
55 734 95
712 431 95
585 148 95
519 41 95
318 499 95
663 449 95
613 666 95
309 719 94
288 495 94
120 697 94
652 3 94
263 508 94
225 623 94
658 194 94
212 222 94
205 552 94
464 680 94
729 333 94
298 210 94
421 214 94
630 757 94
510 486 94
53 177 94
319 563 94
513 92 94
503 193 94
578 317 94
690 719 94
604 607 94
150 249 94
404 672 94
175 750 94
665 175 94
680 396 94
305 501 94
155 764 94
690 406 94
478 711 94
762 230 94
570 5 94
72 396 94
245 60 94
308 271 94
789 483 94
786 114 94
787 417 94
260 1 94
345 380 94
478 239 94
394 331 94
559 292 94
83 80 94
474 349 94
27 503 94
320 528 94
370 566 94
596 514 94
346 285 94
545 178 94
542 217 94
465 451 94
518 722 94
647 301 94
608 462 94
327 792 94
159 743 94
457 564 94
647 256 94
279 382 94
570 704 94
429 441 94
713 189 94
607 762 94
80 317 94
13 191 94
635 429 94
432 545 94
711 569 94
92 261 94
287 171 94
23 132 94
531 700 94
405 383 94
293 99 94
281 393 94
4 107 94
305 290 94
188 311 94
616 710 94
443 463 94
481 13 94
455 348 94
351 565 94
409 264 94
776 789 94
788 407 94
761 31 94
655 20 94
740 380 94
635 9 94
359 352 94
658 39 94
487 18 94
489 497 94
238 378 94
486 498 94
494 216 94
76 145 94
678 600 94
215 336 94
318 691 94
575 619 94
702 280 94
582 389 94
416 631 94
539 328 94
144 334 94
378 32 94
567 603 94
262 112 94
759 238 94
562 786 94
102 390 94
145 744 94
367 575 94
374 349 94
91 238 94
747 372 94
715 119 94
468 652 94
688 304 94
695 687 94
101 216 94
351 413 93
380 283 93
182 441 93
750 452 93
662 300 93
785 644 93
487 596 93
42 162 93
216 412 93
784 471 93
363 200 93
611 414 93
537 318 93
372 268 93
58 463 93
18 678 93
400 644 93
655 240 93
570 403 93
515 459 93
587 81 93
529 256 93
727 386 93
362 226 93
642 521 93
495 112 93
536 5 93
65 404 93
787 30 93
750 729 93
243 175 93
575 618 93
587 620 93
566 300 93
5 159 93
490 730 93
354 709 93
59 199 93
494 226 93
682 258 93
139 559 93
597 284 93
560 429 93
674 510 93
175 303 93
56 182 93
516 764 93
179 308 93
732 492 93
173 178 93
84 112 93
181 463 93
543 173 93
779 247 93
343 14 93
45 445 93
72 287 93
164 753 93
555 361 93
681 6 93
370 239 93
483 617 93
777 424 93
721 135 93
487 29 93
281 353 93
584 601 93
755 516 93
496 502 93
168 83 93
134 621 93
82 335 93
265 113 93
242 433 93
369 444 93
659 296 93
244 475 93
536 405 93
85 251 93
87 564 93
574 605 93
10 353 93
740 572 93
166 315 93
763 630 93
57 537 93
103 610 93
466 428 93
15 589 93
194 392 93
144 196 93
277 428 93
550 49 93
436 466 93
393 795 93
780 462 93
193 523 93
354 411 93
54 433 93
253 384 93
13 225 93
26 754 93
42 667 93
157 391 93
12 212 93
651 137 93
592 464 92
433 743 92
716 519 92
728 44 92
169 205 92
484 740 92
487 124 92
474 131 92
265 35 92
377 514 92
359 597 92
321 222 92
213 635 92
638 461 92
427 292 92
173 501 92
14 621 92
706 784 92
425 202 92
631 57 92
239 315 92
71 572 92
734 505 92
769 728 92
546 257 92
676 702 92
421 139 92
280 436 92
424 132 92
756 701 92
160 248 92
65 249 92
662 657 92
514 315 92
351 329 92
463 399 92
515 333 92
350 273 92
253 95 92
126 156 92
545 239 92
313 18 92
505 605 92
318 297 92
69 589 92
737 78 92
470 388 92
462 396 92
155 729 92
59 273 92
120 177 92
441 213 92
438 70 92
571 548 92
703 576 92
2 389 92
157 656 92
387 176 92
163 779 92
756 475 92
493 563 92
509 334 92
217 524 92
763 72 92
90 92 92
355 591 92
226 662 92
490 687 92
706 742 92
738 760 92
780 552 92
90 722 92
349 227 92
446 709 92
426 755 92
597 530 92
293 556 92
656 101 92
108 426 92
306 460 92
341 163 92
412 395 92
623 674 92
153 666 92
435 32 92
22 303 92
555 442 92
199 75 92
776 388 92
529 223 92
199 116 92
70 296 92
171 299 92
605 475 92
231 18 92
761 107 92
178 602 92
408 671 92
46 375 92
157 512 92
232 432 92
347 16 92
710 390 92
287 118 92
431 34 92
449 149 92
241 198 92
757 234 92
212 378 92
635 557 92
763 206 92
60 595 92
309 201 92
670 312 92
126 577 92
720 334 92
760 583 92
205 49 92
40 34 92
492 724 92
436 599 92
766 176 92
368 35 92
2 752 92
48 679 92
179 101 92
280 601 92
346 681 92
286 167 92
595 642 92
21 411 92
727 430 92
399 553 92
677 327 92
219 619 92
799 746 92
166 747 92
375 269 91
662 152 91
359 75 91
55 214 91
406 611 91
694 454 91
380 524 91
448 55 91
745 363 91
386 32 91
200 238 91
287 63 91
58 180 91
732 150 91
111 294 91
794 635 91
123 576 91
234 358 91
130 334 91
503 119 91
427 543 91
521 524 91
28 446 91
56 600 91
748 119 91
28 533 91
467 175 91
476 411 91
603 365 91
223 725 91
73 330 91
234 699 91
187 440 91
712 496 91
99 79 91
66 35 91
638 303 91
555 270 91
531 566 91
32 654 91
602 51 91
173 635 91
310 232 91
145 313 91
708 296 91
590 550 91
104 256 91
146 648 91
752 10 91
232 416 91
407 442 91
257 653 91
612 781 91
478 447 91
637 296 91
667 56 91
258 536 91
266 736 91
753 308 91
594 343 91
249 384 91
247 558 91
95 323 91
23 792 91
308 262 91
183 727 91
252 508 91
673 616 91
691 451 91
68 536 91
785 292 91
490 264 91
579 49 91
753 570 91
301 235 91
93 115 91
705 794 91
443 285 91
467 272 91
709 724 91
385 776 91
236 353 91
85 371 91
646 734 91
38 300 91
288 395 91
660 551 91
374 650 91
449 742 91
50 263 91
615 401 91
88 355 91
417 132 91
769 410 91
342 349 91
677 686 91
593 84 91
81 414 91
212 87 91
101 119 91
177 722 91
402 353 91
293 709 91
358 487 91
184 94 91
43 152 91
607 515 90
587 648 90
770 768 90
325 732 90
69 742 90
457 220 90
578 425 90
328 43 90
453 379 90
492 706 90
3 354 90
542 336 90
776 579 90
721 674 90
641 514 90
358 241 90
319 504 90
302 66 90
606 195 90
451 315 90
409 780 90
685 275 90
352 689 90
305 658 90
563 625 90
436 461 90
436 543 90
277 139 90
792 7 90
576 226 90
70 608 90
484 661 90
10 609 90
186 523 90
459 424 90
155 351 90
774 355 90
739 176 90
208 379 90
34 318 90
785 342 90
116 675 90
728 312 90
642 761 90
624 760 90
107 623 90
0 87 90
403 754 90
108 208 90
642 40 90
594 635 90
377 276 90
39 140 90
148 320 90
31 542 90
693 341 90
754 43 90
281 173 90
363 796 90
492 252 90
353 600 90
17 218 90
347 244 90
782 10 90
275 355 90
446 363 90
792 399 90
25 172 90
116 511 90
428 677 90
670 16 90
250 482 90
176 157 90
324 148 90
22 39 90
148 588 90
283 246 90
666 762 90
729 366 90
519 196 90
737 639 90
214 343 90
193 1 90
270 720 90
64 599 90
378 731 90
352 308 90
642 480 90
1 339 90
79 477 90
499 232 90
222 3 90
613 762 90
759 728 90
778 490 90
507 129 90
69 416 90
205 299 90
297 13 90
128 785 90
448 192 90
175 632 90
537 68 90
318 271 90
180 280 90
432 636 90
432 165 90
234 143 90
71 550 90
657 148 90
437 791 90
754 369 90
72 752 90
691 283 90
349 186 90
484 562 89
413 231 89
718 598 89
86 84 89
169 523 89
791 596 89
654 671 89
685 244 89
730 249 89
7 310 89
243 218 89
622 291 89
177 453 89
716 515 89
93 51 89
204 364 89
622 134 89
651 39 89
403 504 88
120 731 88
468 522 88
198 235 88
797 379 88
494 492 88
477 617 88
88 202 88
742 415 88
778 319 88
552 152 88
297 541 88
793 461 88
113 180 88
495 483 88
424 306 88
262 507 88
651 677 88
686 93 88
731 767 88
202 205 88
275 671 88
420 338 87
23 648 87
358 693 87
297 154 87
351 10 87
372 265 87
141 618 87
9 627 87
353 724 87
209 418 87
427 614 87
393 386 87
64 53 87
460 530 87
585 494 87
610 424 87
247 253 87
483 411 87
281 19 87
482 107 87
542 428 87
57 304 87
516 644 87
267 295 87
432 71 87
263 532 87
149 593 87
10 340 86
420 23 86
42 671 86
176 8 86
82 314 86
4 254 86
599 701 86
555 428 86
403 490 86
778 654 86
620 8 86
235 312 86
551 36 86
611 51 86
617 326 86
793 634 86
617 304 86
531 15 86
555 786 86
136 186 86
148 291 86
13 421 86
80 597 86
179 716 86
496 589 86
527 424 86
634 463 86
546 704 85
538 730 85
680 791 85
780 685 85
281 603 85
788 500 85
551 256 85
347 607 85
218 111 85
45 718 85
52 535 85
326 54 85
312 563 85
698 34 85
590 789 85
594 451 85
37 355 85
277 302 85
573 674 85
531 729 85
628 658 85
433 130 85
753 86 85
343 11 85
662 275 84
668 795 84
104 431 84
8 323 84
59 507 84
207 406 84
391 798 84
130 230 84
337 355 84
49 611 84
415 730 84
116 281 84
520 552 84
425 471 84
700 721 84
444 183 84
650 204 84
622 777 84
376 18 83
333 277 83
387 191 83
734 112 83
771 641 83
629 612 83
397 597 83
310 769 83
73 34 83
490 384 83
680 683 83
128 547 83
333 718 83
647 607 83
743 278 83
238 484 83
213 139 83
509 395 83
791 164 83
722 482 83
369 486 82
704 202 82
719 329 82
199 141 82
61 397 82
719 244 82
322 568 82
681 69 82
483 643 82
273 602 82
367 36 82
605 501 82
326 294 82
747 282 82
192 12 82
228 169 82
668 96 82
509 651 82
112 531 82
432 193 82
57 251 82
692 228 82
650 287 82
475 377 82
301 58 81
510 718 81
420 576 81
573 776 81
413 196 81
15 152 81
497 551 81
227 157 81
790 721 81
541 642 81
86 660 81
713 723 81
481 232 81
149 187 81
735 1 81
699 363 81
414 132 81
554 529 81
680 642 81
121 671 81
168 63 81
129 666 81
407 781 81
442 672 81
752 440 81
102 793 81
491 646 80
482 780 80
126 254 80
372 262 80
282 689 80
389 307 80
710 3 80
105 230 80
521 389 80
158 188 80
140 234 80
481 494 80
471 147 80
145 333 80
202 493 80
50 329 80
768 727 80
618 208 80
323 128 80
148 375 80
182 399 80
655 746 80
756 687 80
793 314 80
153 429 80
241 687 80
542 456 80
82 293 80
286 267 80
391 29 79
149 720 79
542 775 79
57 756 79
136 600 79
681 505 79
173 516 79
306 674 79
143 478 79
123 189 79
6 337 79
510 229 79
578 296 79
68 525 79
656 584 79
200 365 79
217 208 79
315 795 79
39 88 79
210 184 79
332 749 79
66 36 79
84 66 79
544 759 79
280 353 79
288 678 79
336 246 79
670 484 79
241 458 79
761 29 79
574 676 79
176 406 79
792 486 79
144 574 79
213 683 79
624 278 79
47 228 79
349 787 79
298 250 79
160 728 79
700 674 79
657 234 79
790 288 79
374 270 79
250 77 79
237 420 79
388 737 79
261 271 79
43 475 79
141 132 79
198 438 79
719 147 79
625 206 79
759 787 79
440 383 79
740 465 79
212 46 78
163 330 78
601 645 78
210 617 78
39 614 78
540 771 78
149 2 78
323 779 78
626 534 78
397 32 78
771 678 78
362 789 78
212 70 78
561 268 78
515 133 78
332 590 78
268 539 78
547 732 78
323 522 78
267 471 78
145 623 78
680 264 78
617 641 78
643 251 78
551 743 78
160 767 78
240 534 78
632 720 78
194 210 78
530 569 78
189 303 78
535 448 78
779 738 78
149 639 78
496 220 78
29 705 78
552 212 78
693 653 78
435 97 78
28 636 78
368 309 78
674 432 78
626 85 78
59 289 78
66 54 78
740 347 78
95 494 78
103 682 78
771 742 78
453 334 78
409 522 78
387 204 78
342 155 78
547 480 78
271 770 77
538 452 77
628 771 77
94 57 77
267 389 77
87 338 77
294 550 77
783 466 77
791 775 77
248 57 77
525 694 77
690 49 77
207 90 77
478 236 77
587 243 77
322 39 77
453 287 77
546 142 77
171 425 77
591 372 77
181 534 77
415 335 77
695 70 77
224 684 77
755 287 77
764 425 77
279 244 77
85 403 77
51 167 77
143 15 77
140 663 77
486 98 77
346 315 77
621 437 77
142 15 77
527 455 77
183 175 77
472 344 77
262 766 77
600 503 77
212 253 77
511 323 77
706 494 77
756 634 77
624 56 77
752 436 77
54 200 77
260 172 77
24 11 77
130 663 77
93 357 77
225 361 77
276 249 77
628 686 77
792 283 77
260 447 77
303 776 77
789 329 77
338 684 76
749 263 76
126 135 76
784 661 76
768 201 76
626 205 76
493 552 76
189 62 76
299 388 76
39 194 76
768 630 76
766 767 76
184 547 76
669 788 76
431 123 76
22 404 76
657 493 76
559 112 76
599 515 76
117 383 76
510 506 76
595 442 76
45 638 76
344 281 76
439 445 76
74 61 76
357 263 76
397 533 76
405 380 76
263 64 76
420 456 76
373 279 76
356 200 76
176 297 76
151 345 76
13 746 76
499 474 76
79 343 76
734 426 76
468 90 76
15 230 76
423 731 76
171 213 76
32 602 76
120 451 76
64 487 76
498 162 76
180 210 76
301 73 76
491 483 76
493 275 76
520 445 76
755 684 76
349 369 76
720 2 76
518 268 76
356 669 76
678 725 76
663 656 76
736 774 76
290 118 76
65 564 76
181 756 76
477 387 76
540 619 75
773 32 75
165 116 75
760 733 75
162 750 75
287 659 75
211 523 75
559 130 75
583 453 75
314 739 75
73 338 75
504 316 75
568 570 75
560 590 75
182 626 75
495 373 75
702 26 75
518 263 75
367 270 75
265 770 75
623 798 75
759 164 75
448 260 75
269 96 75
693 448 75
225 479 75
288 461 75
140 37 75
28 755 75
779 530 75
460 337 75
713 236 75
784 129 75
741 624 75
448 72 75
581 109 75
544 72 75
11 460 75
477 451 75
508 657 75
502 223 75
20 452 75
54 551 75
229 705 75
125 779 75
568 292 75
656 718 75
87 92 75
554 701 75
477 445 75
554 597 75
673 202 75
167 236 75
635 177 75
276 109 75
430 475 75
674 498 75
721 635 75
411 613 75
131 585 75
273 263 75
771 475 75
500 243 74
263 458 74
771 587 74
160 33 74
369 143 74
710 670 74
475 104 74
687 1 74
611 656 74
613 171 74
691 499 74
482 314 74
288 165 74
243 234 74
241 354 74
34 119 74
305 74 74
140 534 74
260 589 74
274 333 74
771 703 74
499 208 74
563 619 74
378 112 74
650 187 74
394 94 74
201 716 74
595 605 74
592 618 74
773 605 74
775 110 74
721 397 74
218 300 74
86 2 74
4 572 74
451 520 74
343 469 74
133 653 74
53 170 74
639 550 74
301 788 74
305 439 74
637 510 74
641 567 74
77 776 74
694 670 74
42 282 74
346 763 74
257 311 74
69 280 74
476 613 74
254 123 74
722 616 74
429 114 74
489 569 74
667 354 73
640 703 73
141 522 73
290 70 73
22 531 73
60 608 73
288 85 73
426 573 73
277 208 73
227 293 73
745 632 73
261 778 73
86 433 73
402 244 73
573 100 73
473 348 73
765 548 73
110 393 73
257 186 73
673 155 73
659 500 73
501 478 73
551 410 73
440 391 73
462 263 73
89 479 73
658 196 73
220 667 73
48 511 73
464 692 73
719 536 73
92 183 73
548 726 73
389 539 73
510 323 73
61 657 73
581 735 73
311 221 73
503 429 73
191 71 73
517 543 73
85 458 73
721 345 73
537 633 73
161 283 73
80 393 73
299 773 73
592 41 73
497 438 73
238 321 73
325 405 73
383 661 73
436 351 73
171 316 73
585 352 72
680 420 72
69 438 72
252 439 72
715 307 72
598 181 72
740 490 72
273 458 72
222 622 72
423 678 72
105 20 72
403 705 72
565 458 72
218 718 72
132 436 72
113 147 72
483 605 72
663 355 72
606 398 72
342 699 72
768 563 72
774 397 72
394 472 72
8 183 72
396 463 72
686 774 72
86 101 72
651 541 72
530 696 72
571 375 72
783 132 72
656 723 72
276 176 72
656 515 72
791 500 72
539 485 72
175 542 72
385 445 72
270 302 72
468 149 72
28 151 72
599 721 72
606 242 72
733 638 72
696 753 72
177 595 72
402 264 72
364 737 72
260 507 72
703 478 72
142 785 72
604 276 72
159 718 72
343 620 72
121 57 72
444 463 72
6 390 72
72 281 71
193 374 71
479 191 71
525 622 71
85 154 71
226 422 71
390 481 71
586 779 71
589 622 71
712 194 71
713 158 71
338 523 71
172 742 71
26 7 71
391 723 71
271 518 71
681 797 71
411 767 71
525 238 71
453 218 71
536 487 71
732 578 71
212 584 71
493 136 71
319 162 71
638 138 71
419 53 71
71 506 71
339 102 71
90 276 71
613 447 71
735 164 71
562 764 71
658 764 71
33 592 71
265 333 71
539 779 71
591 522 71
641 716 71
253 525 71
322 582 71
92 378 71
392 290 71
369 513 71
276 48 71
566 379 71
303 412 71
622 261 71
245 745 71
98 21 71
160 182 70
241 358 70
762 338 70
334 472 70
430 347 70
659 542 70
448 216 70
741 735 70
97 519 70
422 782 70
452 150 70
337 539 70
591 749 70
784 380 70
61 798 70
340 372 70
310 423 70
93 453 70
736 561 70
437 600 70
481 711 70
418 565 70
26 192 70
114 32 70
276 486 70
469 78 70
457 475 70
312 336 70
765 416 70
271 503 70
752 769 70
792 743 70
738 483 70
139 397 70
453 144 70
140 390 70
461 311 70
193 436 70
487 318 70
16 543 70
110 768 70
781 199 70
481 294 70
246 214 70
680 176 70
95 238 70
603 410 70
165 765 70
516 414 70
164 160 70
66 394 70
341 381 70
571 762 70
766 511 70
676 636 70
752 156 70
65 119 70
660 209 70
339 311 70
181 89 70
68 535 70
528 679 70
455 366 70
305 426 70
723 714 70
21 344 70
510 554 70
50 585 70
410 780 70
192 718 69
212 462 69
214 122 69
791 713 69
131 703 69
150 796 69
284 651 69
64 292 69
363 438 69
4 534 69
426 547 69
512 449 69
352 61 69
636 755 69
716 464 69
693 336 69
336 233 69
469 197 69
196 700 69
323 542 69
172 245 69
232 611 69
583 219 69
645 777 69
460 443 69
498 783 69
44 564 69
569 349 69
271 135 69
560 686 69
138 0 69
409 217 69
795 49 69
416 306 69
439 325 69
440 770 69
100 135 69
28 538 69
372 238 69
707 465 69
230 69 69
180 519 69
427 144 69
634 152 69
509 36 69
23 33 69
355 688 69
533 443 69
54 656 69
107 605 69
91 308 69
61 734 69
99 276 69
295 367 69
718 555 69
104 566 69
582 644 69
492 5 69
729 604 69
637 434 69
717 441 69
429 680 69
709 117 69
10 503 69
456 260 69
265 695 68
499 563 68
493 369 68
790 312 68
573 393 68
153 148 68
149 110 68
153 206 68
299 648 68
236 715 68
486 697 68
525 783 68
496 45 68
626 362 68
476 300 68
652 629 68
134 217 68
428 524 68
790 454 68
152 99 68
395 547 68
614 415 68
637 216 68
188 107 68
475 409 68
265 509 68
66 656 68
784 424 68
55 692 68
721 762 68
412 767 68
546 143 68
295 55 68
579 414 68
382 413 68
755 628 68
643 187 68
209 481 68
426 625 68
578 433 68
311 756 68
118 616 68
10 667 68
193 522 68
507 15 68
705 179 68
331 402 68
767 669 68
149 714 68
688 712 68
565 14 68
330 713 68
586 209 68
48 604 68
673 334 68
404 643 68
372 303 68
63 427 68
677 222 68
698 506 68
9 279 68
421 204 68
786 134 68
348 539 68
302 514 67
648 746 67
82 124 67
139 626 67
292 216 67
572 167 67
58 110 67
499 253 67
766 571 67
318 356 67
42 595 67
691 795 67
145 289 67
263 407 67
761 779 67
253 167 67
52 794 67
276 702 67
739 261 67
30 756 67
604 156 67
554 45 67
367 354 67
109 402 67
289 517 67
584 742 67
68 602 67
166 484 67
239 297 67
73 159 67
411 590 67
144 60 67
93 479 67
273 65 67
681 185 67
557 702 67
412 518 67
111 459 67
141 491 67
7 94 67
778 260 67
356 464 67
499 726 67
124 238 66
564 667 66
673 39 66
237 90 66
787 798 66
751 202 66
443 768 66
346 750 66
201 456 66
226 673 66
200 718 66
789 79 66
585 228 66
297 559 66
770 339 66
718 256 66
730 701 66
583 220 66
3 779 66
252 159 66
557 9 66
228 785 66
74 531 66
241 175 66
117 13 66
721 45 66
79 445 66
279 514 66
320 267 66
255 505 66
690 69 66
277 419 66
249 159 66
152 429 66
297 467 66
158 506 66
450 353 66
42 649 66
264 250 66
361 1 66
599 712 66
425 180 66
274 615 66
352 428 66
788 588 66
332 175 66
501 207 66
351 657 66
403 665 66
356 437 66
297 725 66
437 442 66
408 385 66
554 528 66
110 81 66
773 601 66
602 94 66
104 405 66
695 625 66
282 654 66
273 260 66
726 345 66
404 681 66
115 388 66
329 75 66
736 244 65
352 398 65
483 121 65
485 102 65
615 685 65
492 46 65
626 667 65
471 786 65
414 635 65
476 692 65
749 175 65
588 729 65
222 711 65
626 594 65
728 164 65
10 65 65
558 186 65
577 182 65
124 367 65
518 525 65
160 49 65
655 427 65
413 122 65
739 186 65
434 553 65
320 655 65
510 702 65
685 30 65
795 36 65
199 276 65
797 332 65
535 377 65
69 254 65
250 568 65
698 107 65
15 460 65
167 600 65
169 467 65
773 637 65
155 631 65
222 225 65
319 393 65
277 463 65
702 36 65
568 677 65
172 354 65
147 374 65
239 241 65
486 181 65
772 94 65
159 383 65
470 794 65
179 450 65
47 101 65
86 432 65
127 428 65
549 399 65
398 620 65
164 462 65
11 701 65
645 146 65
500 172 65
331 644 65
786 196 65
653 661 65
52 562 65
431 366 65
762 571 65
313 365 64
619 44 64
626 322 64
175 260 64
407 95 64
342 370 64
15 117 64
180 337 64
420 612 64
374 31 64
345 675 64
43 597 64
416 149 64
242 229 64
785 49 64
180 417 64
214 746 64
791 206 64
791 610 64
16 33 64
273 323 64
412 371 64
276 722 64
634 578 64
145 34 64
535 763 64
641 245 64
649 265 64
659 154 64
740 476 64
174 298 64
112 252 64
444 137 64
116 447 64
463 314 64
359 655 64
124 448 64
653 518 64
142 362 64
80 714 64
47 293 64
741 38 64
422 323 64
228 584 64
328 519 64
782 555 64
352 133 64
107 420 64
182 198 64
685 46 64
94 777 64
754 112 64
693 12 64
64 674 64
133 269 64
355 652 64
529 259 63
288 415 63
574 65 63
481 257 63
769 549 63
139 267 63
588 133 63
11 408 63
156 776 63
1 126 63
413 213 63
663 493 63
520 573 63
127 789 63
746 587 63
231 364 63
185 433 63
540 368 63
760 324 63
677 555 63
650 546 63
136 408 63
661 764 63
37 692 63
385 168 63
78 511 63
183 689 63
650 731 63
124 797 63
333 32 63
86 181 63
471 214 63
67 305 63
581 427 63
75 383 63
692 24 63
631 453 63
768 730 63
560 206 63
85 644 63
35 401 63
73 8 63
540 451 63
522 416 63
59 791 63
119 144 63
86 585 63
289 95 63
44 685 63
193 327 63
382 121 63
307 492 63
351 229 63
434 52 63
707 63 63
720 686 63
588 587 63
558 656 63
719 544 63
611 269 63
503 749 63
623 345 63
161 232 62
512 282 62
325 80 62
357 134 62
250 255 62
792 692 62
765 474 62
127 707 62
644 660 62
797 600 62
672 345 62
136 466 62
152 40 62
170 792 62
735 292 62
213 299 62
762 371 62
736 453 62
622 363 62
166 712 62
639 642 62
30 423 62
636 242 62
768 603 62
493 75 62
742 640 62
71 475 62
539 751 62
217 593 62
196 541 62
402 70 62
345 55 62
483 632 62
177 109 62
5 105 62
154 457 62
126 227 62
361 576 62
46 329 62
503 530 62
165 328 62
248 494 62
235 327 62
792 550 62
95 387 62
380 659 62
349 340 62
754 373 62
486 418 62
505 506 62
797 431 62
155 695 62
254 371 62
344 364 62
426 739 62
211 99 62
33 359 62
461 403 62
440 671 62
658 670 62
743 27 62
248 111 62
607 416 62
169 781 62
613 199 61
794 106 61
504 276 61
707 186 61
739 705 61
595 112 61
80 358 61
281 248 61
226 449 61
696 263 61
400 428 61
522 726 61
671 794 61
537 320 61
369 793 61
72 249 61
127 568 61
796 797 61
113 182 61
268 671 61
743 255 61
576 649 61
690 758 61
780 223 61
25 136 61
640 787 61
556 694 61
650 44 61
675 536 61
506 632 61
21 331 61
452 588 61
66 168 61
244 40 61
195 417 61
725 63 61
302 4 61
368 623 61
106 569 61
689 447 61
5 306 61
464 404 61
629 410 61
487 325 61
343 154 61
434 657 61
679 493 61
516 73 61
200 77 61
314 51 61
489 414 61
218 742 61
359 63 61
221 273 61
768 118 61
497 15 61
248 690 61
128 266 61
495 450 61
623 146 61
205 607 61
575 66 61
186 442 61
361 294 61
59 225 61
411 310 61
553 191 61
498 151 60
741 731 60
34 286 60
499 599 60
329 130 60
27 504 60
102 494 60
505 248 60
678 418 60
258 222 60
112 725 60
334 621 60
149 247 60
255 168 60
686 487 60
614 282 60
500 630 60
358 461 60
212 100 60
636 462 60
486 200 60
706 290 60
552 190 60
542 497 60
162 719 60
268 709 60
769 623 60
522 569 60
463 310 60
374 345 60
475 108 60
231 162 60
451 695 60
715 531 60
219 256 60
125 22 60
6 594 60
15 611 60
673 203 60
778 702 60
331 278 60
570 705 60
453 447 60
221 523 60
422 778 60
148 416 60
87 26 60
270 262 60
742 437 59
19 110 59
722 8 59
57 130 59
112 44 59
172 525 59
419 117 59
702 602 59
313 507 59
6 707 59
529 225 59
388 472 59
214 110 59
372 33 59
53 754 59
63 331 59
789 196 59
168 426 59
254 328 59
611 286 59
498 702 59
1 583 59
671 768 59
582 76 59
608 332 59
691 30 59
393 373 59
189 598 59
342 634 59
485 591 59
299 3 59
59 611 59
180 287 59
274 163 59
662 228 59
795 476 59
254 31 59
627 762 59
107 441 58
37 750 58
278 790 58
545 709 58
36 670 58
77 42 58
411 214 58
86 481 58
203 519 58
85 282 58
175 57 58
569 448 58
169 774 58
340 300 58
398 550 58
795 451 58
491 509 58
611 712 58
120 382 58
511 243 58
349 268 58
791 42 58
483 114 58
508 325 58
273 728 58
163 311 58
275 543 58
798 554 58
424 406 58
103 566 58
502 585 58
356 309 58
482 762 57
522 106 57
548 363 57
12 671 57
500 508 57
210 307 57
693 542 57
594 664 57
233 688 57
737 498 57
293 407 57
231 421 57
683 78 57
244 550 57
255 741 57
147 434 57
138 254 57
186 301 57
424 669 57
167 742 57
326 158 57
444 789 57
467 574 57
515 293 57
738 148 57
330 392 57
729 444 57
353 103 57
512 516 57
378 491 57
664 335 57
688 617 57
243 429 57
24 404 57
338 105 57
122 167 57
206 463 57
676 550 57
158 271 57
711 263 57
506 166 57
637 627 57
769 344 57
768 39 57
358 205 56
133 768 56
19 550 56
183 534 56
483 200 56
622 103 56
641 526 56
507 754 56
639 207 56
59 131 56
99 174 56
236 730 56
317 736 56
89 578 56
137 173 56
86 694 56
3 550 56
526 747 56
73 506 56
284 581 56
90 693 56
58 194 56
445 33 56
33 17 56
241 799 56
542 227 56
325 301 56
424 783 56
122 184 55
95 626 55
768 48 55
710 703 55
91 353 55
338 699 55
65 495 55
108 398 55
254 22 55
780 671 55
402 297 55
422 210 55
102 388 55
755 647 55
18 348 55
164 312 55
395 581 55
381 717 55
101 391 55
507 414 55
114 265 55
258 277 55
297 514 55
673 215 55
564 450 55
537 37 55
433 158 55
149 568 55
24 171 55
529 341 55
630 223 55
187 403 55
48 538 55
526 629 55
159 424 55
573 562 55
233 752 55
776 113 54
328 458 54
198 660 54
475 611 54
73 285 54
618 558 54
738 648 54
533 105 54
498 80 54
447 531 54
571 718 54
589 53 54
328 783 54
484 596 54
466 727 54
271 356 54
726 200 54
375 471 54
198 254 54
764 440 54
168 448 54
523 683 54
669 434 54
395 206 54
503 743 54
746 171 54
674 654 54
356 278 54
417 140 54
585 710 54
485 401 54
377 441 54
631 695 53
692 761 53
274 221 53
206 601 53
721 297 53
314 281 53
648 669 53
744 304 53
685 317 53
7 685 53
285 516 53
317 615 53
376 536 53
183 368 53
731 248 53
633 205 53
215 623 53
626 159 53
231 691 53
532 579 53
722 172 53
637 300 53
235 247 53
399 456 53
711 111 53
509 260 53
229 220 53
208 107 53
785 765 53
658 671 53
76 166 53
83 176 53
498 122 53
56 794 53
475 606 53
212 567 53
178 765 53
574 554 53
191 105 53
160 749 52
293 729 52
299 312 52
718 436 52
692 146 52
687 275 52
613 71 52
383 420 52
788 259 52
51 680 52
77 4 52
287 464 52
144 53 52
212 466 52
695 711 52
30 643 52
721 320 52
195 760 52
566 428 52
655 455 52
528 124 52
789 539 52
307 786 52
287 474 52
699 24 52
725 565 52
594 707 52
373 569 52
568 628 52
212 474 52
484 25 52
553 580 52
787 125 52
402 516 52
338 774 52
606 498 52
334 644 52
410 265 52
336 628 52
139 477 51
460 490 51
495 741 51
90 460 51
552 339 51
594 13 51
552 236 51
100 759 51
559 340 51
71 402 51
721 314 51
318 629 51
465 667 51
115 176 51
220 479 51
573 445 51
284 705 51
752 458 51
746 338 51
513 534 51
192 426 51
569 214 51
596 490 51
224 77 51
545 786 51
743 574 51
649 329 51
498 639 51
211 393 51
180 35 51
719 621 51
179 329 51
384 720 51
774 318 51
639 344 51
147 303 51
117 786 50
190 633 50
359 160 50
615 454 50
459 542 50
258 700 50
531 154 50
322 201 50
649 547 50
394 522 50
617 577 50
458 695 50
205 130 50
102 316 50
387 318 50
427 781 50
521 644 50
488 530 50
107 746 50
410 777 50
476 43 50
132 368 50
294 692 50
441 106 50
110 715 50
144 19 50
167 275 50
687 520 50
337 209 50
627 399 50
282 401 50
628 594 50
711 130 50
550 685 50
342 198 50
251 729 50
751 573 50
306 146 50
506 480 50
283 515 50
215 432 50
574 350 50
436 484 50
388 475 50
697 761 49
709 102 49
589 504 49
152 52 49
525 242 49
3 564 49
58 420 49
634 196 49
274 364 49
239 734 49
557 154 49
7 624 49
550 719 49
789 422 49
563 504 49
20 365 49
528 181 49
313 301 49
637 713 49
296 309 49
17 363 49
608 671 49
686 328 49
7 556 49
571 149 49
693 449 49
243 405 49
544 207 49
182 268 49
61 310 49
403 793 49
466 622 49
620 502 49
505 641 49
521 93 49
282 731 49
483 113 49
676 47 49
175 683 49
769 382 49
361 601 49
214 705 49
78 172 49
207 776 49
288 598 49
551 570 49
421 201 49
686 321 49
289 722 49
18 548 49
428 80 49
167 511 49
164 211 49
76 20 49
195 384 49
264 52 49
755 207 49
88 768 49
674 75 49
384 528 48
3 108 48
164 2 48
186 749 48
229 467 48
405 573 48
257 799 48
596 521 48
333 284 48
354 507 48
436 54 48
38 47 48
315 394 48
775 350 48
495 726 48
759 320 48
313 239 48
74 141 48
36 296 48
428 644 48
649 696 48
513 704 48
540 378 48
676 703 48
384 69 48
245 46 48
326 686 48
769 738 48
161 604 48
266 182 48
488 708 48
370 691 48
783 568 48
635 129 48
496 688 48
304 0 48
528 646 48
315 605 48
97 673 48
581 729 48
591 325 48
603 386 48
92 521 48
138 328 48
641 484 48
283 306 48
660 536 48
26 480 48
574 142 48
785 517 48
774 37 48
459 727 48
121 73 48
260 600 48
677 446 48
651 118 48
45 150 48
3 781 48
277 40 48
195 423 48
618 172 48
498 9 48
28 715 48
570 371 48
457 569 48
588 418 48
175 209 48
152 683 48
86 497 48
561 241 48
792 241 47
51 215 47
589 260 47
120 633 47
721 100 47
624 528 47
362 223 47
214 501 47
80 15 47
1 355 47
572 89 47
142 764 47
341 349 47
641 477 47
435 77 47
118 696 47
400 303 47
460 111 47
126 532 47
307 760 47
613 84 47
415 282 47
213 91 47
98 536 47
227 704 47
230 44 47
560 379 47
482 599 47
271 277 47
575 694 47
683 323 47
485 590 47
596 525 47
616 534 47
521 689 47
545 234 47
128 326 47
441 8 47
201 385 47
582 316 47
36 560 47
599 688 47
82 777 47
79 746 47
736 456 47
651 75 47
97 768 47
633 137 47
499 243 47
512 248 47
301 497 47
173 316 47
705 661 47
445 177 47
257 433 47
738 632 47
625 718 47
407 392 47
114 418 47
61 571 47
623 89 47
93 528 47
145 349 47
596 327 47
397 185 47
389 738 47
9 575 47
294 614 47
209 322 47
7 699 47
73 296 47
202 671 46
300 34 46
264 389 46
180 91 46
76 151 46
673 545 46
91 228 46
415 561 46
160 389 46
336 749 46
524 81 46
678 257 46
486 592 46
536 518 46
440 278 46
116 92 46
485 676 46
287 399 46
199 33 46
165 243 46
731 377 46
590 677 46
594 413 46
689 442 46
755 489 46
425 112 46
269 300 46
220 606 46
714 19 46
145 712 46
109 453 46
187 595 46
575 760 46
269 581 46
390 303 46
508 724 46
659 145 46
531 162 46
73 98 46
259 8 46
436 548 46
793 34 46
59 242 46
156 284 46
284 263 46
10 377 46
47 229 46
53 526 46
217 161 46
174 218 46
150 13 46
354 688 46
290 185 46
326 408 46
467 56 46
176 457 46
243 664 46
30 281 46
675 20 46
361 220 46
529 238 46
304 216 46
308 775 46
66 664 46
342 407 46
219 487 46
200 346 46
371 758 46
158 358 46
426 30 46
221 54 46
127 137 46
307 265 46
557 480 46
710 556 45
367 505 45
746 57 45
332 384 45
58 541 45
26 786 45
246 614 45
725 419 45
13 721 45
13 550 45
675 494 45
246 620 45
760 365 45
418 236 45
402 621 45
230 90 45
69 46 45
265 68 45
772 604 45
530 637 45
346 454 45
204 423 45
311 650 45
308 627 45
187 345 45
395 272 45
196 20 45
562 474 45
386 176 45
230 578 45
577 521 45
326 234 45
221 679 45
614 526 45
741 285 45
243 108 45
323 403 45
465 795 45
740 341 45
335 625 45
683 471 45
352 60 45
300 69 45
105 723 45
487 462 45
315 362 45
461 89 45
733 169 45
44 342 45
674 482 45
716 732 45
385 20 45
102 647 45
292 310 45
613 358 45
443 41 45
746 104 45
710 657 44
370 75 44
585 219 44
76 503 44
673 799 44
708 426 44
362 359 44
273 788 44
642 184 44
792 689 44
466 33 44
58 454 44
343 117 44
769 684 44
29 794 44
779 588 44
276 549 44
457 186 44
301 57 44
345 92 44
573 378 44
73 76 44
160 60 44
692 361 44
496 610 44
183 533 44
774 446 44
747 41 44
108 495 44
577 576 44
486 76 44
231 595 44
720 403 44
256 532 44
646 290 44
534 779 44
174 373 44
346 365 44
560 722 44
428 359 44
500 752 44
52 3 44
339 144 44
360 454 44
585 416 44
350 617 44
606 510 44
29 199 44
311 148 44
171 694 44
58 141 44
105 570 44
486 147 44
242 143 44
435 365 44
231 136 44
421 664 44
64 359 44
398 268 44
675 78 44
318 114 44
446 129 44
413 502 44
7 438 44
84 327 44
602 463 44
135 408 44
609 442 43
607 680 43
778 497 43
19 235 43
213 471 43
118 798 43
450 47 43
780 503 43
481 61 43
704 20 43
10 502 43
629 327 43
442 447 43
419 330 43
130 604 43
178 265 43
323 437 43
368 639 43
267 778 43
698 194 43
80 792 43
455 756 43
601 522 43
129 324 43
401 780 43
239 48 43
264 262 43
331 621 43
762 689 43
301 753 43
639 564 43
61 487 43
451 731 43
373 498 43
363 227 43
64 163 43
156 303 43
647 435 43
23 399 43
555 425 43
584 201 43
328 220 43
269 606 43
536 543 43
313 474 43
409 714 43
75 20 43
106 559 43
591 391 43
770 283 43
143 798 43
627 594 43
60 539 43
83 338 43
665 704 43
558 700 43
641 92 43
164 132 43
626 639 43
698 622 43
788 459 43
462 629 43
147 113 43
283 755 42
79 10 42
528 401 42
389 606 42
388 379 42
2 238 42
61 224 42
685 191 42
333 282 42
501 350 42
434 302 42
293 289 42
315 665 42
104 31 42
418 342 42
41 629 42
700 644 42
379 739 42
300 57 42
652 756 42
585 404 42
316 481 42
750 285 42
664 30 42
476 249 42
665 255 42
624 696 42
608 232 42
714 177 42
635 227 42
183 595 42
179 212 42
326 375 42
499 715 42
565 686 42
629 207 42
791 714 42
321 257 42
653 326 42
323 667 42
327 77 42
131 669 42
127 224 42
538 308 42
425 653 42
440 461 42
323 169 42
784 217 42
432 30 42
294 273 42
417 624 42
167 510 42
500 690 42
560 405 42
538 315 42
538 100 42
794 62 42
744 312 42
681 63 42
13 251 42
331 237 42
1 720 42
329 391 42
604 316 42
744 61 42
132 196 42
761 407 42
456 314 42
557 342 42
361 720 42
222 0 42
181 714 42
176 458 41
409 196 41
65 211 41
128 515 41
645 267 41
595 172 41
602 478 41
128 431 41
613 651 41
743 122 41
146 64 41
237 14 41
549 770 41
477 794 41
358 634 41
228 699 41
171 236 41
368 297 41
57 123 41
539 240 41
591 619 41
383 333 41
348 698 41
226 421 41
483 88 41
32 690 41
286 627 41
30 777 41
93 165 41
3 624 41
689 41 41
22 579 41
630 732 41
68 686 41
109 583 41
78 642 41
325 349 41
438 333 41
125 71 41
46 572 41
281 152 41
675 175 41
232 81 41
289 732 41
244 144 41
296 286 41
142 675 41
740 464 41
624 741 41
242 722 41
151 595 41
295 150 41
119 456 41
452 20 41
161 651 41
483 408 41
226 614 41
77 596 41
639 652 41
371 631 41
228 506 41
663 562 41
773 783 41
306 727 41
98 17 41
622 413 41
532 668 41
760 52 41
548 95 41
270 284 41
776 158 41
67 785 41
107 89 41
75 415 41
680 588 41
459 568 41
91 277 41
712 46 41
770 247 41
283 583 41
702 506 41
692 116 40
160 479 40
597 618 40
94 296 40
470 551 40
32 345 40
231 697 40
446 220 40
199 682 40
375 563 40
789 8 40
277 427 40
713 573 40
409 599 40
783 388 40
344 752 40
624 61 40
41 427 40
653 719 40
269 346 40
556 640 40
332 122 40
75 150 40
483 459 40
723 456 40
257 316 40
677 646 40
698 558 40
384 275 40
42 661 40
354 279 40
107 729 40
229 611 40
258 564 40
182 437 40
519 699 40
555 620 40
241 467 40
114 705 40
643 778 40
61 65 40
264 112 40
584 748 40
680 658 40
53 397 40
489 154 40
97 73 40
567 79 40
90 13 40
232 68 40
438 462 40
695 474 40
796 614 40
152 14 40
57 236 40
171 368 40
325 268 40
620 721 40
515 370 40
106 309 40
795 75 40
114 694 40
659 655 40
599 495 40
619 580 40
679 683 40
207 212 40
168 555 40
790 274 39
597 546 39
776 362 39
493 40 39
395 631 39
122 296 39
353 756 39
81 601 39
85 287 39
19 413 39
38 595 39
656 537 39
509 417 39
137 99 39
601 135 39
650 620 39
173 744 39
691 50 39
624 76 39
511 516 39
682 674 39
777 608 39
178 617 39
362 171 39
789 64 39
715 701 39
308 128 39
343 500 39
625 556 39
106 728 38
0 546 38
203 434 38
400 15 38
700 335 38
557 200 38
357 556 38
693 332 38
370 278 38
421 754 38
635 489 38
683 243 38
512 427 38
249 760 38
734 648 38
636 35 38
12 184 38
324 78 38
215 131 38
682 191 38
471 575 38
791 545 38
726 491 38
195 553 38
101 52 38
516 435 38
251 244 38
510 9 38
454 167 38
569 625 38
782 194 38
460 472 38
191 341 37
546 617 37
44 54 37
22 736 37
622 485 37
584 199 37
675 111 37
540 763 37
156 348 37
579 2 37
548 545 37
18 591 37
499 177 37
245 590 37
195 432 37
252 495 37
30 194 37
670 263 37
26 288 37
508 199 37
665 671 37
673 151 37
29 3 37
272 438 37
662 406 37
665 531 37
551 767 37
137 435 37
619 597 37
688 78 37
257 43 37
45 81 37
274 679 37
679 345 37
124 321 37
345 223 37
208 366 37
340 692 37
272 151 37
619 649 37
461 641 37
776 74 37
158 519 37
106 50 37
52 524 37
352 672 37
498 717 36
28 134 36
783 129 36
552 242 36
721 429 36
285 324 36
260 509 36
332 607 36
69 538 36
176 411 36
51 239 36
702 595 36
289 425 36
304 338 36
448 514 36
631 26 36
87 361 36
763 747 36
342 409 36
264 200 36
399 708 36
175 397 36
658 536 36
682 668 36
326 110 36
572 399 36
726 92 36
407 36 36
126 296 36
530 664 36
568 274 35
533 16 35
608 65 35
260 413 35
206 308 35
25 584 35
238 94 35
539 428 35
345 247 35
658 403 35
91 205 35
280 82 35
202 115 35
184 116 35
190 264 35
58 258 35
457 578 35
17 785 35
65 358 35
570 91 35
370 330 35
636 541 35
541 636 35
633 60 35
417 788 35
706 685 35
630 599 35
686 773 35
632 555 35
0 239 35
89 484 35
605 80 35
489 766 35
764 548 35
230 374 35
795 77 35
92 247 34
617 362 34
311 35 34
411 235 34
182 333 34
614 6 34
463 694 34
526 644 34
543 127 34
506 139 34
149 169 34
761 236 34
286 704 34
55 200 34
680 605 34
643 711 34
157 65 34
300 337 34
787 792 34
765 350 34
238 12 34
574 626 34
476 277 34
442 38 34
574 793 34
315 206 34
243 775 34
82 363 34
567 153 34
514 556 34
499 310 34
614 686 34
665 783 33
629 27 33
178 237 33
758 566 33
317 26 33
503 606 33
792 791 33
130 607 33
149 267 33
763 196 33
689 26 33
145 306 33
615 164 33
303 166 33
6 192 33
166 319 33
720 630 33
380 40 33
298 300 33
162 694 33
130 734 33
684 698 33
198 772 33
494 441 33
645 710 33
116 452 33
558 255 33
643 479 33
780 316 33
347 688 33
133 766 33
550 48 33
773 41 33
415 465 33
64 391 32
130 731 32
753 124 32
315 794 32
649 773 32
481 627 32
116 62 32
77 682 32
269 149 32
10 781 32
169 172 32
475 709 32
143 237 32
580 782 32
9 40 32
449 312 32
313 185 32
630 270 32
130 160 32
672 69 32
475 556 32
181 326 32
490 139 32
489 143 32
48 76 32
338 551 32
695 336 32
220 257 32
303 343 32
443 34 32
80 416 32
82 711 32
320 668 32
564 521 31
97 647 31
760 651 31
292 281 31
584 362 31
334 90 31
422 334 31
201 536 31
534 516 31
758 40 31
702 584 31
647 292 31
140 222 31
66 304 31
572 69 31
11 331 31
686 208 31
638 142 31
736 444 31
744 543 31
584 629 31
447 285 31
431 389 31
501 112 31
359 356 31
687 388 31
385 723 31
115 794 31
592 707 31
281 551 31
149 709 31
229 730 31
53 48 31
253 53 30
362 57 30
291 201 30
465 236 30
444 76 30
216 512 30
88 533 30
235 34 30
699 590 30
68 32 30
381 451 30
113 370 30
557 317 30
463 369 30
525 367 30
783 302 30
160 364 30
172 510 30
352 651 30
640 593 30
275 631 30
796 18 30
770 789 30
711 523 30
30 605 30
297 680 30
753 189 30
304 482 30
628 30 30
183 762 30
283 401 30
508 685 30
614 394 30
258 575 30
747 455 29
105 2 29
394 716 29
463 434 29
569 284 29
711 227 29
35 12 29
641 77 29
763 24 29
20 135 29
297 492 29
251 794 29
306 136 29
19 282 29
648 99 29
721 371 29
784 336 29
595 128 29
524 231 29
662 608 29
393 207 29
463 280 29
624 12 29
572 731 29
573 518 29
80 289 29
439 204 29
750 122 29
139 17 29
25 496 29
403 674 29
744 614 29
564 679 29
355 464 29
248 560 29
797 316 29
80 128 29
394 0 28
178 160 28
233 494 28
209 424 28
162 515 28
291 717 28
261 519 28
128 560 28
269 789 28
752 111 28
176 730 28
201 362 28
670 306 28
5 301 28
277 566 28
13 132 28
328 206 28
1 391 28
754 338 28
175 587 28
785 200 28
533 97 28
542 470 28
412 16 28
169 87 28
178 277 28
220 137 28
197 353 28
94 134 28
355 44 28
277 674 28
558 64 28
465 314 28
172 563 28
434 731 28
661 712 28
453 120 28
742 670 28
136 683 28
276 271 27
222 451 27
240 560 27
204 250 27
664 150 27
23 567 27
609 676 27
223 483 27
421 505 27
203 117 27
188 205 27
425 646 27
681 77 27
98 332 27
198 16 27
423 632 27
309 732 27
50 664 27
105 436 27
222 97 27
177 254 27
689 126 27
628 499 27
607 16 27
532 22 27
679 459 27
529 703 27
628 496 27
66 75 27
10 776 27
648 395 27
606 288 27
611 331 27
665 719 27
27 13 27
683 430 27
730 300 26
594 150 26
761 665 26
37 45 26
617 156 26
302 78 26
743 537 26
653 452 26
481 159 26
386 255 26
637 731 26
648 51 26
326 289 26
422 636 26
25 380 26
782 480 26
60 312 26
395 678 26
263 690 26
432 783 26
300 49 26
111 584 26
382 507 26
291 461 26
682 229 26
107 594 26
694 40 26
285 248 26
609 611 26
151 589 26
408 631 26
619 417 25
753 689 25
216 651 25
177 349 25
349 785 25
494 782 25
117 610 25
474 10 25
389 358 25
292 337 25
160 365 25
488 17 25
269 436 25
791 540 25
122 575 25
230 454 25
249 599 25
654 238 25
735 601 25
740 642 25
634 502 25
440 703 25
61 118 25
674 666 25
89 321 25
56 622 25
377 78 25
169 749 25
469 450 24
616 8 24
430 624 24
633 603 24
460 454 24
575 272 24
34 474 24
63 52 24
307 262 24
312 344 24
203 744 24
613 698 24
786 193 24
31 572 24
485 469 24
705 84 24
548 523 24
588 505 24
287 268 24
499 698 24
767 384 24
195 147 24
296 721 24
232 56 24
782 176 24
547 265 24
415 144 23
293 495 23
673 604 23
767 781 23
130 574 23
699 4 23
135 64 23
381 399 23
756 395 23
436 256 23
462 375 23
619 668 23
399 749 23
591 156 23
775 651 23
423 126 23
391 258 23
177 522 23
400 768 23
295 332 23
215 137 23
692 69 23
283 19 23
302 522 23
315 87 23
799 347 23
480 738 23
37 538 23
284 526 23
524 382 23
727 495 22
346 9 22
340 659 22
537 797 22
45 325 22
546 722 22
697 97 22
181 184 22
636 712 22
364 450 22
622 285 22
548 202 22
706 279 22
98 753 22
575 104 22
756 588 22
217 223 22
756 722 22
15 739 22
755 388 22
28 45 22
33 799 22
170 65 22
282 485 22
182 113 21
74 664 21
716 390 21
376 349 21
419 724 21
739 77 21
8 152 21
658 565 21
674 611 21
543 751 21
329 798 21
726 164 21
457 78 21
742 395 21
453 618 21
625 562 21
153 789 21
740 125 21
332 86 21
190 225 21
696 587 21
198 43 21
447 423 21
36 86 21
375 342 21
344 404 21
726 422 21
25 432 21
161 413 21
21 255 20
509 742 20
95 33 20
469 536 20
157 191 20
307 586 20
635 215 20
771 85 20
725 772 20
19 155 20
637 520 20
480 479 20
111 162 20
6 163 20
661 705 20
373 565 20
643 134 20
622 487 20
573 534 20
433 432 20
497 391 20
347 406 20
561 0 19
408 748 19
89 285 19
214 88 19
87 218 19
594 654 19
454 620 19
525 495 19
728 39 19
635 181 19
753 313 19
110 343 19
97 599 19
655 466 19
364 571 19
503 241 19
130 718 19
426 611 19
530 363 19
633 372 19
287 142 19
650 163 19
43 245 19
523 25 19
96 187 19
80 127 19
236 234 19
267 299 19
402 771 19
646 387 19
186 63 19
342 248 19
587 732 19
113 477 19
67 552 19
524 631 19
702 42 19
666 402 19
672 294 19
680 183 19
454 776 19
682 492 19
66 487 19
646 311 19
107 122 19
296 569 19
419 461 19
26 503 19
270 57 19
142 634 19
238 702 19
395 221 19
25 327 19
18 781 19
231 737 19
670 645 19
91 257 19
485 524 19
451 551 19
546 364 19
651 607 19
205 263 19
409 488 19
516 168 19
461 301 19
727 36 18
741 305 18
41 465 18
340 597 18
218 241 18
771 509 18
83 633 18
783 131 18
709 249 18
285 430 18
447 70 18
691 143 18
358 170 18
366 233 18
469 458 18
507 536 18
194 483 18
206 413 18
158 678 18
562 252 18
477 386 18
657 524 18
555 143 18
48 599 18
402 579 18
105 614 18
282 763 18
102 410 18
36 121 18
168 80 18
745 56 18
346 495 18
138 206 18
432 462 18
413 646 18
372 76 18
242 601 18
29 450 18
233 657 18
202 80 18
352 462 18
669 631 18
752 231 18
159 796 18
771 101 18
230 47 18
378 699 18
563 440 18
395 91 18
373 364 18
749 17 18
731 689 18
573 293 18
342 91 18
473 541 18
149 286 18
150 31 18
392 318 18
437 202 17
650 22 17
658 63 17
350 596 17
749 150 17
166 703 17
108 421 17
52 435 17
666 364 17
587 498 17
445 585 17
185 75 17
195 768 17
4 773 17
212 290 17
453 46 17
53 504 17
176 155 17
138 788 17
446 262 17
715 87 17
639 686 17
410 27 17
40 463 17
374 212 17
52 629 17
694 99 17
161 394 17
737 734 17
336 387 17
778 285 17
715 301 17
465 707 17
717 396 17
588 250 17
58 365 17
8 112 17
272 128 17
698 257 17
532 363 17
166 93 16
758 731 16
512 272 16
722 318 16
728 712 16
599 784 16
708 377 16
187 720 16
240 104 16
172 55 16
382 548 16
714 588 16
467 120 16
483 562 16
391 729 16
765 762 16
339 4 16
766 745 16
65 669 16
347 219 16
692 322 16
223 536 16
761 109 16
174 579 16
57 468 16
103 546 16
231 75 16
743 552 16
542 149 16
125 194 16
624 389 16
206 160 16
581 198 16
102 415 16
314 482 16
698 260 16
560 748 16
152 8 16
466 684 16
259 671 16
465 240 16
42 144 16
431 113 16
377 696 16
343 150 15
698 327 15
384 662 15
32 781 15
177 665 15
115 133 15
384 413 15
709 357 15
216 6 15
596 681 15
679 418 15
619 574 15
473 687 15
475 132 15
571 278 15
708 690 15
640 14 15
196 250 15
401 67 15
11 503 15
370 136 15
744 703 15
422 11 15
413 436 15
586 264 15
257 223 15
386 379 15
367 407 15
210 511 15
389 669 15
649 208 15
380 53 15
401 766 15
649 442 15
357 513 15
106 53 15
761 569 15
591 783 15
135 497 15
322 591 15
33 193 15
788 20 15
500 263 15
761 753 15
174 454 14
61 151 14
594 530 14
390 219 14
43 40 14
640 420 14
92 47 14
444 239 14
701 577 14
406 62 14
382 261 14
369 791 14
631 740 14
653 529 14
502 1 14
607 123 14
477 560 14
453 198 14
385 199 14
774 773 14
491 141 14
649 284 14
590 793 14
731 129 14
475 615 14
682 22 14
202 772 14
84 192 14
88 28 14
625 249 14
560 728 14
323 45 14
527 171 14
73 332 14
253 195 14
478 327 14
225 2 14
62 516 14
111 684 14
326 204 14
42 269 14
376 751 14
148 123 14
74 424 14
363 232 14
422 53 14
366 473 14
531 646 14
17 362 14
258 361 13
345 534 13
115 325 13
476 670 13
467 731 13
727 47 13
168 651 13
24 56 13
646 133 13
39 60 13
588 668 13
654 432 13
73 754 13
636 236 13
337 291 13
729 699 13
754 255 13
274 121 13
167 484 13
120 606 13
198 311 13
41 147 13
485 105 13
196 17 13
379 0 13
595 427 13
700 239 13
55 715 13
193 784 13
524 20 13
218 158 13
503 509 13
266 358 13
476 153 13
429 406 13
63 288 13
617 188 13
527 471 13
106 623 13
352 594 13
127 400 13
537 76 13
281 77 13
434 711 13
798 53 13
539 417 13
767 362 13
204 263 12
719 486 12
112 537 12
530 60 12
424 547 12
146 126 12
82 570 12
414 663 12
663 404 12
555 320 12
73 95 12
509 485 12
645 631 12
709 408 12
493 191 12
337 125 12
98 70 12
563 116 12
731 240 12
432 716 12
754 555 12
226 161 12
269 718 12
143 80 12
657 736 12
509 656 12
480 453 12
488 212 12
47 584 12
529 692 12
578 17 12
516 177 12
502 384 12
658 378 12
138 405 12
474 206 12
351 325 12
132 741 12
282 24 12
669 147 12
658 669 12
280 552 12
449 469 12
304 741 12
157 150 12
300 73 12
784 502 12
328 8 12
356 628 12
712 749 11
585 283 11
282 292 11
338 264 11
535 603 11
622 733 11
570 3 11
609 547 11
495 535 11
461 1 11
396 174 11
360 136 11
791 773 11
524 261 11
664 432 11
535 591 11
603 187 11
20 38 11
437 364 11
408 254 11
481 252 11
709 723 11
606 619 11
34 37 11
760 508 11
6 296 11
670 646 11
335 555 11
65 571 10
73 705 10
151 794 10
468 637 10
35 356 10
281 443 10
746 86 10
150 377 10
548 400 10
80 701 10
674 665 10
588 31 10
32 215 10
566 726 10
363 515 10
750 475 10
634 436 10
84 703 10
789 645 10
692 563 10
147 19 10
63 361 10
639 155 10
473 755 10
22 327 10
131 764 10
651 582 10
388 761 10
443 338 10
584 148 10
166 336 10
649 212 10
100 624 10
797 162 10
131 478 10
538 421 10
70 4 10
403 773 10
294 717 10
437 480 10
765 313 10
280 367 10
480 291 10
693 598 10
26 115 10
410 425 10
578 437 10
266 399 10
607 375 10
547 381 10
747 248 10
126 295 10
66 784 10
615 409 10
199 787 10
353 328 10
