10 0 95
0 10 98
71 0 93
0 71 98
29 1 98
1 29 97
14 2 87
2 14 100
16 2 92
2 16 95
18 2 97
2 18 100
29 2 98
2 29 90
68 2 97
2 68 100
91 2 92
2 91 97
95 2 99
2 95 93
36 3 100
3 36 92
53 3 100
3 53 96
65 3 98
3 65 94
75 3 93
3 75 88
81 3 96
3 81 100
90 3 95
3 90 94
34 4 100
4 34 97
44 4 96
4 44 98
44 5 100
5 44 100
1 6 100
6 1 100
32 6 98
6 32 96
44 6 100
6 44 91
48 7 100
7 48 96
57 7 82
7 57 92
25 8 97
8 25 98
57 8 99
8 57 100
83 8 96
8 83 97
43 9 96
9 43 100
49 9 88
9 49 95
52 9 100
9 52 96
64 9 96
9 64 95
75 9 98
9 75 93
97 9 95
9 97 91
91 10 96
10 91 100
0 11 95
11 0 97
27 11 98
11 27 100
31 11 99
11 31 100
10 14 100
14 10 98
15 14 100
14 15 99
33 14 95
14 33 100
70 14 95
14 70 97
68 15 93
15 68 99
72 15 95
15 72 100
46 16 95
16 46 100
84 16 99
16 84 95
8 17 100
17 8 100
48 17 100
17 48 97
94 17 100
17 94 98
33 18 100
18 33 100
1 19 100
19 1 100
30 19 93
19 30 100
42 19 95
19 42 100
63 19 95
19 63 96
61 21 93
21 61 90
75 22 97
22 75 98
79 22 98
22 79 96
84 22 100
22 84 95
96 22 88
22 96 100
34 23 99
23 34 97
57 23 100
23 57 94
55 24 90
24 55 93
10 25 85
25 10 99
37 25 99
25 37 96
48 25 100
25 48 95
52 25 96
25 52 100
68 25 100
25 68 91
57 26 93
26 57 96
58 26 93
26 58 97
84 26 100
26 84 93
33 27 97
27 33 100
70 27 97
27 70 100
90 27 91
27 90 100
14 28 95
28 14 92
50 28 92
28 50 94
54 28 100
28 54 90
12 29 96
29 12 99
74 29 98
29 74 95
85 29 100
29 85 95
6 30 100
30 6 99
68 30 86
30 68 94
16 31 100
31 16 90
39 31 98
31 39 100
47 31 96
31 47 97
63 31 93
31 63 93
15 32 100
32 15 99
34 32 100
32 34 100
35 32 98
32 35 100
36 32 100
32 36 98
44 32 92
32 44 90
47 32 97
32 47 96
93 33 95
33 93 95
35 34 100
34 35 97
68 34 94
34 68 89
40 35 100
35 40 100
59 35 100
35 59 95
34 36 97
36 34 99
78 36 96
36 78 95
94 37 85
37 94 89
6 38 95
38 6 98
13 38 91
38 13 93
51 38 100
38 51 94
91 38 97
38 91 100
21 39 98
39 21 92
34 39 91
39 34 100
43 39 100
39 43 100
49 39 100
39 49 92
88 39 99
39 88 96
9 40 88
40 9 95
17 41 94
41 17 95
75 41 95
41 75 98
83 41 100
41 83 97
0 42 95
42 0 100
49 42 97
42 49 100
88 42 95
42 88 93
18 43 100
43 18 99
79 43 92
43 79 96
87 43 100
43 87 95
93 43 100
43 93 94
78 44 95
44 78 93
27 45 97
45 27 100
66 45 91
45 66 100
71 45 100
45 71 94
29 46 85
46 29 98
40 47 100
47 40 100
52 47 95
47 52 100
74 47 96
47 74 100
69 48 100
48 69 87
73 48 92
48 73 100
74 48 100
48 74 100
17 50 99
50 17 100
40 50 95
50 40 87
46 50 94
50 46 87
75 50 100
50 75 100
78 50 96
50 78 95
14 51 100
51 14 100
18 51 99
51 18 100
43 51 96
51 43 95
93 51 100
51 93 100
95 51 100
51 95 100
63 52 91
52 63 98
19 53 98
53 19 100
66 53 97
53 66 100
80 53 100
53 80 100
69 54 95
54 69 95
76 54 84
54 76 85
2 55 97
55 2 91
22 55 98
55 22 100
37 55 91
55 37 92
56 55 100
55 56 97
1 56 92
56 1 94
69 56 91
56 69 100
15 57 100
57 15 98
22 57 96
57 22 100
22 58 97
58 22 95
29 58 100
58 29 97
56 58 91
58 56 91
71 58 95
58 71 100
75 58 100
58 75 98
99 58 88
58 99 94
93 59 85
59 93 92
2 60 93
60 2 97
4 60 93
60 4 83
23 60 95
60 23 87
41 60 97
60 41 97
56 60 84
60 56 100
72 60 98
60 72 97
76 60 100
60 76 91
83 60 95
60 83 98
96 60 90
60 96 96
97 60 97
60 97 89
3 61 96
61 3 96
74 61 100
61 74 91
3 62 99
62 3 94
30 62 97
62 30 100
72 62 96
62 72 98
94 62 100
62 94 99
47 63 98
63 47 100
91 63 96
63 91 98
57 64 92
64 57 100
6 65 91
65 6 92
19 65 100
65 19 97
46 65 96
65 46 96
89 65 95
65 89 100
7 66 94
66 7 98
15 66 95
66 15 100
58 66 97
66 58 99
70 66 92
66 70 94
8 67 100
67 8 97
13 67 100
67 13 93
0 68 96
68 0 96
47 68 88
68 47 95
57 68 95
68 57 94
62 68 95
68 62 96
78 68 100
68 78 92
3 70 96
70 3 97
46 70 93
70 46 95
50 70 99
70 50 93
51 70 95
70 51 89
61 70 98
70 61 100
78 70 100
70 78 98
33 71 96
71 33 97
35 71 97
71 35 99
50 71 94
71 50 84
61 71 95
71 61 90
75 71 100
71 75 100
22 72 97
72 22 97
23 72 86
72 23 88
29 72 91
72 29 89
67 72 100
72 67 100
97 72 91
72 97 84
13 73 89
73 13 95
40 73 83
73 40 97
27 74 93
74 27 100
67 74 100
74 67 93
97 74 93
74 97 84
3 76 98
76 3 87
9 76 98
76 9 93
63 76 87
76 63 95
5 77 97
77 5 97
14 77 100
77 14 93
21 77 91
77 21 93
78 77 100
77 78 93
98 77 90
77 98 97
85 78 100
78 85 85
4 79 95
79 4 100
35 79 96
79 35 96
41 79 99
79 41 92
70 80 92
80 70 86
90 81 100
81 90 97
94 81 100
81 94 97
24 82 94
82 24 89
80 82 94
82 80 92
2 83 95
83 2 95
79 83 100
83 79 100
88 83 100
83 88 95
37 84 86
84 37 91
72 84 86
84 72 92
83 84 98
84 83 90
3 85 100
85 3 83
17 85 90
85 17 93
24 85 91
85 24 95
67 85 100
85 67 95
7 86 88
86 7 90
54 86 100
86 54 100
53 87 87
87 53 100
89 87 100
87 89 100
15 88 98
88 15 100
43 88 100
88 43 92
46 88 89
88 46 90
11 89 100
89 11 100
26 89 88
89 26 92
98 89 96
89 98 100
10 90 96
90 10 95
11 90 100
90 11 100
5 91 76
91 5 92
43 91 92
91 43 89
57 91 86
91 57 89
72 91 92
91 72 87
2 92 87
92 2 89
37 93 100
93 37 89
65 93 97
93 65 100
68 93 80
93 68 85
77 93 94
93 77 89
97 93 85
93 97 96
0 94 97
94 0 92
32 94 94
94 32 87
33 94 100
94 33 95
49 94 90
94 49 95
87 94 86
94 87 98
99 94 94
94 99 90
93 95 99
95 93 92
11 96 96
96 11 98
63 97 91
97 63 82
70 97 86
97 70 85
77 97 94
97 77 85
19 98 93
98 19 100
37 98 88
98 37 97
47 98 95
98 47 97
50 98 89
98 50 91
3 99 97
99 3 99
38 99 100
99 38 95
43 99 88
99 43 95
98 99 89
99 98 95
