35 32 89
61 16 88
12 83 87
0 42 86
94 73 85
57 81 85
0 98 84
5 84 84
24 13 84
81 89 84
65 80 84
14 75 84
67 63 83
89 4 83
49 75 83
6 15 82
77 49 82
31 4 82
2 43 82
19 57 82
41 64 82
32 84 81
73 45 80
2 41 80
65 40 80
66 58 80
1 75 80
19 64 79
46 2 79
79 63 79
88 61 79
49 69 79
78 96 79
65 19 78
68 53 78
31 63 77
95 74 77
4 98 77
25 45 77
97 11 76
94 87 76
57 32 76
8 28 75
2 23 75
2 90 75
24 84 74
49 42 74
27 93 74
0 95 73
36 50 72
73 97 72
31 26 72
67 56 72
57 30 72
86 90 71
41 71 71
1 35 71
83 33 70
41 12 70
6 11 69
83 47 69
94 14 69
26 7 68
36 78 68
90 35 68
38 95 68
60 97 67
65 58 67
62 12 67
4 18 66
52 51 66
64 55 66
27 21 66
44 62 66
68 3 65
45 1 65
12 50 65
7 91 65
95 87 65
43 42 65
64 53 65
78 24 64
79 82 64
13 10 62
97 82 61
34 46 61
66 11 61
90 47 60
23 98 60
76 37 60
7 29 60
70 18 59
6 60 59
35 84 59
82 86 59
46 24 58
31 24 58
15 12 58
16 23 58
30 74 57
27 76 56
56 67 56
41 88 56
79 51 55
82 39 55
89 0 55
73 50 54
25 10 53
8 33 53
76 96 53
28 91 53
49 54 53
94 65 53
71 78 53
90 79 52
92 53 52
50 73 52
39 74 51
77 26 51
45 23 51
98 84 51
68 42 50
35 81 49
58 30 48
93 89 48
29 17 48
91 92 48
7 30 48
5 58 48
9 52 48
27 50 48
37 66 48
93 1 47
77 96 47
87 83 47
80 40 47
46 97 46
92 59 46
80 67 46
45 10 46
23 47 46
93 97 45
90 67 45
93 88 45
9 63 44
44 24 44
1 62 44
31 49 44
34 98 43
86 13 43
66 5 42
85 62 42
25 40 42
18 5 41
99 27 41
81 85 41
24 75 40
46 39 40
27 48 40
66 84 40
33 59 39
87 72 39
71 63 38
10 17 38
36 29 37
80 24 37
25 42 36
76 33 36
5 38 35
3 74 35
89 51 35
58 63 34
48 56 34
43 45 34
75 13 34
61 74 33
99 9 33
54 27 32
88 3 32
44 49 32
4 42 32
85 46 31
68 95 31
61 62 31
76 92 31
23 18 31
47 45 30
80 3 30
84 75 30
53 4 30
49 73 30
18 62 29
55 77 29
44 54 29
17 54 28
92 50 28
0 37 27
69 16 27
99 21 27
78 85 27
76 16 26
38 82 26
75 8 25
19 38 25
52 29 25
18 22 25
35 7 24
57 6 24
37 29 23
65 84 22
77 50 22
71 19 22
72 22 22
56 79 22
75 25 22
7 72 22
71 64 22
70 11 21
13 45 21
10 39 21
57 2 20
32 19 20
23 43 20
59 41 19
66 94 19
98 33 19
13 21 19
39 53 19
88 76 19
65 18 19
35 53 19
52 19 19
89 83 18
55 61 18
16 49 18
22 65 18
6 68 18
84 34 18
49 24 18
41 6 18
76 75 18
33 68 18
61 4 17
25 8 17
53 14 16
31 99 16
33 80 16
96 51 15
65 89 15
31 66 15
67 6 15
86 79 15
97 43 15
47 31 14
66 36 12
72 21 12
32 79 12
63 67 12
33 63 12
70 65 12
74 99 11
21 79 11
28 90 10
95 46 10
51 58 10
43 81 9
73 51 8
58 99 8
79 73 8
4 14 8
62 13 7
92 15 7
0 28 7
12 92 7
83 16 6
57 27 6
46 9 6
0 90 5
49 2 5
56 52 5
32 68 5
46 50 5
85 29 5
98 45 4
79 77 4
80 28 4
97 33 4
96 57 4
57 4 4
0 9 3
34 78 3
78 27 3
85 80 3
59 65 3
92 2 2
72 45 2
47 83 2
53 23 2
85 95 2
45 84 1
